1            0.00000000       0.00000000       0.00000000       0.00000000
2            0.00152320       0.00050214       0.00031560       0.00070545
3            0.00908376       0.00266269       0.00317482       0.00324625
4            0.02304707       0.00651190       0.00840933       0.00812584
5            0.04539151       0.01082390       0.01647981       0.01808780
6            0.06871582       0.01639784       0.02116637       0.03115161
7            0.07650291       0.02286583       0.01762903       0.03600804
8            0.07742674       0.03245340       0.01050927       0.03446407
9            0.09283705       0.04941087       0.00795998       0.03546620
10           0.13247873       0.07834879       0.01060495       0.04352499
11           0.19012978       0.11802895       0.01667171       0.05542912
12           0.24474031       0.15081016       0.02644735       0.06748280
13           0.28252897       0.16133287       0.04659696       0.07459914
14           0.30456455       0.15871214       0.07455311       0.07129930
15           0.32312831       0.15354352       0.10132217       0.06826262
16           0.35600979       0.15334753       0.12162302       0.08103924
17           0.40502053       0.14748849       0.14868529       0.10884676
18           0.45894728       0.13821245       0.19420779       0.12652704
19           0.48592444       0.13269577       0.24067505       0.11255363
20           0.50736328       0.14544507       0.27213040       0.08978782
21           0.56950611       0.17747185       0.30707818       0.08495608
22           0.67340777       0.20765225       0.35985777       0.10589776
23           0.76957449       0.21974933       0.39684780       0.15297737
24           0.85367274       0.22613927       0.40913714       0.21839633
25           0.95461917       0.25248937       0.41403057       0.28809924
26           1.02430520       0.28756327       0.42825185       0.30849009
27           1.03680585       0.31304899       0.45507272       0.26868414
28           1.04324325       0.32935425       0.49792885       0.21596014
29           1.07342863       0.33842725       0.53580529       0.19919610
30           1.09277391       0.33139847       0.54170862       0.21966682
31           1.09077856       0.31485831       0.52017919       0.25574106
32           1.12364534       0.32082459       0.51094301       0.29187773
33           1.20799539       0.34630937       0.53929288       0.32239314
34           1.25501075       0.35266512       0.56527444       0.33707120
35           1.20972418       0.33855539       0.53418449       0.33698429
36           1.15731572       0.34701478       0.46659021       0.34371073
37           1.21357270       0.41640344       0.41172236       0.38544690
38           1.35552668       0.50039948       0.41187083       0.44325638
39           1.46573573       0.54826632       0.43332450       0.48414490
40           1.49990436       0.50979367       0.45685073       0.53325995
41           1.44010865       0.42119452       0.45329069       0.56562344
42           1.37100175       0.34485872       0.46733661       0.55880642
43           1.35749012       0.30683932       0.54209460       0.50855619
44           1.34057058       0.30391252       0.63134079       0.40531728
45           1.26011177       0.31509648       0.64054522       0.30447007
46           1.15083225       0.30637400       0.58814829       0.25630996
47           1.01409686       0.24053109       0.52252519       0.25104058
48           0.87898327       0.17005520       0.45437204       0.25455603
49           0.76500396       0.11470645       0.38718217       0.26311534
50           0.69018271       0.07835797       0.32303561       0.28878913
51           0.65981250       0.06093613       0.27330731       0.32556906
52           0.64023748       0.05448310       0.26820062       0.31755376
53           0.60875322       0.04727509       0.29589726       0.26558087
54           0.57797775       0.03719067       0.30674622       0.23404085
55           0.53679075       0.02391450       0.25658903       0.25628721
56           0.54542392       0.01309596       0.18546313       0.34686482
57           0.62592651       0.00637977       0.13422742       0.48531931
58           0.71611875       0.00312438       0.12738784       0.58560654
59           0.73956262       0.00213054       0.15110574       0.58632634
60           0.75432774       0.00241414       0.19312906       0.55878454
61           0.80241919       0.00244602       0.22621360       0.57375957
62           0.84650126       0.00207006       0.23076542       0.61366578
63           0.91756020       0.00308376       0.21791222       0.69656422
64           1.04487184       0.00486834       0.21185702       0.82814648
65           1.18594406       0.00453302       0.21211129       0.96929975
66           1.31354497       0.00344665       0.23630820       1.07379013
67           1.41868888       0.00400737       0.27317386       1.14150764
68           1.56093689       0.00735165       0.33751662       1.21606861
69           1.81655911       0.01478524       0.43615660       1.36561727
70           2.13473829       0.02075371       0.54995991       1.56402467
71           2.38061730       0.01910349       0.63237768       1.72913613
72           2.54603064       0.01394241       0.68404116       1.84804707
73           2.68802846       0.01230259       0.72711399       1.94861188
74           2.80444615       0.01770918       0.79281257       1.99392440
75           3.01439878       0.04138020       0.92378587       2.04923270
76           3.47410426       0.09047431       1.16020309       2.22342687
77           4.10603765       0.15623878       1.45916888       2.49062999
78           4.72275946       0.22340329       1.71593649       2.78341968
79           5.12861273       0.24508968       1.85514901       3.02837404
80           5.22586478       0.20948987       1.81391310       3.20246182
81           5.18269830       0.16538151       1.69652943       3.32078735
82           5.26162707       0.15466115       1.68969350       3.41727242
83           5.58915814       0.20494779       1.82374156       3.56046878
84           6.11508952       0.29228256       1.99721584       3.82559113
85           6.52034164       0.38743130       2.04271457       4.09019576
86           6.58627669       0.46444615       1.90950801       4.21232253
87           6.38221902       0.50629289       1.71781821       4.15810793
88           6.23352168       0.52144599       1.64347700       4.06859870
89           6.46687556       0.55855150       1.79395020       4.11437386
90           6.96184991       0.60913542       1.99637460       4.35633989
91           7.19687906       0.64610888       2.01554826       4.53522193
92           7.20416800       0.64811824       1.89459060       4.66145916
93           7.19246874       0.64173666       1.70514884       4.84558323
94           7.15335167       0.62806505       1.53114201       4.99414461
95           6.98473808       0.59551313       1.43679064       4.95243431
96           6.80387047       0.59243056       1.48691673       4.72452318
97           6.81901418       0.62787911       1.67123713       4.51989794
98           6.91587929       0.67484005       1.88105962       4.35997961
99           6.82269727       0.68225573       1.92856035       4.21188119
100          6.56704806       0.64720366       1.80200527       4.11783913
101          6.40570697       0.59152748       1.66051542       4.15366407
102          6.43796256       0.57200643       1.56748234       4.29847379
103          6.55613540       0.58936842       1.48783812       4.47892886
104          6.70600896       0.63602506       1.45070009       4.61928382
105          6.86617148       0.70489720       1.45907295       4.70220134
106          6.89607448       0.76131394       1.39354441       4.74121612
107          6.81804763       0.78526891       1.27031156       4.76246716
108          6.71531167       0.79526333       1.16323160       4.75681675
109          6.59466089       0.79709902       1.11331396       4.68424791
110          6.47849946       0.81602124       1.08463999       4.57783822
111          6.45535519       0.81327931       1.10837662       4.53369926
112          6.46030860       0.76523443       1.21333360       4.48174057
113          6.49051234       0.68319968       1.36624887       4.44106378
114          6.59917931       0.58535582       1.46294492       4.55087857
115          6.71218551       0.50785681       1.40534443       4.79898427
116          6.81683806       0.47134978       1.28652395       5.05896434
117          7.01924379       0.48899235       1.26512593       5.26512551
118          7.30310772       0.56160232       1.36403678       5.37746862
119          7.63653026       0.69098823       1.52558828       5.41995374
120          7.89370785       0.83388937       1.65012797       5.40969052
121          7.94435461       0.89510744       1.68315576       5.36609140
122          7.70041027       0.83000356       1.58864380       5.28176291
123          7.35880969       0.73996677       1.43294130       5.18590163
124          7.22770597       0.71413619       1.30620000       5.20736978
125          7.50265922       0.76355148       1.25851767       5.48059006
126          7.95545399       0.83812099       1.25791018       5.85942282
127          8.29502374       0.87989880       1.21787039       6.19725456
128          8.43128099       0.90616056       1.08252854       6.44259189
129          8.50324325       0.90425016       0.93375469       6.66523840
130          8.68747041       0.83021322       0.86831619       6.98894100
131          9.03343132       0.68849658       0.89441762       7.45051712
132          9.34861854       0.56101231       0.91715545       7.87045078
133          9.56337750       0.49934549       0.90220782       8.16182419
134          9.79088983       0.50458628       0.85149835       8.43480520
135         10.00087824       0.55647129       0.82731235       8.61709461
136         10.11210541       0.61222357       0.85488546       8.64499638
137         10.23525570       0.65090021       0.93506465       8.64929084
138         10.49529406       0.69140795       1.03481300       8.76907311
139         10.72104606       0.70654047       1.06217637       8.95232921
140         10.60043656       0.63603595       0.97946642       8.98493419
141         10.43991149       0.54677329       0.85025017       9.04288803
142         10.58577088       0.47822836       0.75610873       9.35143378
143         11.01811879       0.42386431       0.74567468       9.84857980
144         11.56145920       0.38205735       0.83468751      10.34471434
145         12.09257529       0.35938084       0.99441492      10.73877953
146         12.62322301       0.36997669       1.14273622      11.11051010
147         12.93161115       0.39310875       1.16055254      11.37794987
148         12.89962248       0.41059756       1.08673645      11.40228847
149         12.66684335       0.43101143       1.03969391      11.19613800
150         12.43991953       0.45586239       1.06730202      10.91675513
151         12.36833855       0.46061671       1.14697835      10.76074349
152         12.47256920       0.43361823       1.22191785      10.81703312
153         12.71893016       0.38584767       1.23005053      11.10303196
154         12.87462989       0.34544328       1.13976720      11.38941941
155         12.80136872       0.31743921       0.99693455      11.48699496
156         12.65044341       0.30334385       0.87302749      11.47407207
157         12.71100463       0.30555845       0.84503886      11.56040732
158         12.96738748       0.31206757       0.90148420      11.75383571
159         13.19883230       0.30129234       1.00584339      11.89169657
160         13.40360237       0.28848714       1.13575575      11.97935948
161         13.60286012       0.28325548       1.23232585      12.08727879
162         13.69298260       0.29547443       1.28102081      12.11648735
163         13.51178926       0.32390406       1.30006311      11.88782209
164         13.18965084       0.37924616       1.32781214      11.48259254
165         12.95246107       0.41869482       1.34714457      11.18662168
166         12.95138395       0.43200291       1.32464661      11.19473444
167         13.23172233       0.41454782       1.27666644      11.54050807
168         13.57613671       0.37922235       1.26455274      11.93236162
169         13.71314809       0.35410904       1.33187209      12.02716695
170         13.55326748       0.38330166       1.45823441      11.71173141
171         13.29305539       0.45977667       1.54261512      11.29066360
172         13.19287649       0.54140111       1.52412904      11.12734635
173         13.36124769       0.60645602       1.46781078      11.28698090
174         13.63488574       0.66780540       1.41093861      11.55614173
175         13.78429354       0.71315672       1.37062739      11.70050942
176         13.83882162       0.74598339       1.38065440      11.71218383
177         14.02005953       0.78295844       1.51192791      11.72517317
178         14.22721209       0.82871171       1.70501855      11.69348183
179         14.27258535       0.86463224       1.86846654      11.53948657
180         14.25034086       0.85608466       1.98070633      11.41354987
181         14.37314880       0.79071016       2.09170504      11.49073360
182         14.56632420       0.68800640       2.18765750      11.69066030
183         14.70748895       0.59630345       2.22040033      11.89078517
184         14.91148511       0.54691162       2.19670287      12.16787062
185         15.39256609       0.54543077       2.24796571      12.59916961
186         16.06601660       0.54597017       2.40794969      13.11209674
187         16.71610011       0.51119843       2.60775444      13.59714723
188         17.20058730       0.45167067       2.74371290      14.00520373
189         17.47531827       0.38268963       2.76472805      14.32790059
190         17.60135292       0.32312425       2.74234163      14.53588704
191         17.84023376       0.31129078       2.81419497      14.71474801
192         18.12257098       0.35098218       2.93511170      14.83647710
193         18.31452032       0.40471504       3.07301349      14.83679179
194         18.38331547       0.41531173       3.25316674      14.71483700
195         18.48460843       0.38086981       3.47679686      14.62694176
196         18.63608966       0.34584276       3.68461907      14.60562784
197         18.72380897       0.33868565       3.79510522      14.59001810
198         18.87615956       0.37593041       3.85058911      14.64964005
199         19.30085026       0.45282186       4.02169109      14.82633731
200         19.83741415       0.52624166       4.28417454      15.02699795
201         20.10044888       0.56661475       4.37605306      15.15778107
202         20.10007405       0.57745075       4.22526208      15.29736122
203         19.92233313       0.58626219       3.97338374      15.36268720
204         19.65738517       0.61638752       3.79917457      15.24182308
205         19.44924341       0.66198857       3.71790677      15.06934807
206         19.57916902       0.72484688       3.68144430      15.17287783
207         20.08515781       0.82037739       3.71268896      15.55209146
208         20.60506285       0.93171689       3.73936404      15.93398192
209         20.85951171       1.03605103       3.71069453      16.11276615
210         20.91988145       1.12977348       3.64335748      16.14675048
211         20.94602695       1.18565373       3.57049077      16.18988245
212         21.06963662       1.21987156       3.48346251      16.36630254
213         21.27280418       1.28735351       3.35677714      16.62867353
214         21.42862555       1.33343202       3.21401384      16.88117969
215         21.48836192       1.40504649       3.07970072      17.00361471
216         21.50841898       1.51083091       2.99175696      17.00583110
217         21.29732543       1.60202798       2.89673582      16.79856163
218         20.93329091       1.65842428       2.77262938      16.50223725
219         20.76271106       1.68826630       2.61905213      16.45539264
220         20.91971005       1.76559612       2.47034956      16.68376437
221         21.16792997       1.95750029       2.40287434      16.80755534
222         21.38554828       2.27117821       2.46493441      16.64943566
223         21.79694370       2.66441161       2.56463733      16.56789476
224         22.61482626       3.02447904       2.55788105      17.03246618
225         23.50014186       3.21958957       2.49684861      17.78370368
226         24.01626463       3.31075791       2.48522623      18.22028049
227         24.10704092       3.41306252       2.52427804      18.16970036
228         24.29048952       3.70727522       2.53674795      18.04646635
229         24.67050903       4.12776413       2.51708728      18.02565762
230         24.89698179       4.43164932       2.58033086      17.88500160
231         24.39478886       4.40330354       2.75443749      17.23704782
232         23.48830493       4.12217275       2.98151154      16.38462064
233         22.80715991       3.73014272       3.09691452      15.98010267
234         22.60741981       3.44291250       3.05059850      16.11390882
235         22.81963304       3.39399033       2.94805981      16.47758290
236         23.17531518       3.52673034       2.96144064      16.68714420
237         23.07831885       3.61955233       3.04080070      16.41796581
238         22.57372944       3.58389788       3.03691678      15.95291477
239         22.14644267       3.40247113       2.86558030      15.87839124
240         22.09982077       3.22595901       2.63249444      16.24136732
241         21.89975905       3.10530560       2.47045361      16.32399985
242         21.17224347       3.04050856       2.32913730      15.80259762
243         20.37620512       3.01187743       2.12209015      15.24223754
244         20.15325026       2.99421370       1.91615725      15.24287931
245         20.54546574       3.00512428       1.84477127      15.69557019
246         21.03920651       3.06879515       1.94321902      16.02719234
247         20.98530882       3.12706434       2.16905406      15.68919042
248         20.72426813       3.14768983       2.42282947      15.15374882
249         20.91745299       3.06401698       2.64143103      15.21200498
250         21.42621870       2.90126816       2.68712614      15.83782441
251         21.48084817       2.75372498       2.59453138      16.13259180
252         21.04420775       2.67602315       2.55120047      15.81698413
253         20.60424830       2.60313020       2.71881703      15.28230108
254         20.15552086       2.48503381       2.93486483      14.73562222
255         20.05838756       2.41713833       3.02426391      14.61698532
256         20.40778860       2.45091571       3.04671631      14.91015658
257         20.45347423       2.50183892       2.90182803      15.04980728
258         19.79071805       2.49169186       2.60913319      14.68989299
259         18.99596906       2.41261032       2.33444678      14.24891196
260         18.48789081       2.31053455       2.12894801      14.04840826
261         18.33534996       2.21319077       2.02897729      14.09318189
262         18.32720518       2.13205563       2.02361800      14.17153155
263         18.44220250       2.19228240       2.10643569      14.14348441
264         18.76684262       2.40049112       2.14307509      14.22327641
265         19.02105731       2.59053850       2.00845828      14.42206053
266         19.16776169       2.67053659       1.77280983      14.72441527
267         19.19497031       2.60630473       1.60657430      14.98209128
268         19.01419966       2.43781545       1.47716344      15.09922077
269         18.71372004       2.37972247       1.35102988      14.98296769
270         18.78142480       2.55030255       1.26053635      14.97058591
271         19.14783572       2.79404233       1.30760872      15.04618468
272         19.39726044       2.94212737       1.41233328      15.04279979
273         19.31440011       2.96092436       1.47037453      14.88310122
274         18.94118460       2.86109015       1.48677153      14.59332293
275         18.26853429       2.65021655       1.51491177      14.10340598
276         17.59304217       2.42801451       1.53906538      13.62596228
277         17.14277701       2.26180036       1.52140581      13.35957084
278         16.96445985       2.12793662       1.48795883      13.34856439
279         16.93817474       1.97498260       1.51481239      13.44837975
280         16.83993801       1.83878791       1.54783597      13.45331413
281         16.65002266       1.77163415       1.52871107      13.34967744
282         16.48072449       1.77183176       1.42695032      13.28194240
283         16.47622968       1.78370873       1.30191023      13.39061071
284         16.52344227       1.81942082       1.18719170      13.51682975
285         16.53220067       1.90540704       1.12724471      13.49954892
286         16.38120168       1.98432798       1.08882845      13.30804525
287         16.12308487       1.98898981       0.99833038      13.13576469
288         15.69642860       1.91692529       0.88257256      12.89693076
289         15.26701606       1.88129279       0.81931857      12.56640470
290         14.92305392       1.91263700       0.80171629      12.20870064
291         14.75454361       1.94440870       0.78271653      12.02741838
292         14.62142391       1.95409578       0.71360481      11.95372332
293         14.40848441       1.95769535       0.62880618      11.82198288
294         14.20811676       2.01879452       0.57910170      11.61022054
295         14.21731666       2.16608138       0.57004510      11.48119018
296         14.43501043       2.30714813       0.62801891      11.49984339
297         14.86307355       2.42582868       0.67495009      11.76229478
298         15.48991358       2.49866693       0.64567385      12.34557280
299         15.80291206       2.39951321       0.62218976      12.78120909
300         15.40803983       2.11134018       0.60702771      12.68967194
301         14.48260153       1.85836386       0.55607853      12.06815914
302         13.43368434       1.78585813       0.49291905      11.15490716
303         12.60650517       1.90523430       0.45770614      10.24356473
304         12.32078654       2.09590875       0.40729424       9.81758355
305         12.49368485       2.17474850       0.27659845      10.04233790
306         12.66813241       2.05208129       0.13336271      10.48268840
307         12.76448656       1.81148501       0.05773432      10.89526724
308         12.94660471       1.58895718       0.03929405      11.31835348
309         13.17306654       1.51811565       0.04435124      11.61059965
310         13.24779030       1.59655188       0.04332135      11.60791706
311         12.91914755       1.65376341       0.02876588      11.23661826
312         12.23939346       1.59897914       0.01554596      10.62486836
313         11.50020713       1.50800242       0.00450876       9.98769595
314         10.99908659       1.37910163       0.00067712       9.61930783
315         10.86658093       1.18912604       0.01690944       9.66054545
316         11.05504375       0.98353766       0.04034575      10.03116034
317         11.15147762       0.81060407       0.04652348      10.29435007
318         10.77101967       0.71862474       0.03093623      10.02145870
319         10.12913789       0.70660599       0.01783468       9.40469722
320          9.58339021       0.69403017       0.01077477       8.87858527
321          9.15429297       0.58290043       0.00768005       8.56371249
322          8.79246622       0.42072273       0.00777305       8.36397044
323          8.49072361       0.28613549       0.01240088       8.19218724
324          8.27100569       0.20760507       0.02325786       8.04014276
325          8.06754492       0.17115241       0.03074075       7.86565176
326          7.94359768       0.18183142       0.02766293       7.73410333
327          7.99320554       0.23402723       0.02707741       7.73210090
328          8.07061626       0.28813714       0.03314202       7.74933711
329          7.94191881       0.31294641       0.04735251       7.58161989
330          7.72003858       0.32603601       0.06868803       7.32531455
331          7.66146355       0.34769623       0.10588385       7.20788348
332          7.81707503       0.38670491       0.14065712       7.28971299
333          8.00660243       0.39203912       0.15405488       7.46050843
334          7.91666131       0.34547525       0.16146152       7.40972454
335          7.63272493       0.28770095       0.17805757       7.16696641
336          7.38993107       0.24216022       0.18324069       6.96453017
337          7.24899333       0.20746815       0.16539436       6.87613082
338          7.24170865       0.18788359       0.13308136       6.92074370
339          7.24992753       0.16904924       0.10270383       6.97817445
340          7.18894315       0.17814931       0.07227320       6.93852064
341          7.02805567       0.21125689       0.04721137       6.76958741
342          6.90822495       0.24132588       0.03961687       6.62728220
343          6.94814330       0.24825832       0.05584811       6.64403686
344          7.01586414       0.24912681       0.08669446       6.68004287
345          7.02078398       0.24810268       0.11644842       6.65623287
346          6.99821046       0.24404336       0.14991709       6.60425001
347          6.97316587       0.22274549       0.21474629       6.53567410
348          6.86273652       0.20276740       0.29866656       6.36130257
349          6.62968835       0.18425598       0.37412144       6.07131093
350          6.35352619       0.15481069       0.40469033       5.79402517
351          6.20829707       0.12201542       0.41689469       5.66938696
352          6.18116280       0.09859041       0.42092006       5.66165234
353          6.17142306       0.08903524       0.40992932       5.67245850
354          6.10723961       0.08048025       0.39310084       5.63365852
355          5.89988901       0.05641938       0.37202884       5.47144078
356          5.51022109       0.01928178       0.33708146       5.15385785
357          5.10649615       0.00096722       0.31470034       4.79082859
358          4.89417765       0.00067423       0.32037562       4.57312780
359          4.94469078       0.00027257       0.35793840       4.58647981
360          5.08644657       0.00007342       0.39777154       4.68860161
361          5.14771823       0.00001787       0.42075018       4.72695018
362          5.08750422       0.00036379       0.42663387       4.66050656
363          4.94022735       0.00047775       0.42811124       4.51163836
364          4.81178726       0.00009754       0.39950230       4.41218742
365          4.73489459       0.00005897       0.35729171       4.37754392
366          4.77135790       0.00110945       0.33432604       4.43592241
367          4.99962002       0.00677306       0.37051078       4.62233617
368          5.20499350       0.01677159       0.43013538       4.75808653
369          5.20793821       0.02179585       0.46822973       4.71791263
370          5.08751214       0.01995934       0.48712082       4.58043198
371          4.97336572       0.01414672       0.50116487       4.45805413
372          4.87422707       0.01320335       0.51996022       4.34106351
373          4.74442819       0.01530042       0.54863606       4.18049172
374          4.51799594       0.01028568       0.55828510       3.94942516
375          4.22959002       0.00308081       0.56656835       3.65994086
376          3.97588137       0.00255924       0.59907970       3.37424243
377          3.90743049       0.00747987       0.68783905       3.21211156
378          4.05471730       0.01151736       0.80926246       3.23393749
379          4.35550558       0.00431486       0.96470537       3.38648536
380          4.64031386       0.00007226       1.15866809       3.48157352
381          4.68411564       0.00182504       1.34582373       3.33646687
382          4.48718194       0.00004100       1.45823096       3.02890998
383          4.28382772       0.00153953       1.51877141       2.76351677
384          4.25578081       0.00063531       1.58712998       2.66801552
385          4.40050329       0.00261744       1.71196295       2.68592290
386          4.59932668       0.01479365       1.84633619       2.73819683
387          4.76156400       0.02200889       1.93285429       2.80670082
388          4.89901229       0.01632713       1.98771083       2.89497433
389          5.04948407       0.00484640       2.11633911       2.92829856
390          5.29746879       0.00005699       2.35384546       2.94356634
391          5.58796355       0.00093845       2.55532470       3.03170041
392          5.70221457       0.00159833       2.50012254       3.20049370
393          5.60479777       0.00186662       2.25150688       3.35142427
394          5.46539396       0.00429613       2.07433732       3.38676051
395          5.33563429       0.01370214       2.00190817       3.32002399
396          5.19378535       0.03961928       1.89981278       3.25435329
397          5.16844206       0.07771168       1.79493467       3.29579571
398          5.32361089       0.11318771       1.78148463       3.42893855
399          5.45654991       0.13327224       1.83827393       3.48500373
400          5.42860356       0.15214476       1.87996487       3.39649393
401          5.39924642       0.17173080       1.89716776       3.33034786
402          5.44213617       0.18084255       1.92225963       3.33903399
403          5.50143668       0.17565285       1.94320767       3.38257616
404          5.56024553       0.18728131       1.96475997       3.40820425
405          5.65940896       0.22389582       1.95607653       3.47943661
406          5.89414009       0.27880294       1.90311127       3.71222587
407          6.26815947       0.32176118       1.82536069       4.12103759
408          6.52501475       0.34647812       1.77993205       4.39860458
409          6.49929496       0.35528978       1.80941822       4.33458696
410          6.39926658       0.35710061       1.89165356       4.15051241
411          6.52512283       0.35012005       2.04407291       4.13092987
412          6.82730752       0.35577954       2.21390021       4.25762777
413          7.06580573       0.38344722       2.30343281       4.37892571
414          7.17368131       0.43147564       2.23992222       4.50228345
415          7.24832585       0.48487557       2.01802773       4.74542255
416          7.40795946       0.53691610       1.83468696       5.03635639
417          7.65895209       0.58674368       1.89340916       5.17879925
418          7.85608518       0.61202446       2.15924665       5.08481407
419          7.94113307       0.59466157       2.42517737       4.92129412
420          7.93414873       0.60561577       2.55586311       4.77266984
421          7.95202421       0.69223846       2.54611992       4.71366583
422          7.94475420       0.86227112       2.37261078       4.70987230
423          7.83944121       1.02469112       2.08190572       4.73284437
424          7.71663046       1.12480103       1.88277866       4.70905077
425          7.66168427       1.16445301       1.92692680       4.57030445
426          7.75941338       1.20858918       2.14046190       4.41036230
427          7.90565139       1.24792168       2.34365328       4.31407643
428          7.97599813       1.24383253       2.47416113       4.25800448
429          7.89732706       1.17175886       2.50504989       4.22051831
430          7.71221853       1.07057860       2.48447469       4.15716524
431          7.57771087       1.02966260       2.45606469       4.09198358
432          7.68413609       1.15472632       2.41713146       4.11227831
433          7.97696876       1.43408586       2.33786660       4.20501630
434          8.26616434       1.69559728       2.28657164       4.28399542
435          8.45705649       1.77431213       2.29679311       4.38595125
436          8.66460635       1.76473139       2.38940356       4.51047139
437          8.91562972       1.80701048       2.51862528       4.58999396
438          9.13899563       1.86593895       2.65604236       4.61701431
439          9.12398162       1.82759884       2.65792808       4.63845470
440          8.85524475       1.69499907       2.47296474       4.68728094
441          8.66455172       1.59402104       2.22311705       4.84741362
442          8.98197241       1.60279041       2.16922497       5.20995703
443          9.63486529       1.65164478       2.37527568       5.60794483
444         10.13152050       1.69014792       2.65657147       5.78480112
445         10.22686146       1.70642173       2.80022787       5.72021186
446          9.98166438       1.67719183       2.78405009       5.52042247
447          9.67351946       1.65777761       2.65092036       5.36482149
448          9.55209768       1.71989103       2.45997263       5.37223402
449          9.68400660       1.88731482       2.27116579       5.52552599
450          9.85598691       1.97740058       2.19998636       5.67859997
451          9.87350123       1.81644898       2.33197785       5.72507440
452          9.86927984       1.56490470       2.60136170       5.70301344
453          9.97617350       1.41983821       2.83903992       5.71729537
454          9.99770363       1.41896792       2.84060373       5.73813198
455          9.82361417       1.42554765       2.72322951       5.67483701
456          9.57140892       1.36708315       2.71188450       5.49244127
457          9.33898367       1.26976579       2.84619287       5.22302500
458          9.19475090       1.17465758       3.04228080       4.97781252
459          9.16060181       1.04231959       3.19113800       4.92714423
460          9.22588257       0.87096055       3.20309954       5.15182249
461          9.33136049       0.69664850       3.07420550       5.56050648
462          9.28641535       0.56398295       2.91551667       5.80691574
463          8.92361157       0.46409598       2.83222555       5.62729005
464          8.52571015       0.39482372       2.87429497       5.25659146
465          8.28758353       0.31155370       2.98674976       4.98928006
466          8.22078032       0.23668585       3.06703551       4.91705896
467          8.29339964       0.18699315       3.10717189       4.99923459
468          8.31665421       0.14739656       3.06223999       5.10701766
469          8.22624791       0.11114622       2.96308442       5.15201728
470          7.98429362       0.09685525       2.83449199       5.05294638
471          7.84765412       0.10736210       2.83117150       4.90912052
472          7.92337867       0.13121125       3.01302823       4.77913919
473          8.09994690       0.14625108       3.26763565       4.68606017
474          8.27967889       0.13600216       3.51295281       4.63072392
475          8.47985195       0.11252106       3.78378748       4.58354341
476          8.51950448       0.10357508       3.99552213       4.42040726
477          8.32256599       0.09984656       4.02933776       4.19338167
478          7.99676215       0.09377386       3.90493493       3.99805336
479          7.94059549       0.08380104       3.86309205       3.99370240
480          8.22428758       0.07849961       4.03283013       4.11295784
481          8.62603512       0.08047056       4.33213642       4.21342814
482          8.79048950       0.08553024       4.51614866       4.18881061
483          8.80683545       0.10268756       4.54919339       4.15495450
484          8.87443795       0.12785131       4.62123425       4.12535238
485          8.93069188       0.14411205       4.78501192       4.00156791
486          8.76639239       0.13659578       4.95573786       3.67405876
487          8.54646133       0.09720812       5.07307642       3.37617679
488          8.50025156       0.06135681       5.20080189       3.23809286
489          8.69784703       0.06275866       5.46896334       3.16612503
490          8.88276103       0.10450226       5.76217105       3.01608771
491          8.78019567       0.16829516       5.77722157       2.83467894
492          8.36947346       0.21852376       5.48980818       2.66114152
493          7.83583995       0.21073632       5.11059847       2.51450516
494          7.37930766       0.16475220       4.79047642       2.42407904
495          7.12015755       0.10847640       4.57442523       2.43725592
496          6.84124771       0.05781133       4.31616722       2.46726917
497          6.44510820       0.03259318       3.95203558       2.46047945
498          6.09120999       0.04332375       3.65358051       2.39430573
499          5.92317898       0.08522172       3.50952782       2.32842944
500          5.91281493       0.15113171       3.55100169       2.21068153
501          5.99187269       0.21519833       3.65322163       2.12345274
502          5.95907534       0.25931819       3.60933545       2.09042170
503          5.85813720       0.30692983       3.47579663       2.07541073
504          5.81565927       0.39340919       3.50186886       1.92038122
505          5.84346676       0.47106778       3.66402102       1.70837795
506          5.88639554       0.51893785       3.74961847       1.61783922
507          5.86699329       0.54638885       3.64328171       1.67732273
508          5.74419473       0.56118119       3.46792214       1.71509140
509          5.55379125       0.55494830       3.37363789       1.62520507
510          5.43326482       0.57987751       3.42827588       1.42511143
511          5.44897041       0.62982834       3.59618216       1.22295991
512          5.50635100       0.68060190       3.75792915       1.06781995
513          5.52328065       0.75368800       3.74511837       1.02447428
514          5.63157699       0.83877684       3.63412346       1.15867668
515          5.89990083       0.91997762       3.58040271       1.39952049
516          6.18647418       1.01644201       3.58403491       1.58599726
517          6.37320042       1.16865838       3.53661566       1.66792638
518          6.42232768       1.34724664       3.34875953       1.72632152
519          6.29009946       1.44008311       3.07195683       1.77805951
520          6.09940586       1.42037234       2.82982268       1.84921084
521          6.02246747       1.36551817       2.68613862       1.97081069
522          6.02392496       1.32567056       2.62746568       2.07078872
523          5.96196163       1.26720977       2.64676785       2.04798401
524          5.78726104       1.17809989       2.69564509       1.91351607
525          5.57940260       1.08972003       2.67720205       1.81248053
526          5.37641999       1.09090693       2.51168036       1.77383271
527          5.31438158       1.20758877       2.32209584       1.78469697
528          5.51169432       1.41932967       2.25787798       1.83448667
529          5.81865629       1.59156946       2.28506169       1.94202514
530          5.99029005       1.62375894       2.31921381       2.04731730
531          5.96255257       1.55638841       2.33462708       2.07153708
532          5.80235301       1.53874114       2.30921361       1.95439827
533          5.69423755       1.63093276       2.26364717       1.79965761
534          5.69699315       1.75505251       2.26384683       1.67809380
535          5.74050524       1.78851626       2.31461308       1.63737590
536          5.77284014       1.75224266       2.36238019       1.65821729
537          5.73646713       1.76173599       2.30443612       1.67029502
538          5.64508390       1.86009893       2.13549709       1.64948788
539          5.63556590       1.97617807       2.01727757       1.64211026
540          5.72350851       2.03246632       2.09865149       1.59239070
541          5.82180269       2.03917515       2.28891682       1.49371073
542          5.86960165       2.05602897       2.43783815       1.37573452
543          5.92569909       2.14901102       2.47862377       1.29806430
544          5.95043839       2.35438364       2.36660306       1.22945170
545          5.96913199       2.67881773       2.19089994       1.09941432
546          5.99431098       3.00162656       2.03756257       0.95512186
547          6.14610868       3.23896962       2.00375932       0.90337974
548          6.36617101       3.35484761       2.05848512       0.95283827
549          6.51685398       3.40766871       2.08320019       1.02598509
550          6.54040725       3.45976063       2.04937196       1.03127466
551          6.52859596       3.52028205       1.99343185       1.01488206
552          6.52074816       3.56179081       1.95713080       1.00182655
553          6.40437172       3.48249503       1.91925519       1.00262150
554          6.21941173       3.34263156       1.84493059       1.03184958
555          6.09660076       3.26811314       1.73695672       1.09153090
556          6.12427348       3.33305806       1.68912636       1.10208907
557          6.14525665       3.44051552       1.66375734       1.04098379
558          6.09722597       3.46326484       1.65108466       0.98287648
559          5.95983124       3.37063933       1.61888679       0.97030512
560          5.79693620       3.24510778       1.56504068       0.98678773
561          5.71586327       3.12878978       1.54927971       1.03779378
562          5.74959864       2.98170276       1.60301954       1.16487634
563          5.82417854       2.77628892       1.66374989       1.38413973
564          5.93949036       2.69487486       1.63425154       1.61036397
565          6.07144110       2.79017295       1.47557315       1.80569500
566          6.22159784       2.98425611       1.26445792       1.97288380
567          6.38115499       3.07686099       1.10267792       2.20161609
568          6.45867140       2.97876036       1.01319478       2.46671626
569          6.37459945       2.72277731       0.95489564       2.69692650
570          6.23875882       2.44321127       0.91963669       2.87591085
571          6.21050185       2.21669374       0.91525019       3.07855792
572          6.33801550       2.13764257       0.92683480       3.27353812
573          6.47267516       2.16872674       0.87972308       3.42422534
574          6.44158613       2.20177758       0.77603252       3.46377603
575          6.38935651       2.18618492       0.66338153       3.53979006
576          6.55613399       2.17090423       0.56246390       3.82276586
577          7.00439440       2.12896003       0.46274508       4.41268929
578          7.40282108       2.04977428       0.41822393       4.93482286
579          7.46857126       1.92380406       0.42529010       5.11947709
580          7.29120913       1.79372117       0.41335428       5.08413368
581          7.16663870       1.72429228       0.34069297       5.10165346
582          7.29770442       1.74114638       0.25098774       5.30557030
583          7.60882840       1.74275787       0.18355874       5.68251178
584          7.88714983       1.68576388       0.15741447       6.04397149
585          8.04812970       1.56905676       0.16489799       6.31417495
586          7.99190328       1.48435282       0.17531396       6.33223650
587          7.76222663       1.45887452       0.17472982       6.12862229
588          7.43452165       1.46180115       0.15367178       5.81904872
589          7.12604235       1.46214065       0.12051804       5.54338366
590          6.86060496       1.44930180       0.08737675       5.32392641
591          6.67850837       1.36589075       0.05899010       5.25362752
592          6.70121122       1.26171842       0.03517363       5.40431917
593          6.81578100       1.11301131       0.01210648       5.69066321
594          6.75261405       0.99561977       0.00363907       5.75335521
595          6.45487795       0.97725036       0.00762162       5.47000597
596          6.21522081       1.01242168       0.02302339       5.17977575
597          6.22767339       1.02483221       0.03240401       5.17043716
598          6.36637696       1.03739320       0.03282966       5.29615410
599          6.48628701       1.08912169       0.02917535       5.36798998
600          6.59919013       1.10488735       0.02074232       5.47356046
601          6.61683008       1.05131806       0.01222706       5.55328497
602          6.59647354       0.98318838       0.01019315       5.60309201
603          6.44469212       0.92860220       0.01606135       5.50002857
604          6.28493455       0.90899482       0.03220314       5.34373659
605          6.08511127       0.92506632       0.04351509       5.11652986
606          5.85742968       0.95662744       0.03912192       4.86168032
607          5.65434684       0.98208982       0.02822331       4.64403371
608          5.56484221       0.95217176       0.01283164       4.59983881
609          5.51481203       0.84669980       0.00214282       4.66596941
610          5.44073691       0.72036201       0.00010744       4.72026745
611          5.30861049       0.61499381       0.00120230       4.69241438
612          5.16798073       0.57053114       0.00785124       4.58959835
613          5.12886462       0.59391634       0.01836897       4.51657930
614          5.32341439       0.66731292       0.02718296       4.62891851
615          5.54633457       0.76332688       0.02679986       4.75620783
616          5.62274872       0.86439698       0.01960960       4.73874214
617          5.55775246       0.90792356       0.02059161       4.62923729
618          5.49094820       0.88569006       0.02298613       4.58227201
619          5.46864827       0.85844730       0.02369400       4.58650697
620          5.49212294       0.87501089       0.03446131       4.58265074
621          5.34494064       0.90166378       0.06303967       4.38023719
622          5.12821677       0.90956858       0.10464620       4.11400199
623          5.09837415       0.86156799       0.12662947       4.11017669
624          5.27172935       0.80227819       0.12526660       4.34418456
625          5.41988611       0.77292726       0.14740678       4.49955206
626          5.41634742       0.74986130       0.22417620       4.44230992
627          5.28945462       0.77564755       0.33366318       4.18014389
628          5.22744127       0.89733066       0.45030471       3.87980590
629          5.24269801       1.02649614       0.55547908       3.66072278
630          5.19011319       0.97617265       0.65048462       3.56345592
631          4.94860729       0.74421021       0.72629081       3.47810628
632          4.64844526       0.51984957       0.77753844       3.35105726
633          4.38716286       0.41179397       0.82876873       3.14660016
634          4.12752312       0.40584521       0.86610827       2.85556964
635          3.85899248       0.47201318       0.83323624       2.55374306
636          3.69175761       0.56976978       0.74030134       2.38168649
637          3.65862968       0.64305418       0.64421678       2.37135872
638          3.69074018       0.60313934       0.60118913       2.48641171
639          3.72815930       0.46730026       0.60745694       2.65340210
640          3.76063520       0.30338076       0.64659770       2.81065674
641          3.89829716       0.19958534       0.72232588       2.97638595
642          4.20455665       0.18039298       0.87070993       3.15345374
643          4.63533743       0.22324531       1.06694912       3.34514300
644          5.02551111       0.27746096       1.23772592       3.51032424
645          5.24562307       0.33014601       1.38444616       3.53103090
646          5.27263346       0.34965344       1.51427051       3.40870952
647          5.21897973       0.33706168       1.65592715       3.22599091
648          5.14628506       0.27862924       1.75359645       3.11405936
649          5.04466636       0.22316384       1.74764950       3.07385302
650          4.85320506       0.21585581       1.62272480       3.01462445
651          4.65482997       0.24170657       1.43574579       2.97737762
652          4.53775503       0.24875211       1.28650401       3.00249891
653          4.55653843       0.23779545       1.20852348       3.11021950
654          4.75653040       0.21746760       1.20649926       3.33256354
655          5.08161579       0.18396512       1.24704455       3.65060612
656          5.36244490       0.12404579       1.31631886       3.92208025
657          5.48011645       0.07211697       1.41495369       3.99304579
658          5.42440248       0.05004459       1.48632704       3.88803085
659          5.25892985       0.05034800       1.40460754       3.80397430
660          5.09533227       0.05277150       1.19789210       3.84466868
661          4.96808826       0.04395484       0.99753440       3.92659902
662          4.93988509       0.03752221       0.89065289       4.01171000
663          5.03151872       0.04370283       0.89536251       4.09245338
664          5.19136104       0.05166119       0.97402224       4.16567761
665          5.36498947       0.06328276       1.06452880       4.23717791
666          5.53201961       0.08125376       1.10745805       4.34330779
667          5.64546837       0.10589762       1.10635783       4.43321291
668          5.52328162       0.13005042       1.04784114       4.34539006
669          5.19250293       0.12176189       0.98694139       4.08379964
670          4.87206327       0.08405288       0.91760063       3.87040976
671          4.70582838       0.05984696       0.91107747       3.73490395
672          4.69116786       0.06998199       1.00577032       3.61541555
673          4.78135127       0.10497111       1.16762742       3.50875274
674          4.89781476       0.12987013       1.29204031       3.47590432
675          4.88556067       0.12879272       1.31159685       3.44517110
676          4.79246542       0.12031647       1.26896149       3.40318746
677          4.76512191       0.11760002       1.22420562       3.42331627
678          4.84937886       0.12668814       1.26986915       3.45282158
679          4.99431405       0.13130357       1.41297193       3.45003855
680          5.15042783       0.11649257       1.58059999       3.45333527
681          5.32415607       0.08871269       1.69174854       3.54369484
682          5.65187677       0.06699332       1.78763240       3.79725105
683          6.12801981       0.05238871       1.90995761       4.16567349
684          6.57343731       0.03404548       2.05836954       4.48102230
685          6.83432597       0.01230890       2.15007584       4.67194123
686          6.93717645       0.00086238       2.11272240       4.82359168
687          6.95539443       0.00036805       1.93945503       5.01557135
688          6.89212109       0.00009661       1.68561034       5.20641414
689          6.75488506       0.00965265       1.44717498       5.29805744
690          6.64421468       0.03219479       1.29148278       5.32053711
691          6.54599673       0.04332180       1.18701964       5.31565528
692          6.46704684       0.03993448       1.09865368       5.32845867
693          6.57713912       0.03190652       1.02918278       5.51604982
694          6.87835480       0.02171885       0.95582256       5.90081340
695          7.30129630       0.00960985       0.82753362       6.46415284
696          7.74943813       0.00217365       0.69579778       7.05146670
697          8.19113575       0.00166253       0.63102689       7.55844633
698          8.59294141       0.01061706       0.62320479       7.95911956
699          9.07187293       0.03408882       0.61675266       8.42103145
700          9.52216763       0.05520296       0.59265249       8.87431219
701          9.72777150       0.05325901       0.53854476       9.13596773
702          9.85980198       0.04003737       0.47601177       9.34375284
703         10.05094094       0.03093845       0.42863227       9.59137023
704         10.26987020       0.03221776       0.42803369       9.80961875
705         10.54348558       0.03521181       0.48112657      10.02714720
706         10.84194290       0.03103047       0.51618703      10.29472540
707         11.09471112       0.03010992       0.45378735      10.61081385
708         11.29949208       0.04482928       0.34370677      10.91095603
709         11.58913322       0.07046403       0.28416689      11.23450230
710         11.82391663       0.09619075       0.29263257      11.43509331
711         11.84826408       0.12754812       0.32797008      11.39274588
712         11.68858871       0.16707313       0.35046808      11.17104750
713         11.52852516       0.17470403       0.35673924      10.99708189
714         11.48308025       0.13997171       0.35357724      10.98953131
715         11.53149913       0.09186814       0.33730837      11.10232263
716         11.67707989       0.06019800       0.30019124      11.31669064
717         11.95932554       0.04128180       0.26076948      11.65727425
718         12.24986550       0.03046003       0.23580976      11.98359571
719         12.27501906       0.02336594       0.23295302      12.01870009
720         12.00562647       0.02927157       0.24198813      11.73436677
721         11.78398832       0.03833915       0.24668977      11.49895940
722         11.87033403       0.03395551       0.23385752      11.60252101
723         12.04373676       0.01750715       0.23418767      11.79204193
724         12.10838604       0.00420808       0.25026843      11.85390952
725         12.03343609       0.00009000       0.27325309      11.76009300
726         11.93280836       0.00676690       0.29791097      11.62813049
727         11.79074906       0.01954664       0.30797405      11.46322837
728         11.52662909       0.02793149       0.31346143      11.18523617
729         11.09067143       0.03331343       0.34198647      10.71537153
730         10.56746811       0.04238156       0.40567496      10.11941159
731         10.01563030       0.05494217       0.49256817       9.46811996
732          9.50607247       0.05477052       0.58237149       8.86893047
733          9.08122064       0.04822935       0.62794787       8.40504341
734          8.83175034       0.04763322       0.65739857       8.12671855
735          8.69529663       0.05164019       0.69705454       7.94660190
736          8.64320979       0.04824482       0.74960609       7.84535888
737          8.54714083       0.03886129       0.80382245       7.70445709
738          8.20598036       0.02142725       0.85157448       7.33297863
739          7.82254417       0.01290028       0.91889757       6.89074633
740          7.76939106       0.01229893       1.01135173       6.74574039
741          7.93712639       0.01743101       1.11300681       6.80668856
742          7.95290388       0.01604594       1.18972020       6.74713774
743          7.87090813       0.00630657       1.23518269       6.62941887
744          7.79400965       0.00049555       1.29394010       6.49957400
745          7.77113502       0.00245455       1.40511749       6.36356298
746          7.73971636       0.02511919       1.50053781       6.21405937
747          7.67981842       0.07747291       1.53630291       6.06604261
748          7.57487004       0.14386223       1.54105179       5.88995602
749          7.36372963       0.18706417       1.53614278       5.64052269
750          7.10271897       0.18428769       1.51967187       5.39875941
751          6.94447841       0.15466351       1.48168943       5.30812547
752          6.97490399       0.13218725       1.42209711       5.42061964
753          7.05250044       0.13205739       1.36549104       5.55495201
754          7.01352907       0.15340871       1.36116299       5.49895737
755          6.81762720       0.18875971       1.38541742       5.24345007
756          6.59752440       0.22115048       1.40057958       4.97579434
757          6.57035616       0.21877139       1.40530598       4.94627879
758          6.65614842       0.18507381       1.38289676       5.08817784
759          6.62581216       0.13873794       1.34924085       5.13783337
760          6.27091783       0.10567260       1.30478592       4.86045931
761          5.87056945       0.08543419       1.27950403       4.50563122
762          5.57212369       0.07349042       1.24282720       4.25580607
763          5.45354510       0.06089934       1.21316056       4.17948521
764          5.46049100       0.06246213       1.18776103       4.21026784
765          5.52703449       0.09700544       1.15717505       4.27285400
766          5.57991047       0.15278970       1.18394207       4.24317870
767          5.54002779       0.17301786       1.32855446       4.03845546
768          5.50066139       0.14736111       1.53045147       3.82284880
769          5.59101971       0.11697397       1.69517872       3.77886703
770          5.70740508       0.10192214       1.76645160       3.83903134
771          5.76212412       0.10622220       1.77422637       3.88167555
772          5.70247053       0.11592064       1.74894306       3.83760683
773          5.55124360       0.12356038       1.66739838       3.76028484
774          5.38299713       0.13296624       1.55005580       3.69997509
775          5.24377023       0.17420694       1.46863290       3.60093039
776          5.09097026       0.23635404       1.46704182       3.38757439
777          4.79367763       0.27922886       1.43849178       3.07595699
778          4.40466892       0.28218622       1.36123983       2.76124287
779          4.15911372       0.26176775       1.30895859       2.58838738
780          4.09325686       0.24831940       1.28776745       2.55717000
781          4.22907896       0.28242202       1.30519776       2.64145918
782          4.49015673       0.35721608       1.37403291       2.75890775
783          4.73800867       0.45407354       1.50603584       2.77789929
784          4.74482378       0.51279014       1.65486157       2.57717206
785          4.52733476       0.55766619       1.73786777       2.23180079
786          4.39035616       0.64015014       1.72282399       2.02738203
787          4.59923379       0.75856876       1.64970049       2.19096454
788          5.03517305       0.87668758       1.55462447       2.60386100
789          5.36462504       0.97886012       1.40849566       2.97726926
790          5.45591951       1.06612772       1.32290980       3.06688199
791          5.44792889       1.17830782       1.33235454       2.93726653
792          5.42148003       1.26860751       1.33003012       2.82284239
793          5.54279225       1.34501644       1.25881013       2.93896568
794          5.86035741       1.41958194       1.15196207       3.28881341
795          6.28626238       1.54906115       1.05790461       3.67929662
796          6.52175330       1.68898714       1.01272195       3.82004422
797          6.52600886       1.78934784       0.99537614       3.74128488
798          6.43164179       1.81720006       1.00030934       3.61413239
799          6.34164152       1.78613685       1.00136240       3.55414226
800          6.19497109       1.68759692       0.98113809       3.52623608
801          6.01377305       1.59017187       0.91462906       3.50897213
802          5.85463776       1.53735367       0.81486478       3.50241931
803          5.75128594       1.53837681       0.70108864       3.51182049
804          5.67067670       1.59442387       0.60297612       3.47327672
805          5.60369334       1.69643454       0.54693354       3.36032527
806          5.56743059       1.81459236       0.55001116       3.20282708
807          5.59798873       1.90121910       0.60167318       3.09509645
808          5.65524814       1.94980449       0.66906519       3.03637846
809          5.78299190       2.04189030       0.70092095       3.04018064
810          5.95062632       2.16253474       0.67113568       3.11695589
811          6.12790625       2.28703051       0.59072066       3.25015508
812          6.26467998       2.43706078       0.50883809       3.31878111
813          6.24403159       2.58076520       0.44862774       3.21463865
814          6.00991022       2.64542714       0.43420087       2.93028221
815          5.77058568       2.57487033       0.45486100       2.74085435
816          5.54980430       2.37578251       0.45887443       2.71514736
817          5.27498219       2.10527979       0.43479753       2.73490487
818          5.00144076       1.86763899       0.39680718       2.73699459
819          4.93687732       1.80524486       0.38565941       2.74597305
820          5.08981047       1.91379003       0.41522868       2.76079177
821          5.18395036       2.00541140       0.42755594       2.75098302
822          4.94411957       1.90753593       0.35623177       2.68035187
823          4.54188719       1.73889532       0.25448394       2.54850793
824          4.22088739       1.68794267       0.18537229       2.34757243
825          4.10769277       1.80523205       0.15203853       2.15042219
826          4.14809810       1.99486356       0.13202409       2.02121045
827          4.16862684       2.12382632       0.10318565       1.94161487
828          4.09323831       2.15381577       0.06947074       1.86995180
829          3.93847263       2.12783696       0.04537275       1.76526291
830          3.68277347       2.09532527       0.03212781       1.55532039
831          3.40370710       2.07339498       0.02076726       1.30954486
832          3.25292277       2.06772289       0.01161467       1.17358521
833          3.36621092       2.12193168       0.00960611       1.23467312
834          3.65725434       2.21432486       0.01762003       1.42530946
835          3.97261572       2.31326344       0.02745048       1.63190180
836          4.07066378       2.33055980       0.02057657       1.71952741
837          3.88334572       2.21275568       0.00561053       1.66497951
838          3.60557962       2.04236371       0.00156162       1.56165429
839          3.43113097       1.93343357       0.00997228       1.48772512
840          3.37253274       1.89168401       0.04223932       1.43860942
841          3.36138218       1.89090323       0.08194164       1.38853731
842          3.33861529       1.93961610       0.09044645       1.30855274
843          3.34346470       2.07823867       0.06768066       1.19754537
844          3.42777686       2.26956177       0.02946974       1.12874535
845          3.60287688       2.44362275       0.00611987       1.15313426
846          3.72603862       2.47111971       0.00010305       1.25481587
847          3.67402880       2.34823762       0.00028015       1.32551103
848          3.53923969       2.22309144       0.00085413       1.31529412
849          3.48399507       2.21032390       0.00352383       1.27014735
850          3.56109177       2.32933919       0.01383150       1.21792109
851          3.66529078       2.44273477       0.03504750       1.18750851
852          3.69596217       2.43189983       0.07190006       1.19216228
853          3.77853686       2.42041858       0.12576627       1.23235201
854          4.02563863       2.56302044       0.19489975       1.26771843
855          4.35953809       2.82534840       0.27274488       1.26144481
856          4.66960070       3.08545606       0.36045713       1.22368751
857          4.94753578       3.30796153       0.43934618       1.20022807
858          5.25532159       3.54151656       0.49354695       1.22025807
859          5.52537968       3.72100651       0.51239611       1.29197706
860          5.61262033       3.70183218       0.53250447       1.37828368
861          5.49430468       3.52469452       0.57868095       1.39092921
862          5.35391307       3.40455616       0.63784245       1.31151446
863          5.31744687       3.45689319       0.66978863       1.19076506
864          5.37641792       3.60057513       0.68091297       1.09492981
865          5.47309971       3.71450668       0.67529924       1.08329378
866          5.60155277       3.76588633       0.64483429       1.19083215
867          5.74546309       3.77877131       0.62533805       1.34135372
868          5.88873717       3.80003377       0.64996699       1.43873641
869          5.90430433       3.82652900       0.67986717       1.39790815
870          5.74377847       3.81228066       0.69747412       1.23402369
871          5.46118075       3.72963255       0.70203096       1.02951724
872          5.14789435       3.62132900       0.66084935       0.86571601
873          4.97713387       3.62373286       0.53933644       0.81406457
874          4.98388189       3.74520003       0.38331660       0.85536526
875          4.91758136       3.74750101       0.27365100       0.89642935
876          4.66283807       3.57435963       0.22647324       0.86200520
877          4.47068894       3.43816044       0.22913028       0.80339822
878          4.48185728       3.43382999       0.25806133       0.78996596
879          4.55560791       3.48019599       0.28354085       0.79187107
880          4.50874417       3.44803761       0.30617689       0.75452966
881          4.23019594       3.25248947       0.29987354       0.67783293
882          3.92340708       3.01847446       0.27825209       0.62668053
883          3.82761691       2.91680098       0.26451009       0.64630584
884          3.96973075       2.98825267       0.26961108       0.71186700
885          4.13936725       3.07248474       0.28057860       0.78630391
886          4.07596569       2.98743763       0.25641345       0.83211461
887          3.85012808       2.81752856       0.20004441       0.83255511
888          3.66938839       2.73856744       0.14021066       0.79061029
889          3.67760412       2.83638362       0.09963536       0.74158514
890          3.87868119       3.05078228       0.07232121       0.75557771
891          4.13655205       3.23437643       0.05197146       0.85020416
892          4.21355105       3.23579156       0.04808689       0.92967260
893          4.10480100       3.10033554       0.05372023       0.95074524
894          3.97795896       2.94071718       0.05886002       0.97838176
895          3.96446908       2.84303080       0.05763087       1.06380741
896          3.97046405       2.77597541       0.04799014       1.14649850
897          3.94066999       2.76612603       0.03487119       1.13967276
898          3.98093479       2.89443870       0.02073297       1.06576312
899          4.12380087       3.10884032       0.01319862       1.00176194
900          4.34930612       3.35186841       0.01580755       0.98163017
901          4.52994097       3.51154615       0.02580694       0.99258789
902          4.62428725       3.56308809       0.02903060       1.03216856
903          4.61607914       3.55628128       0.01237441       1.04742346
904          4.53186458       3.56072428       0.00034302       0.97079729
905          4.50322904       3.66557063       0.00399219       0.83366622
906          4.56259654       3.81916678       0.01234541       0.73108436
907          4.72330394       3.99255183       0.01811683       0.71263528
908          4.86961426       4.11378958       0.01893059       0.73689408
909          4.88140535       4.11452745       0.02181277       0.74506512
910          4.74151183       3.98608864       0.03332159       0.72210161
911          4.49365280       3.75454135       0.04430261       0.69480884
912          4.10622612       3.43607082       0.04085962       0.62929568
913          3.65759208       3.11027681       0.03482724       0.51248803
914          3.33415773       2.89191989       0.04156717       0.40067067
915          3.23917622       2.85323610       0.06224502       0.32369510
916          3.30363109       2.95014866       0.07259672       0.28088571
917          3.48344840       3.13279423       0.06751715       0.28313703
918          3.73151226       3.35243979       0.05781399       0.32125848
919          3.95177069       3.53740367       0.04855665       0.36581037
920          4.13585610       3.70689773       0.03710654       0.39185184
921          4.36352478       3.94494444       0.03492292       0.38365743
922          4.66648594       4.26961053       0.05110388       0.34577153
923          4.98637626       4.59407165       0.08985413       0.30245048
924          5.13409851       4.73109742       0.12774175       0.27525933
925          5.07649853       4.65220734       0.15107419       0.27321699
926          5.02993179       4.56184070       0.16290824       0.30518285
927          5.00888489       4.46405868       0.17511063       0.36971558
928          5.00329530       4.34450696       0.19789812       0.46089022
929          5.13727501       4.29576647       0.24106319       0.60044535
930          5.43784458       4.38529941       0.29650516       0.75604001
931          5.69842104       4.48265195       0.34547752       0.87029157
932          5.76525448       4.47399582       0.36306999       0.92818867
933          5.65200321       4.38371193       0.33376447       0.93452681
934          5.58484239       4.36561045       0.30304107       0.91619087
935          5.65802059       4.45406226       0.30072315       0.90323518
936          5.74418579       4.54813473       0.29862229       0.89742877
937          5.82576285       4.68329605       0.26783501       0.87463179
938          5.93040241       4.88081039       0.21826905       0.83132296
939          6.00765540       5.03425202       0.17322817       0.80017521
940          6.00306474       5.03555799       0.14605840       0.82144835
941          5.85603889       4.81812575       0.14661988       0.89129326
942          5.52547023       4.43598118       0.17019946       0.91928960
943          5.16659174       4.08835010       0.20809990       0.87014173
944          5.06185249       4.00475785       0.25309801       0.80399663
945          5.22856255       4.20867777       0.29433815       0.72554663
946          5.31332975       4.32761630       0.31049378       0.67521967
947          5.03908163       4.09342540       0.29940351       0.64625272
948          4.65048229       3.72690295       0.28480330       0.63877604
949          4.41801087       3.50601890       0.26353922       0.64845275
950          4.39091826       3.46289648       0.22376284       0.70425894
951          4.52326756       3.50670072       0.18524882       0.83131802
952          4.70892618       3.50113178       0.17323521       1.03455919
953          4.90041716       3.52298271       0.16398262       1.21345184
954          5.02182614       3.59035530       0.13727535       1.29419549
955          5.07230423       3.59801390       0.12131316       1.35297717
956          5.07778025       3.45054870       0.12525453       1.50197702
957          4.91481688       3.16801539       0.12214035       1.62466114
958          4.52766025       2.84587240       0.10399549       1.57779236
959          3.95800831       2.51369610       0.08496482       1.35934739
960          3.38947044       2.21318330       0.06999488       1.10629226
961          2.96112434       2.01748133       0.06332482       0.88031819
962          2.68080571       1.84083097       0.06814790       0.77182684
963          2.48315270       1.59658921       0.09043214       0.79613135
964          2.35460534       1.34621642       0.12348051       0.88490840
965          2.32320498       1.17712570       0.15337771       0.99270157
966          2.40097280       1.08105756       0.16672824       1.15318700
967          2.49175822       1.00889606       0.16952555       1.31333661
968          2.39375383       0.90240677       0.16474761       1.32659945
969          2.14120441       0.80022407       0.16989813       1.17108221
970          1.93021869       0.70342259       0.20275269       1.02404341
971          1.85243213       0.61852902       0.24513179       0.98877132
972          1.86688844       0.54195463       0.24919892       1.07573488
973          1.95311373       0.46886731       0.21330367       1.27094276
974          2.13628121       0.40667778       0.16848227       1.56112115
975          2.29966865       0.36956657       0.11854997       1.81155211
976          2.35893688       0.32132388       0.07765772       1.95995528
977          2.42486237       0.27211808       0.06312371       2.08962058
978          2.54450867       0.25636928       0.06618280       2.22195660
979          2.78110438       0.28555250       0.08265603       2.41289585
980          3.18997982       0.34579813       0.09483103       2.74935066
981          3.69815451       0.38907610       0.09225085       3.21682756
982          4.15440511       0.36623260       0.07504137       3.71313114
983          4.41222819       0.29363809       0.05066642       4.06792369
984          4.54799559       0.24622326       0.03532758       4.26644475
985          4.71069421       0.26646484       0.03437217       4.40985720
986          4.94197729       0.35682853       0.04509257       4.54005619
987          5.08261627       0.45069883       0.05919324       4.57272419
988          5.12479071       0.46394579       0.07975776       4.58108716
989          5.16587966       0.42072446       0.10839532       4.63675989
990          5.28551046       0.38187338       0.14352639       4.76011069
991          5.38434154       0.34487859       0.17973766       4.85972528
992          5.40238330       0.28390491       0.21648269       4.90199570
993          5.31380277       0.22282445       0.25476571       4.83621261
994          5.09746803       0.20638689       0.28134839       4.60973275
995          4.91813070       0.26397223       0.30671179       4.34744668
996          4.88644441       0.36866586       0.34077137       4.17700718
997          4.93678593       0.46831829       0.35653880       4.11192884
998          4.91447532       0.50268890       0.32161432       4.09017210
999          4.79570987       0.47542367       0.24826377       4.07202244
1000         4.67329648       0.43958869       0.18519212       4.04851567
