1            4.26011416       0.43846408       1.38594328
2            4.23770571       0.42069890       1.35938288
3            4.20851287       0.38211858       1.32896740
4            4.17941782       0.34676167       1.29579985
5            4.15607619       0.31009038       1.25145239
6            4.13206009       0.29297743       1.20944509
7            4.10889964       0.30568971       1.19618543
8            4.07996589       0.33594934       1.20029828
9            4.03782861       0.34924536       1.19761855
10           3.98020562       0.33548376       1.17731684
11           3.91656075       0.30934509       1.15050939
12           3.87177132       0.27583767       1.12616876
13           3.85845153       0.22260080       1.11281484
14           3.86172724       0.16541993       1.11892399
15           3.86826786       0.12015265       1.12467211
16           3.86851803       0.08971916       1.10126936
17           3.87607186       0.05286677       1.05602396
18           3.88834481      -0.00222605       1.03023689
19           3.89583986      -0.05212235       1.05045315
20           3.87874155      -0.08319711       1.08629713
21           3.83884008      -0.11568227       1.09447101
22           3.80442540      -0.16141738       1.06052392
23           3.79133988      -0.19149449       0.99482007
24           3.78457313      -0.20117421       0.91861435
25           3.75763096      -0.20498799       0.84919451
26           3.72386490      -0.21594546       0.83052444
27           3.70060635      -0.23612670       0.86759577
28           3.68622022      -0.26717666       0.92122816
29           3.67836916      -0.29352314       0.93962938
30           3.68444197      -0.29754449       0.91725701
31           3.69899179      -0.28277041       0.88023481
32           3.69370036      -0.27633870       0.84568618
33           3.67163360      -0.29590155       0.81814654
34           3.66625802      -0.31338327       0.80536495
35           3.67825903      -0.29241518       0.80543980
36           3.67103456      -0.24461001       0.79967480
37           3.61482086      -0.20319187       0.76509958
38           3.55272496      -0.20330755       0.72016826
39           3.51966408      -0.21980980       0.69013806
40           3.54611579      -0.23744326       0.65569678
41           3.61111915      -0.23480458       0.63386387
42           3.67286743      -0.24515614       0.63840972
43           3.70618337      -0.29780666       0.67281202
44           3.70883155      -0.35610548       0.74929795
45           3.69877961      -0.36187661       0.83415521
46           3.70660355      -0.32844419       0.87967264
47           3.76967447      -0.28439496       0.88490378
48           3.84773666      -0.23560716       0.88140782
49           3.92143076      -0.18377556       0.87299558
50           3.98018923      -0.12989814       0.84855224
51           4.01326172      -0.08432394       0.81535669
52           4.02669800      -0.07941681       0.82242419
53           4.04268580      -0.10550031       0.87059789
54           4.06726533      -0.11538267       0.90216559
55           4.10547101      -0.06808210       0.87969511
56           4.14567656       0.00780977       0.79699097
57           4.18024071       0.07209347       0.68929465
58           4.20421805       0.08154975       0.62069395
59           4.21395643       0.04974086       0.62022379
60           4.21098030      -0.00100044       0.63842436
61           4.21065694      -0.03715510       0.62847409
62           4.21461629      -0.04191641       0.60257505
63           4.20458259      -0.02834661       0.55133905
64           4.19034067      -0.02181520       0.47591774
65           4.19278645      -0.02209133       0.40141306
66           4.20140600      -0.04765134       0.34970483
67           4.19681035      -0.08419629       0.31752967
68           4.17437237      -0.14249773       0.28318827
69           4.13851957      -0.22195745       0.21734700
70           4.11605269      -0.30312874       0.13533356
71           4.12189879      -0.35675770       0.07097707
72           4.14203617      -0.38860373       0.02651433
73           4.14919711      -0.41424571      -0.00998361
74           4.12703832      -0.45193615      -0.02612060
75           4.05669291      -0.52267372      -0.04557085
76           3.95932469      -0.63866316      -0.10517270
77           3.86484364      -0.76949655      -0.19222971
78           3.78745859      -0.87147351      -0.28241510
79           3.76504883      -0.92357447      -0.35427913
80           3.80241353      -0.90835183      -0.40359907
81           3.85344290      -0.86404482      -0.43635948
82           3.86684434      -0.86141803      -0.46264332
83           3.80740256      -0.91199568      -0.50097717
84           3.71948253      -0.97476479      -0.56996856
85           3.63767436      -0.99077158      -0.63647996
86           3.57861130      -0.94338541      -0.66645106
87           3.54857155      -0.87219156      -0.65320064
88           3.53800199      -0.84351759      -0.63113349
89           3.51275113      -0.90092018      -0.64244866
90           3.47964288      -0.97446713      -0.70124140
91           3.45630518      -0.98123598      -0.74366277
92           3.45505625      -0.93797720      -0.77309798
93           3.45902948      -0.86734940      -0.81532527
94           3.46760861      -0.79892915      -0.84881501
95           3.48841919      -0.76019794      -0.83946327
96           3.49041905      -0.78092787      -0.78765355
97           3.46772593      -0.85429929      -0.74006188
98           3.43862767      -0.93305319      -0.70211314
99           3.43412643      -0.95026208      -0.66634354
100          3.45562447      -0.90392382      -0.64330267
101          3.49100592      -0.85014580      -0.65211071
102          3.50380309      -0.81352727      -0.68733282
103          3.49241082      -0.78130562      -0.73040472
104          3.46260237      -0.76598604      -0.76330864
105          3.42053260      -0.76945684      -0.78251270
106          3.38758110      -0.74202074      -0.79149010
107          3.37396016      -0.68861691      -0.79636448
108          3.36833878      -0.64006807      -0.79506950
109          3.36731014      -0.61667286      -0.77836906
110          3.35677522      -0.60299643      -0.75364505
111          3.35829416      -0.61433059      -0.74330524
112          3.38533737      -0.66305015      -0.73106890
113          3.43355522      -0.73040241      -0.72143988
114          3.49502866      -0.77105852      -0.74733555
115          3.54747343      -0.74700816      -0.80471513
116          3.57356498      -0.69578631      -0.86327088
117          3.56083428      -0.68631409      -0.90864285
118          3.51071285      -0.72945577      -0.93299368
119          3.42885714      -0.79668299      -0.94213613
120          3.34693873      -0.84610899      -0.93993086
121          3.31401298      -0.85890085      -0.93053927
122          3.34906885      -0.82195006      -0.91226535
123          3.39990095      -0.75859118      -0.89131420
124          3.41504837      -0.70442699      -0.89602293
125          3.38629983      -0.68337266      -0.95512273
126          3.34462468      -0.68310187      -1.03468119
127          3.32208495      -0.66510757      -1.10348528
128          3.30818950      -0.60198224      -1.15228285
129          3.30919347      -0.52784575      -1.19576902
130          3.34895379      -0.49337077      -1.25771725
131          3.43035722      -0.50727247      -1.34362026
132          3.51110661      -0.51921825      -1.41948909
133          3.55347034      -0.51138213      -1.47094737
134          3.54977179      -0.48430260      -1.51833033
135          3.51414413      -0.47110304      -1.54954554
136          3.47766699      -0.48613608      -1.55429419
137          3.45333029      -0.52852333      -1.55502439
138          3.42860472      -0.57879351      -1.57531880
139          3.41955454      -0.59215533      -1.60610104
140          3.46259554      -0.55121588      -1.61154470
141          3.52067296      -0.48362603      -1.62119623
142          3.56857359      -0.43108105      -1.67206813
143          3.60906554      -0.42506049      -1.75230142
144          3.64200628      -0.47514826      -1.83037672
145          3.66063035      -0.55873947      -1.89106443
146          3.65185707      -0.63052433      -1.94729990
147          3.63313031      -0.63882536      -1.98717840
148          3.61933529      -0.60400244      -1.99078420
149          3.60359955      -0.58118974      -1.96011978
150          3.58493834      -0.59463902      -1.91810804
151          3.58142667      -0.63250667      -1.89441394
152          3.60161721      -0.66693985      -1.90298255
153          3.63894778      -0.67061235      -1.94617796
154          3.67236993      -0.62913472      -1.98887811
155          3.69669672      -0.56000202      -2.00330368
156          3.70934756      -0.49589532      -2.00139669
157          3.70734074      -0.48079587      -2.01411662
158          3.70148408      -0.51100114      -2.04244347
159          3.71121313      -0.56445336      -2.06249065
160          3.72300417      -0.62725434      -2.07517785
161          3.72789665      -0.67163765      -2.09073312
162          3.71653856      -0.69335782      -2.09493123
163          3.69098846      -0.70173902      -2.06192883
164          3.64428451      -0.71384323      -2.00265415
165          3.61304784      -0.72220149      -1.95869746
166          3.60284488      -0.71246885      -1.95991004
167          3.61626028      -0.69143257      -2.01118905
168          3.64430384      -0.68605926      -2.06838178
169          3.66504354      -0.71560355      -2.08207733
170          3.64100055      -0.76910969      -2.03629742
171          3.58204582      -0.80355650      -1.97421499
172          3.52431452      -0.79609213      -1.94982445
173          3.48136130      -0.77306833      -1.97366695
174          3.44292055      -0.74936529      -2.01348928
175          3.41562809      -0.73227389      -2.03465746
176          3.39641086      -0.73654843      -2.03636352
177          3.37526477      -0.79114070      -2.03826074
178          3.34977812      -0.86729951      -2.03363006
179          3.33025813      -0.92845455      -2.01103870
180          3.33486573      -0.96891161      -1.99245129
181          3.37089531      -1.00780873      -2.00385518
182          3.43065265      -1.04060911      -2.03321748
183          3.48790729      -1.05163670      -2.06235850
184          3.52057943      -1.04366374      -2.10230422
185          3.52158131      -1.06085767      -2.16358762
186          3.52121622      -1.11329289      -2.23511965
187          3.54513274      -1.17639023      -2.30148770
188          3.58804968      -1.21795160      -2.35640942
189          3.64149503      -1.22428306      -2.39927806
190          3.69167397      -1.21753762      -2.42665256
191          3.70217977      -1.23909217      -2.45003743
192          3.66767667      -1.27475269      -2.46587150
193          3.62394198      -1.31453720      -2.46591235
194          3.61566732      -1.36518964      -2.45004903
195          3.64296765      -1.42615300      -2.43857522
196          3.67203019      -1.48107208      -2.43578772
197          3.67814711      -1.50963890      -2.43374494
198          3.64698252      -1.52382772      -2.44154154
199          3.58719376      -1.56695136      -2.46455504
200          3.53468900      -1.63136068      -2.49052392
201          3.50737599      -1.65343770      -2.50735623
202          3.50021236      -1.61708015      -2.52524084
203          3.49443656      -1.55487075      -2.53358312
204          3.47501065      -1.51068306      -2.51813447
205          3.44648736      -1.48972335      -2.49598254
206          3.40873476      -1.48024494      -2.50929456
207          3.35436729      -1.48836984      -2.55767073
208          3.29485933      -1.49527945      -2.60579593
209          3.24224824      -1.48785223      -2.62812774
210          3.19720613      -1.47029402      -2.63235866
211          3.17123688      -1.45111015      -2.63772202
212          3.15563620      -1.42793955      -2.65958543
213          3.12549814      -1.39368688      -2.69188378
214          3.10537089      -1.35430301      -2.72272800
215          3.07476759      -1.31644353      -2.73760067
216          3.03095554      -1.29120553      -2.73786941
217          2.99440172      -1.26351589      -2.71266156
218          2.97231593      -1.22665735      -2.67635130
219          2.96078114      -1.17988450      -2.67058142
220          2.93135680      -1.13327049      -2.69863312
221          2.86100720      -1.11165667      -2.71375858
222          2.75307129      -1.13154688      -2.69442872
223          2.62781161      -1.16298443      -2.68442461
224          2.52101122      -1.16087361      -2.74109757
225          2.46579268      -1.14167788      -2.83112960
226          2.44056534      -1.13799595      -2.88257877
227          2.41266659      -1.15033359      -2.87664987
228          2.33468558      -1.15425308      -2.86216999
229          2.22842419      -1.14806902      -2.85972011
230          2.15496587      -1.16787675      -2.84312300
231          2.16170916      -1.22118573      -2.76580910
232          2.22980070      -1.28824132      -2.66184879
233          2.32875642      -1.32134117      -2.61156878
234          2.40460547      -1.30813218      -2.62827007
235          2.41783559      -1.27852742      -2.67331563
236          2.38215507      -1.28241960      -2.69904683
237          2.35760205      -1.30532510      -2.66596563
238          2.36699560      -1.30421110      -2.60816673
239          2.41553531      -1.25433842      -2.59882663
240          2.46401867      -1.18403228      -2.64411470
241          2.49792643      -1.13330359      -2.65435372
242          2.51640875      -1.08768706      -2.58930484
243          2.52463802      -1.01827548      -2.51818755
244          2.52973452      -0.94578924      -2.51826974
245          2.52658473      -0.91975949      -2.57582024
246          2.50831647      -0.95552983      -2.61745432
247          2.49176342      -1.03430680      -2.57501499
248          2.48594116      -1.11808000      -2.50683835
249          2.50968079      -1.18678391      -2.51431376
250          2.55680322      -1.20078152      -2.59373314
251          2.60067902      -1.17229083      -2.63059650
252          2.62425868      -1.15878370      -2.59111394
253          2.64669227      -1.21041949      -2.52331510
254          2.68371516      -1.27468064      -2.45275731
255          2.70539929      -1.30057701      -2.43727334
256          2.69457409      -1.30702047      -2.47542391
257          2.67839392      -1.26501120      -2.49346483
258          2.68160478      -1.17681707      -2.44679634
259          2.70685619      -1.08942557      -2.38882982
260          2.74006990      -1.02062742      -2.36217735
261          2.77243450      -0.98595766      -2.36814541
262          2.79995813      -0.98407520      -2.37856619
263          2.77947835      -1.01289242      -2.37483914
264          2.71076232      -1.02546047      -2.38543265
265          2.65059917      -0.97873678      -2.41169553
266          2.62593651      -0.89300497      -2.45129730
267          2.64570878      -0.82904304      -2.48472737
268          2.69876364      -0.77692205      -2.49982830
269          2.71747925      -0.72387403      -2.48484058
270          2.66314749      -0.68427202      -2.48324086
271          2.58857525      -0.70504312      -2.49299790
272          2.54485110      -0.74995221      -2.49256156
273          2.53938049      -0.77412593      -2.47191898
274          2.56863843      -0.78086833      -2.43417752
275          2.63216559      -0.79235344      -2.36950689
276          2.70190541      -0.80212666      -2.30539283
277          2.75618585      -0.79498872      -2.26913139
278          2.80136928      -0.78135510      -2.26762544
279          2.85477342      -0.79231307      -2.28125998
280          2.90409502      -0.80565648      -2.28193269
281          2.92908668      -0.79794648      -2.26777776
282          2.92901245      -0.75608618      -2.25849665
283          2.92455857      -0.70254873      -2.27337506
284          2.91125508      -0.65111919      -2.29058086
285          2.87974934      -0.62325373      -2.28822995
286          2.85145239      -0.60500535      -2.26207608
287          2.84979866      -0.56070076      -2.23838627
288          2.87558345      -0.50098925      -2.20528642
289          2.88851189      -0.46669810      -2.15896923
290          2.87713296      -0.45692203      -2.10815183
291          2.86569360      -0.44624860      -2.08211358
292          2.86222440      -0.40628725      -2.07147242
293          2.86093749      -0.35450892      -2.05236777
294          2.83927127      -0.32252324      -2.02143409
295          2.78835284      -0.31654923      -2.00244722
296          2.74118423      -0.35401236      -2.00519862
297          2.70260696      -0.38308938      -2.04367693
298          2.67939694      -0.36507425      -2.12768345
299          2.71107794      -0.35032598      -2.18913841
300          2.80706902      -0.34065575      -2.17631330
301          2.89689596      -0.30724265      -2.08798233
302          2.92375413      -0.26361786      -1.95395300
303          2.87981191      -0.23807575      -1.81461366
304          2.81238879      -0.19973200      -1.74735906
305          2.78541131      -0.08746220      -1.78302152
306          2.82760542       0.07327548      -1.85175473
307          2.91419997       0.19818442      -1.91485469
308          2.99957571       0.24023681      -1.97833279
309          3.02799580       0.22786674      -2.02148972
310          2.99656682       0.23032626      -2.02109606
311          2.97412683       0.26885901      -1.96616326
312          2.99560669       0.31378065      -1.87363773
313          3.03210666       0.37131676      -1.77438834
314          3.08576258       0.46448569      -1.71555762
315          3.16964360       0.56850038      -1.72219852
316          3.26837949       0.63932660      -1.78125743
317          3.35977863       0.65415710      -1.82253768
318          3.41239679       0.61435107      -1.77972548
319          3.41951557       0.57201063      -1.68076460
320          3.42702943       0.54226567      -1.59375222
321          3.49663500       0.52609999      -1.54043887
322          3.61148273       0.52662898      -1.50610970
323          3.72519782       0.54982333      -1.47625644
324          3.80447717       0.59096936      -1.44957127
325          3.84640846       0.61379449      -1.41863365
326          3.83369720       0.60478584      -1.39508231
327          3.77635055       0.60301623      -1.39472227
328          3.72333009       0.62051357      -1.39781984
329          3.70069803       0.65607039      -1.36753087
330          3.68911853       0.70054809      -1.32058855
331          3.67045644       0.76386207      -1.29880689
332          3.63825814       0.81350691      -1.31400357
333          3.63398389       0.83096234      -1.34544985
334          3.67234273       0.84028683      -1.33613764
335          3.72373654       0.86043276      -1.29117577
336          3.76801639       0.86653030      -1.25309635
337          3.80462744       0.84515114      -1.23629447
338          3.82665875       0.80326726      -1.24478736
339          3.84895818       0.75893847      -1.25568017
340          3.83803678       0.70730084      -1.24816390
341          3.80048726       0.65574585      -1.21589980
342          3.76886485       0.63750394      -1.18840755
343          3.76185888       0.67478613      -1.19165965
344          3.76098811       0.73290331      -1.19863461
345          3.76201509       0.77970948      -1.19402433
346          3.76610671       0.82565536      -1.18393026
347          3.78815496       0.90187134      -1.17055317
348          3.80981715       0.98496802      -1.13621900
349          3.83086367       1.05011875      -1.07805975
350          3.86665427       1.07461684      -1.02113486
351          3.91080711       1.08413791      -0.99510417
352          3.94612306       1.08724760      -0.99347941
353          3.96172642       1.07872131      -0.99574908
354          3.97642375       1.06544162      -0.98758964
355          4.02258652       1.04840575      -0.95316783
356          4.12125532       1.01905125      -0.88426769
357          4.22901393       0.99944567      -0.80285287
358          4.28608014       1.00448141      -0.75254399
359          4.27662394       1.03674361      -0.75566355
360          4.25154541       1.06915540      -0.77937462
361          4.25588701       1.08711667      -0.78821177
362          4.27918753       1.09163624      -0.77287736
363          4.28197170       1.09276618      -0.73811848
364          4.26999046       1.07052602      -0.71457747
365          4.26779304       1.03620291      -0.70631481
366          4.29342256       1.01667342      -0.72021968
367          4.34241279       1.04716005      -0.76401862
368          4.38961935       1.09431115      -0.79536058
369          4.40774834       1.12273722      -0.78613237
370          4.40139169       1.13640449      -0.75425110
371          4.37905416       1.14639407      -0.72546718
372          4.37501999       1.15954675      -0.69757862
373          4.38380901       1.17916379      -0.65868180
374          4.36153252       1.18564886      -0.60137279
375          4.31561922       1.19117143      -0.52715391
376          4.31070314       1.21246647      -0.45096783
377          4.34660040       1.26782471      -0.40629319
378          4.36743312       1.33805424      -0.41237190
379          4.32580175       1.42065824      -0.45429729
380          4.25161378       1.51487854      -0.47995423
381          4.21739363       1.59856051      -0.44065653
382          4.25371101       1.64603642      -0.35443311
383          4.29935106       1.67084852      -0.27643958
384          4.28531947       1.69827755      -0.24746283
385          4.20895327       1.74688410      -0.25293527
386          4.13848500       1.79726362      -0.26880650
387          4.11176021       1.82873538      -0.28937783
388          4.13233650       1.84832607      -0.31551913
389          4.19049809       1.89322836      -0.32528393
390          4.25256476       1.97268879      -0.32973919
391          4.29074823       2.03700238      -0.35523460
392          4.30009332       2.01964166      -0.40304909
393          4.30331859       1.93896629      -0.44474628
394          4.32565901       1.87872007      -0.45437205
395          4.37717028       1.85335212      -0.43615002
396          4.45916008       1.81680104      -0.41803934
397          4.53888231       1.77821580      -0.42948937
398          4.59654797       1.77318676      -0.46579605
399          4.62517887       1.79429369      -0.48087319
400          4.65017154       1.80958219      -0.45701465
401          4.67451831       1.81584121      -0.43898079
402          4.68537003       1.82491986      -0.44135910
403          4.67922375       1.83245392      -0.45323484
404          4.69287427       1.84016304      -0.46018896
405          4.73329047       1.83706214      -0.47938152
406          4.78813210       1.81799707      -0.54077047
407          4.82735413       1.78952318      -0.64409061
408          4.84873808       1.77260502      -0.71134177
409          4.85617605       1.78361025      -0.69602381
410          4.85769312       1.81383805      -0.65133736
411          4.85182359       1.86817486      -0.64652563
412          4.85658674       1.92638216      -0.67745871
413          4.87934531       1.95617051      -0.70664500
414          4.91698221       1.93510105      -0.73591521
415          4.95644423       1.85903711      -0.79245580
416          4.99285975       1.79297025      -0.85823951
417          5.02610612       1.81447613      -0.88975425
418          5.04243408       1.90790161      -0.86900995
419          5.03125719       1.99576218      -0.83245572
420          5.03832735       2.03717078      -0.79870082
421          5.09212285       2.03412066      -0.78515456
422          5.18869971       1.97879222      -0.78428074
423          5.27238444       1.88134513      -0.78956686
424          5.32068053       1.81060790      -0.78409146
425          5.33921240       1.82660197      -0.75188376
426          5.35947269       1.90149583      -0.71414298
427          5.37721831       1.96936358      -0.69109221
428          5.37538656       2.01141072      -0.67754999
429          5.34259227       2.02119902      -0.66844673
430          5.29480184       2.01468573      -0.65296948
431          5.27483708       2.00564776      -0.63692191
432          5.33469609       1.99317674      -0.64193204
433          5.45764740       1.96747245      -0.66467036
434          5.56226518       1.95060549      -0.68383821
435          5.59214724       1.95398152      -0.70832300
436          5.58854609       1.98423365      -0.73784376
437          5.60436506       2.02548181      -0.75648384
438          5.62610792       2.06820098      -0.76278060
439          5.61200130       2.06877941      -0.76776392
440          5.56203546       2.01103037      -0.77906964
441          5.52265962       1.92947617      -0.81574099
442          5.52612775       1.91129298      -0.89658975
443          5.54527749       1.97965702      -0.98216669
444          5.56017105       2.06836330      -1.01921807
445          5.56641494       2.11185222      -1.00575316
446          5.55517857       2.10701138      -0.96361465
447          5.54766129       2.06662880      -0.93026515
448          5.57156032       2.00689407      -0.93186474
449          5.63390993       1.94550283      -0.96470046
450          5.66631492       1.92169918      -0.99703804
451          5.60787118       1.96554556      -1.00676949
452          5.51107567       2.05133782      -1.00215501
453          5.45168380       2.12340916      -1.00514337
454          5.45131856       2.12387315      -1.00949655
455          5.45407716       2.08868513      -0.99624836
456          5.42933747       2.08524412      -0.95765252
457          5.38695301       2.12553043      -0.89945056
458          5.34393037       2.18267760      -0.84515791
459          5.28105470       2.22483974      -0.83377387
460          5.19336683       2.22818460      -0.88381937
461          5.09476888       2.19180532      -0.97212934
462          5.01110214       2.14595249      -1.02381101
463          4.94136006       2.12138581      -0.98624770
464          4.88846416       2.13383866      -0.90678249
465          4.81828412       2.16668564      -0.84772636
466          4.74661786       2.18975946      -0.83150096
467          4.69254121       2.20118127      -0.84995354
468          4.64403676       2.18838979      -0.87392788
469          4.59350015       2.15982529      -0.88386228
470          4.57132992       2.12205904      -0.86193269
471          4.58777573       2.12107262      -0.82971024
472          4.62234509       2.17427174      -0.80018096
473          4.64254203       2.24612435      -0.77878769
474          4.62889887       2.31275136      -0.76596841
475          4.59555575       2.38366008      -0.75497788
476          4.58194499       2.43734430      -0.71653318
477          4.57609923       2.44578512      -0.66183153
478          4.56633934       2.41455490      -0.61357000
479          4.54959825       2.40393910      -0.61248170
480          4.54029198       2.44665484      -0.64209958
481          4.54378749       2.51984257      -0.66672039
482          4.55256969       2.56358729      -0.66071512
483          4.58056316       2.57134790      -0.65242727
484          4.61767718       2.58816970      -0.64515307
485          4.63973509       2.62593109      -0.61444866
486          4.62970282       2.66461274      -0.53084016
487          4.57189632       2.69081317      -0.45149428
488          4.50781722       2.71899075      -0.41352688
489          4.51063094       2.77704556      -0.39341757
490          4.58338226       2.83891634      -0.35074544
491          4.67035209       2.84204923      -0.29770720
492          4.72757941       2.78149805      -0.24535728
493          4.71917442       2.69912736      -0.19977585
494          4.66601095       2.62717978      -0.17100214
495          4.58947171       2.57725468      -0.17522805
496          4.50055403       2.51600282      -0.18481105
497          4.44064996       2.42643681      -0.18264827
498          4.46825773       2.34989823      -0.16141115
499          4.55204176       2.31183746      -0.13997593
500          4.64887078       2.32287425      -0.10089280
501          4.72400890       2.34980435      -0.07126389
502          4.76934710       2.33828919      -0.05988579
503          4.81412664       2.30281293      -0.05468531
504          4.88733756       2.30979218       0.00016508
505          4.94645794       2.35262735       0.07889395
506          4.98048757       2.37485724       0.11400019
507          4.99929536       2.34720233       0.09082833
508          5.00923444       2.30069987       0.07632830
509          5.00506268       2.27521063       0.11110797
510          5.02161105       2.29002447       0.19216297
511          5.05373141       2.33482432       0.28006810
512          5.08510016       2.37700197       0.35258954
513          5.12826622       2.37369491       0.37378011
514          5.17596177       2.34480179       0.30952483
515          5.21926880       2.33065929       0.20292997
516          5.26830165       2.33161883       0.12657945
517          5.34115920       2.31905326       0.09446104
518          5.42082370       2.26842570       0.07204773
519          5.46014879       2.19116395       0.05250430
520          5.45190791       2.12067176       0.02608636
521          5.42866804       2.07740844      -0.01791237
522          5.41149184       2.05941000      -0.05308025
523          5.38581828       2.06535309      -0.04513464
524          5.34551726       2.08030606       0.00264430
525          5.30401072       2.07467985       0.03965931
526          5.30457906       2.02329226       0.05409017
527          5.35901760       1.96230654       0.05001777
528          5.45147039       1.94108778       0.03151105
529          5.52168836       1.95010613      -0.00762234
530          5.53438216       1.96136060      -0.04490168
531          5.50766713       1.96641273      -0.05334025
532          5.50057421       1.95807377      -0.01205467
533          5.53719394       1.94300626       0.04443010
534          5.58489811       1.94307261       0.09053068
535          5.59746836       1.95984933       0.10634338
536          5.58383719       1.97546772       0.09822542
537          5.58741819       1.95650101       0.09354434
538          5.62396860       1.89979809       0.10161938
539          5.66588017       1.85877305       0.10449478
540          5.68576009       1.88713640       0.12404364
541          5.68811106       1.95138074       0.16376869
542          5.69400013       1.99982187       0.21302618
543          5.72606471       2.01282864       0.24661703
544          5.79451425       1.97684084       0.27713685
545          5.89682358       1.91863297       0.33741368
546          5.99263445       1.86589624       0.40863992
547          6.05982792       1.85400614       0.43548037
548          6.09173847       1.87320626       0.40980893
549          6.10610135       1.88179363       0.37303406
550          6.12015734       1.87002685       0.37042634
551          6.13635563       1.85035354       0.37852973
552          6.14738489       1.83743899       0.38503042
553          6.12625859       1.82383594       0.38463339
554          6.08840067       1.79674630       0.37014331
555          6.06790650       1.75640062       0.34117972
556          6.08578063       1.73812802       0.33613898
557          6.11497683       1.72833126       0.36565715
558          6.12109907       1.72340947       0.39454201
559          6.09604426       1.71081890       0.40090261
560          6.06153243       1.68947994       0.39257138
561          6.02895270       1.68316473       0.36722164
562          5.98687493       1.70456816       0.30664891
563          5.92633411       1.72832837       0.20944860
564          5.90172156       1.71684256       0.11694211
565          5.93049524       1.65319580       0.04218177
566          5.98761412       1.56294526      -0.01865054
567          6.01421250       1.48854880      -0.09784110
568          5.98602272       1.44503985      -0.18463504
569          5.91019819       1.41565170      -0.25628889
570          5.82319166       1.39744098      -0.30990779
571          5.74897068       1.39515117      -0.36863870
572          5.72218207       1.40118668      -0.42334888
573          5.73277391       1.37639962      -0.46452297
574          5.74395296       1.31939116      -0.47517897
575          5.73868946       1.25294645      -0.49548970
576          5.73351303       1.18844001      -0.56924619
577          5.71920978       1.11871777      -0.71469693
578          5.69181744       1.08516643      -0.83550284
579          5.64712680       1.09060678      -0.87668287
580          5.59941292       1.08139042      -0.86885908
581          5.57323726       1.02215318      -0.87274073
582          5.57963922       0.93945085      -0.91743908
583          5.58024971       0.86690164      -0.99785868
584          5.55848386       0.83521900      -1.07250572
585          5.51273412       0.84454041      -1.12685893
586          5.47845435       0.85716918      -1.13045027
587          5.46795294       0.85647104      -1.08966216
588          5.46916385       0.83047400      -1.02632717
589          5.46930424       0.78562116      -0.96849586
590          5.46398367       0.73405966      -0.92142024
591          5.42882745       0.68134285      -0.90613602
592          5.38337656       0.62601041      -0.93877588
593          5.31510767       0.54849355      -0.99956782
594          5.25792164       0.49878881      -1.01267199
595          5.24867390       0.52576597      -0.95286111
596          5.26630583       0.59019867      -0.88996879
597          5.27245413       0.61847522      -0.88791625
598          5.27863917       0.61965365      -0.91539418
599          5.30372409       0.60927201      -0.93094903
600          5.31125038       0.58248601      -0.95362088
601          5.28545218       0.54904011      -0.97059761
602          5.25167272       0.53942520      -0.98114185
603          5.22375424       0.56519748      -0.95927069
604          5.21352636       0.61791641      -0.92570907
605          5.22191784       0.64706679      -0.87603149
606          5.23818749       0.63625671      -0.81897856
607          5.25111861       0.60646204      -0.76905874
608          5.23590705       0.55174089      -0.75878020
609          5.18027708       0.48475467      -0.77414223
610          5.10885559       0.44882944      -0.78667437
611          5.04432957       0.47313822      -0.78025486
612          5.01544928       0.52707128      -0.75639151
613          5.03077384       0.57399627      -0.73928125
614          5.07700639       0.60333663      -0.76554888
615          5.13379996       0.60217072      -0.79492990
616          5.18984368       0.57849836      -0.79092193
617          5.21296439       0.58196185      -0.76562296
618          5.20122524       0.59007585      -0.75468093
619          5.18663847       0.59239265      -0.75566989
620          5.19553433       0.62410165      -0.75476939
621          5.20967394       0.68954110      -0.70695834
622          5.21382721       0.76195473      -0.64235699
623          5.18832103       0.79431443      -0.64141379
624          5.15581399       0.79239430      -0.69832747
625          5.13927698       0.82239999      -0.73527148
626          5.12605948       0.91193657      -0.72173552
627          5.14082271       1.01609993      -0.65859674
628          5.20738955       1.10951155      -0.58377901
629          5.27327562       1.18376877      -0.52735826
630          5.24812866       1.24499035      -0.50176854
631          5.12279035       1.29069105      -0.47902489
632          4.98112010       1.32024548      -0.44464604
633          4.90182591       1.34883144      -0.38792260
634          4.89717398       1.36911346      -0.30389980
635          4.94714631       1.35128183      -0.21210023
636          5.01494512       1.29887174      -0.15732808
637          5.06202075       1.24109524      -0.15397838
638          5.03673462       1.21382795      -0.19089270
639          4.94370780       1.21785932      -0.24298339
640          4.81091427       1.24257707      -0.29055806
641          4.70686391       1.28836165      -0.33927727
642          4.68484111       1.37158247      -0.38985337
643          4.73260258       1.47139637      -0.44302993
644          4.78685979       1.55099539      -0.48764265
645          4.83469750       1.61508898      -0.49316047
646          4.85142917       1.66902107      -0.46032580
647          4.84068429       1.72529241      -0.41016109
648          4.78796759       1.76269837      -0.37872648
649          4.73251636       1.76045103      -0.36729744
650          4.72471701       1.71232624      -0.35032411
651          4.75175078       1.63669018      -0.33956465
652          4.75886471       1.57270568      -0.34682875
653          4.74775691       1.53779273      -0.37763816
654          4.72644838       1.53687168      -0.43958775
655          4.68902571       1.55517557      -0.52471266
656          4.61231551       1.58577348      -0.59448098
657          4.52866019       1.62798234      -0.61231741
658          4.48382064       1.65761421      -0.58586575
659          4.48449777       1.62362548      -0.56443471
660          4.48983464       1.53294665      -0.57483939
661          4.46976825       1.43723052      -0.59562151
662          4.45382066       1.38220816      -0.61698208
663          4.46916638       1.38470005      -0.63703803
664          4.48740515       1.42538973      -0.65505589
665          4.51167481       1.47022413      -0.67249737
666          4.54516462       1.49082241      -0.69811713
667          4.58553331       1.49029954      -0.71957635
668          4.62073920       1.46210520      -0.69861664
669          4.60905813       1.43191332      -0.63489804
670          4.55003291       1.39637881      -0.58139242
671          4.50475054       1.39296786      -0.54664668
672          4.52465526       1.44134509      -0.51548133
673          4.58410662       1.51903218      -0.48722322
674          4.62048915       1.57514359      -0.47843445
675          4.61899118       1.58371377      -0.47017393
676          4.60698081       1.56494599      -0.45882973
677          4.60304275       1.54490234      -0.46427732
678          4.61604693       1.56534879      -0.47223367
679          4.62247250       1.62714904      -0.47148466
680          4.60142424       1.69568323      -0.47237189
681          4.55796091       1.73913642      -0.49652713
682          4.51894484       1.77548779      -0.56271037
683          4.48899997       1.82047624      -0.65505488
684          4.44462832       1.87316598      -0.73089925
685          4.37105963       1.90477777      -0.77552410
686          4.28948046       1.89198477      -0.81032439
687          4.24092946       1.83110726      -0.85360385
688          4.26994329       1.73677465      -0.89581353
689          4.35836204       1.64144994      -0.91580767
690          4.43954322       1.57489832      -0.92068567
691          4.46825306       1.52796839      -0.91962721
692          4.45995030       1.48663090      -0.92240216
693          4.43873812       1.45295054      -0.96268394
694          4.40748731       1.41612586      -1.04321571
695          4.35814398       1.34815283      -1.15652655
696          4.30673659       1.27260902      -1.26951651
697          4.30088832       1.23283609      -1.36331959
698          4.36315326       1.22789729      -1.43524788
699          4.44474575       1.22380010      -1.51595807
700          4.49506726       1.20830334      -1.59303510
701          4.49089329       1.17232017      -1.63663306
702          4.46020756       1.12840014      -1.67081200
703          4.43600744       1.09316422      -1.71105046
704          4.43960722       1.09270692      -1.74608781
705          4.44776225       1.13209696      -1.78062382
706          4.43626883       1.15692565      -1.82259617
707          4.43363626       1.11210148      -1.87148114
708          4.47184342       1.02472918      -1.91723035
709          4.52556477       0.97153714      -1.96584763
710          4.57026050       0.97941932      -1.99563820
711          4.61725296       1.01115080      -1.98937091
712          4.66885996       1.03046753      -1.95636842
713          4.67809027       1.03574060      -1.93024156
714          4.63424209       1.03308769      -1.92910292
715          4.56321173       1.01924663      -1.94607152
716          4.50546697       0.98636119      -1.97808565
717          4.46329340       0.94912001      -2.02833179
718          4.43464219       0.92406655      -2.07578977
719          4.41297339       0.92111615      -2.08085641
720          4.43120353       0.93038697      -2.03960292
721          4.45591802       0.93514282      -2.00506828
722          4.44438436       0.92205225      -2.02030407
723          4.39242876       0.92239349      -2.04801099
724          4.32498391       0.93873244      -2.05700742
725          4.25062755       0.96120024      -2.04335592
726          4.17785297       0.98427629      -2.02406119
727          4.12030487       0.99341818      -1.99979569
728          4.09298698       0.99834034      -1.95849033
729          4.07759448       1.02326017      -1.88749093
730          4.05424634       1.07539026      -1.79515898
731          4.02571669       1.14029609      -1.69108775
732          4.02608314       1.20159676      -1.59213168
733          4.04050234       1.23089570      -1.51320201
734          4.04186379       1.24926527      -1.46479672
735          4.03286937       1.27336200      -1.43302850
736          4.04046713       1.30426203      -1.41501350
737          4.06298149       1.33502554      -1.38974710
738          4.11373366       1.36127201      -1.32200403
739          4.14653477       1.39705553      -1.23907983
740          4.14921361       1.44412393      -1.21131304
741          4.12808760       1.49345546      -1.22301984
742          4.13344158       1.52920704      -1.21158203
743          4.18070025       1.54985181      -1.18882251
744          4.23785320       1.57597896      -1.16348293
745          4.30965755       1.62384060      -1.13666707
746          4.41860450       1.66342849      -1.10685823
747          4.53845371       1.67794095      -1.07699046
748          4.63940591       1.67985515      -1.04097988
749          4.69262332       1.67787635      -0.98903518
750          4.68940158       1.67121380      -0.93757978
751          4.65338698       1.65571074      -0.91799367
752          4.62368980       1.63098121      -0.94227914
753          4.62351117       1.60700635      -0.97095129
754          4.65178840       1.60515298      -0.95904230
755          4.69457901       1.61550164      -0.90391481
756          4.73038055       1.62192493      -0.84470558
757          4.72784420       1.62392010      -0.83807983
758          4.69031622       1.61443039      -0.86975569
759          4.63258958       1.60003235      -0.88073565
760          4.58518739       1.58073634      -0.81870166
761          4.55240544       1.56961572      -0.73670394
762          4.53120533       1.55328568      -0.67701723
763          4.50689207       1.53989976      -0.65843565
764          4.51003841       1.52830858      -0.66595044
765          4.57157113       1.51418479      -0.68114501
766          4.65099739       1.52655510      -0.67395446
767          4.67606832       1.59109345      -0.62364759
768          4.64399059       1.67557825      -0.56926740
769          4.60212873       1.74045437      -0.55798754
770          4.57936663       1.76754331      -0.57340134
771          4.58603163       1.77046497      -0.58425355
772          4.60058536       1.76094019      -0.57303779
773          4.61162572       1.72974189      -0.55320211
774          4.62475952       1.68347645      -0.53758865
775          4.67749521       1.65033573      -0.51166848
776          4.74627673       1.64967910      -0.45459316
777          4.78853526       1.63783549      -0.36789736
778          4.79132619       1.60518591      -0.27575551
779          4.77174660       1.58256136      -0.22290332
780          4.75843073       1.57326250      -0.21317210
781          4.79154809       1.58091660      -0.23931337
782          4.85778972       1.61065558      -0.27505273
783          4.93396395       1.66567060      -0.28075984
784          4.97620783       1.72487831      -0.21941402
785          5.00688467       1.75674621      -0.10797800
786          5.06020799       1.75102798      -0.03791838
787          5.13107269       1.72287075      -0.09424743
788          5.19643012       1.68530989      -0.22770507
789          5.24948776       1.62526468      -0.33953325
790          5.29264877       1.58864224      -0.36530827
791          5.34561304       1.59274071      -0.32790226
792          5.38643894       1.59173340      -0.29418838
793          5.41986260       1.56043116      -0.32839790
794          5.45157626       1.51175904      -0.42756531
795          5.50472701       1.46700898      -0.53220599
796          5.55972454       1.44480495      -0.56855006
797          5.59777923       1.43614947      -0.54829685
798          5.60814979       1.43861874      -0.51514388
799          5.59657847       1.43914505      -0.49930001
800          5.55918957       1.42898823      -0.49188421
801          5.52113433       1.39482649      -0.48728178
802          5.50001483       1.34116269      -0.48553189
803          5.50042735       1.27577444      -0.48804191
804          5.52281914       1.21497945      -0.47772963
805          5.56258663       1.17801363      -0.44717572
806          5.60718222       1.18009145      -0.40370112
807          5.63896118       1.21414003      -0.37334534
808          5.65646816       1.25642813      -0.35657744
809          5.68906143       1.27567430      -0.35766810
810          5.73067009       1.25769279      -0.37954699
811          5.77240729       1.20704762      -0.41687537
812          5.82122299       1.15179296      -0.43580893
813          5.86659018       1.10826087      -0.40699806
814          5.88659107       1.09740328      -0.32586343
815          5.86475441       1.11289792      -0.26960930
816          5.80147152       1.11586679      -0.26182714
817          5.71107239       1.09785587      -0.26781150
818          5.62673005       1.06839041      -0.26844319
819          5.60370817       1.05947890      -0.27115450
820          5.64351216       1.08284648      -0.27561977
821          5.67623965       1.09234170      -0.27266548
822          5.64124990       1.03531563      -0.25123474
823          5.57878596       0.94292809      -0.21046141
824          5.55932264       0.86901290      -0.14623570
825          5.60370340       0.82838527      -0.08048851
826          5.67251055       0.80181528      -0.03574953
827          5.71744951       0.75968932      -0.00747513
828          5.72770258       0.70203710       0.01848147
829          5.71882488       0.65147289       0.05731131
830          5.70763800       0.61770640       0.13881843
831          5.70004297       0.58257257       0.24158981
832          5.69807205       0.54623545       0.30262190
833          5.71679933       0.53647484       0.27478482
834          5.74817493       0.57120453       0.19208003
835          5.78105579       0.60414593       0.10848416
836          5.78673127       0.58190942       0.07463576
837          5.74764758       0.51336756       0.09560243
838          5.68922707       0.47798143       0.13628161
839          5.65059378       0.53832537       0.16621990
840          5.63549920       0.64398614       0.18652283
841          5.63521533       0.72471859       0.20758115
842          5.65281517       0.73920724       0.24202338
843          5.70172391       0.69861915       0.29161912
844          5.76662064       0.61013160       0.32351900
845          5.82332328       0.51669365       0.31210239
846          5.83209371       0.44861521       0.26575764
847          5.79251020       0.42172644       0.23463488
848          5.75111766       0.40923854       0.23908055
849          5.74682997       0.37910225       0.25893514
850          5.78633144       0.32085670       0.28234866
851          5.82303923       0.25125431       0.29621464
852          5.81956914       0.17032221       0.29408144
853          5.81588361       0.08382867       0.27582977
854          5.86105777      -0.00301044       0.26001325
855          5.94099143      -0.08378575       0.26280268
856          6.01666079      -0.16191674       0.27973918
857          6.07889439      -0.22436786       0.29039407
858          6.14200591      -0.26406489       0.28129036
859          6.18910522      -0.27735441       0.24929159
860          6.18412876      -0.29126496       0.21194001
861          6.13753114      -0.32224674       0.20656666
862          6.10525810      -0.36018631       0.24072956
863          6.11938638      -0.37994207       0.29472146
864          6.15763231      -0.38671043       0.33955434
865          6.18741971      -0.38330185       0.34512928
866          6.20070333      -0.36455167       0.29469072
867          6.20402036      -0.35231911       0.22777502
868          6.20948169      -0.36774122       0.18646989
869          6.21626574      -0.38607650       0.20361162
870          6.21262041      -0.39668508       0.27507709
871          6.19133982      -0.39940880       0.37129199
872          6.16309314      -0.37446233       0.45550467
873          6.16372464      -0.29593121       0.48368801
874          6.19536609      -0.18066159       0.46108369
875          6.19596049      -0.08465254       0.43914375
876          6.15071185      -0.03742797       0.45750093
877          6.11434188      -0.04021147       0.48961844
878          6.11317379      -0.06953329       0.49714299
879          6.12564250      -0.09402146       0.49607190
880          6.11700339      -0.11486845       0.51730661
881          6.06358012      -0.10914302       0.56263718
882          5.99748990      -0.08903198       0.59431172
883          5.96797861      -0.07584136       0.58201179
884          5.98877048      -0.08077679       0.54222117
885          6.01296462      -0.09123263       0.49920549
886          5.98853472      -0.06790876       0.47374012
887          5.93866370      -0.00879916       0.47349870
888          5.91497592       0.06401694       0.49678059
889          5.94427081       0.12281339       0.52478990
890          6.00676303       0.16953805       0.51670355
891          6.05855138       0.21049159       0.46387812
892          6.05894477       0.21917685       0.42174797
893          6.02089113       0.20668784       0.41088162
894          5.97496610       0.19585323       0.39681146
895          5.94624310       0.19839978       0.35453288
896          5.92624003       0.21939756       0.31519658
897          5.92328163       0.25172578       0.31838871
898          5.96141916       0.29447461       0.35358524
899          6.02330454       0.32357884       0.38506270
900          6.09092502       0.31273599       0.39517077
901          6.13402615       0.27781870       0.38965623
902          6.14772855       0.26808040       0.36998631
903          6.14592467       0.32722377       0.36250620
904          6.14710231       0.41994340       0.40065282
905          6.17468216       0.50164788       0.47289004
906          6.21438302       0.54957399       0.53090857
907          6.25825125       0.57306284       0.54176600
908          6.28836207       0.57605257       0.52751793
909          6.28854396       0.58615555       0.52277173
910          6.25663329       0.62100609       0.53617766
911          6.19777805       0.64894594       0.55239134
912          6.11377832       0.64060171       0.59266169
913          6.02371185       0.62508465       0.67006059
914          5.96067874       0.64234437       0.75295776
915          5.94926664       0.68795359       0.81700119
916          5.97771384       0.70790186       0.85595676
917          6.03008428       0.69830470       0.85383706
918          6.09108106       0.67890948       0.81914660
919          6.14091284       0.65881981       0.78112069
920          6.18544471       0.63109466       0.75996258
921          6.24630258       0.62534083       0.76654242
922          6.32641775       0.66452575       0.79791987
923          6.40349272       0.73822086       0.83598830
924          6.43522276       0.79587386       0.86129165
925          6.41701178       0.82714672       0.86324165
926          6.39596076       0.84208301       0.83350971
927          6.37294607       0.85692630       0.77790086
928          6.34446225       0.88332149       0.70705432
929          6.33273725       0.92944594       0.61105919
930          6.35422481       0.98298695       0.51643767
931          6.37734158       1.02623744       0.45304909
932          6.37529638       1.04101697       0.42251779
933          6.35384574       1.01618760       0.41923401
934          6.34951849       0.98895574       0.42876468
935          6.37057910       0.98684638       0.43555642
936          6.39274979       0.98492752       0.43861611
937          6.42420659       0.95599187       0.45072577
938          6.46936978       0.90565681       0.47417414
939          6.50382805       0.85467096       0.49141815
940          6.50411906       0.82063995       0.47960540
941          6.45513711       0.82137384       0.44185999
942          6.36629107       0.85101645       0.42714737
943          6.28208105       0.89464376       0.45312940
944          6.26130327       0.94155255       0.48928469
945          6.31162038       0.98099348       0.53415303
946          6.34040652       0.99568377       0.56422577
947          6.28333570       0.98564185       0.58204483
948          6.19063299       0.97213373       0.58670862
949          6.13255078       0.95182479       0.58067764
950          6.12100010       0.91149985       0.54674191
951          6.13273284       0.86886949       0.47417685
952          6.13124531       0.85467942       0.36881045
953          6.13707519       0.84341175       0.28437538
954          6.15493745       0.80897096       0.24831615
955          6.15695730       0.78676447       0.22276781
956          6.11767942       0.79237725       0.16039156
957          6.04000612       0.78794991       0.11132132
958          5.94708553       0.76094740       0.12984123
959          5.84557816       0.72995134       0.22003274
960          5.74779131       0.70302953       0.33413899
961          5.68049486       0.69010831       0.44769055
962          5.61688642       0.69951561       0.50740652
963          5.52367627       0.73918345       0.49368135
964          5.42037983       0.78986202       0.44524758
965          5.34506840       0.83009874       0.38959918
966          5.29985334       0.84678777       0.31207783
967          5.26455234       0.85019889       0.23993429
968          5.21006509       0.84435521       0.23416229
969          5.15466660       0.85065109       0.30377776
970          5.09881708       0.88874476       0.37399298
971          5.04658032       0.93357194       0.39157347
972          4.99628984       0.93766236       0.34876688
973          4.94485302       0.90031218       0.25858231
974          4.89782709       0.84893000       0.13649494
975          4.86803403       0.78277494       0.04000416
976          4.82696853       0.71713542      -0.01404075
977          4.78176354       0.68970841      -0.05960872
978          4.76644338       0.69572425      -0.10467961
979          4.79448529       0.72596369      -0.16740660
980          4.84816019       0.74641055      -0.27217332
981          4.88387381       0.74219233      -0.40760838
982          4.86528571       0.71240088      -0.54100538
983          4.80199799       0.66355610      -0.63096616
984          4.75632305       0.62642040      -0.67959412
985          4.77631648       0.62386142      -0.71402272
986          4.85746542       0.65081420      -0.74479748
987          4.93145523       0.68176069      -0.75244962
988          4.94124982       0.72087824      -0.75440416
989          4.90874692       0.76769852      -0.76737042
990          4.87807320       0.81731285      -0.79582451
991          4.84737781       0.86241887      -0.81853518
992          4.79294144       0.90374108      -0.82810182
993          4.73215701       0.94320729      -0.81319578
994          4.71441240       0.96888692      -0.76108554
995          4.77389644       0.99227974      -0.69910988
996          4.86729277       1.02222034      -0.65782950
997          4.94445201       1.03557278      -0.64184587
998          4.96911973       1.00557458      -0.63647411
999          4.94962389       0.93672482      -0.63198200
1000         4.92312901       0.86880362      -0.62614908
