1            0.00000000       0.00000000       0.00000000       0.00000000
2            0.00425671       0.00095670       0.00325863       0.00004137
3            0.01437190       0.00446940       0.00850439       0.00139810
4            0.03327780       0.00794394       0.01747671       0.00785715
5            0.06196735       0.00778143       0.03510072       0.01908519
6            0.10144375       0.00942291       0.05856987       0.03345098
7            0.13910730       0.00634791       0.08801245       0.04474694
8            0.15995312       0.00016840       0.12298683       0.03679789
9            0.17106710       0.00529000       0.14733799       0.01843911
10           0.18721609       0.01252813       0.16168657       0.01300140
11           0.22724896       0.01166422       0.19714410       0.01844065
12           0.30024005       0.00514715       0.26974061       0.02535230
13           0.38774952       0.00132379       0.36680813       0.01961759
14           0.44224233       0.00144786       0.43109065       0.00970382
15           0.43626498       0.00274815       0.42995306       0.00356377
16           0.40949625       0.00069539       0.40826255       0.00053831
17           0.40017245       0.00501734       0.39486360       0.00029151
18           0.40016731       0.03373389       0.36558420       0.00084922
19           0.39443391       0.08131099       0.31191473       0.00120818
20           0.36432495       0.11402770       0.24872510       0.00157215
21           0.31490002       0.10120287       0.20962370       0.00407345
22           0.28087364       0.05602413       0.21430457       0.01054493
23           0.30686557       0.02070846       0.25964709       0.02651002
24           0.34901010       0.00155992       0.29717156       0.05027862
25           0.38565656       0.00433574       0.31494396       0.06637686
26           0.42861011       0.02682346       0.33718105       0.06460560
27           0.48055780       0.05451727       0.35553872       0.07050181
28           0.51991725       0.08255085       0.34127714       0.09608926
29           0.54695301       0.10567628       0.31445054       0.12682619
30           0.57015431       0.11737540       0.32047476       0.13230415
31           0.59792411       0.13695340       0.36262192       0.09834879
32           0.67645154       0.18736529       0.42198134       0.06710491
33           0.81197599       0.27665704       0.47678159       0.05853735
34           0.97684601       0.36718705       0.53717996       0.07247899
35           1.10101314       0.43318038       0.58414174       0.08369102
36           1.11628485       0.47022829       0.56855833       0.07749822
37           1.07196635       0.49965386       0.51127954       0.06103295
38           1.01382200       0.51349293       0.45429063       0.04603844
39           0.99534734       0.53557884       0.41614722       0.04362128
40           1.01969454       0.57472716       0.39172496       0.05324242
41           1.07904378       0.59814552       0.41232738       0.06857088
42           1.16653726       0.61046111       0.48281801       0.07325813
43           1.25997051       0.60667758       0.57296921       0.08032372
44           1.34072578       0.58447098       0.66275682       0.09349797
45           1.36971319       0.53910654       0.71718900       0.11341764
46           1.39033072       0.52828304       0.73733249       0.12471518
47           1.37927375       0.54037768       0.71792844       0.12096763
48           1.29691606       0.54441123       0.63675896       0.11574587
49           1.19932759       0.52624961       0.57122625       0.10185172
50           1.04952092       0.47813545       0.47114323       0.10024224
51           0.87625526       0.43113186       0.34699900       0.09812440
52           0.76855286       0.42580307       0.24237511       0.10037467
53           0.68017479       0.42823327       0.15069675       0.10124477
54           0.60692261       0.42663940       0.08879682       0.09148639
55           0.53840379       0.40740159       0.05738462       0.07361759
56           0.44172020       0.33749001       0.03697242       0.06725778
57           0.36477406       0.26509996       0.02225966       0.07741443
58           0.34154286       0.23291944       0.01449042       0.09413300
59           0.33633748       0.20490110       0.01329403       0.11814235
60           0.34560694       0.18097774       0.01421551       0.15041370
61           0.37557615       0.17257339       0.01660050       0.18640227
62           0.40341498       0.18066546       0.01596639       0.20678312
63           0.42240895       0.20877617       0.00988562       0.20374715
64           0.45742140       0.26252671       0.00840279       0.18649191
65           0.51891968       0.33235650       0.01291160       0.17365158
66           0.60582129       0.39249151       0.02115520       0.19217458
67           0.70283033       0.43428745       0.02695713       0.24158575
68           0.78709419       0.45080016       0.02679040       0.30950364
69           0.81292754       0.42049745       0.03402506       0.35840503
70           0.81724187       0.36330643       0.06486897       0.38906647
71           0.83239019       0.30676297       0.12654802       0.39907919
72           0.86602789       0.26719206       0.20763294       0.39120289
73           0.93254080       0.23859397       0.31631166       0.37763517
74           1.03278049       0.23023766       0.44162827       0.36091456
75           1.14752992       0.22141017       0.56276342       0.36335634
76           1.24899093       0.18709404       0.68309577       0.37880112
77           1.29107438       0.14583902       0.78222085       0.36301452
78           1.25403384       0.09778300       0.81301752       0.34323332
79           1.20605890       0.05629461       0.79845478       0.35130951
80           1.06379397       0.03795589       0.73792967       0.28790841
81           0.92884635       0.02276271       0.63867972       0.26740392
82           0.76945628       0.01204760       0.53224935       0.22515933
83           0.64166944       0.00059232       0.44176401       0.19931311
84           0.55982813       0.00590390       0.35239829       0.20152594
85           0.49845121       0.02632174       0.24627176       0.22585771
86           0.50022101       0.06522801       0.18553286       0.24946013
87           0.54762942       0.11903538       0.18037597       0.24821808
88           0.57374456       0.16710217       0.20886456       0.19777784
89           0.60016372       0.21176555       0.26210356       0.12629461
90           0.63927815       0.24321450       0.31621484       0.07984881
91           0.67130414       0.25639443       0.35508537       0.05982434
92           0.67972094       0.25438054       0.37170180       0.05363859
93           0.68504015       0.26329801       0.37076525       0.05097689
94           0.70268172       0.29394008       0.36111422       0.04762742
95           0.72807866       0.32246757       0.36070301       0.04490807
96           0.74760329       0.34101328       0.36392422       0.04266580
97           0.77375397       0.37652478       0.35004835       0.04718084
98           0.80999124       0.42906515       0.32960305       0.05132304
99           0.81276167       0.46291665       0.30242615       0.04741887
100          0.78650633       0.46438058       0.28110023       0.04102553
101          0.71687532       0.44854832       0.23937498       0.02895203
102          0.63272993       0.42382278       0.18769943       0.02120772
103          0.56706767       0.40741481       0.14232749       0.01732537
104          0.52520301       0.39700934       0.10520432       0.02298935
105          0.50451940       0.38589442       0.07947785       0.03914713
106          0.49996858       0.36646924       0.07995127       0.05354807
107          0.54441352       0.37179533       0.12358156       0.04903663
108          0.62448218       0.38217088       0.20371740       0.03859390
109          0.68066897       0.37381617       0.27530979       0.03154301
110          0.66838865       0.34739166       0.29882740       0.02216958
111          0.62650616       0.31816272       0.29365178       0.01469166
112          0.58162518       0.28838602       0.28454667       0.00869249
113          0.51772829       0.25516423       0.25528421       0.00727985
114          0.40847309       0.21336445       0.18909655       0.00601209
115          0.29730872       0.16718599       0.12741964       0.00270310
116          0.26256698       0.15843137       0.10337413       0.00076149
117          0.32009580       0.21596025       0.10188538       0.00225016
118          0.44233643       0.32249385       0.11221149       0.00763109
119          0.59272966       0.44721903       0.13545151       0.01005912
120          0.72502886       0.55367340       0.16559869       0.00575678
121          0.80875653       0.60464907       0.20249322       0.00161423
122          0.81346103       0.59969225       0.21334009       0.00042869
123          0.74936128       0.55480644       0.19455446       0.00000039
124          0.68598527       0.50704055       0.17842882       0.00051590
125          0.66714476       0.47891005       0.18435284       0.00388187
126          0.61701809       0.40641945       0.19929563       0.01130302
127          0.50846088       0.29284896       0.19740923       0.01820268
128          0.41464313       0.18174911       0.20546232       0.02743170
129          0.41087961       0.12563836       0.24051927       0.04472198
130          0.48341915       0.12667183       0.29425723       0.06249009
131          0.58934356       0.16241776       0.36377083       0.06315497
132          0.64852013       0.18290603       0.42463861       0.04097549
133          0.64681206       0.16739987       0.46333756       0.01607464
134          0.62172240       0.14262597       0.47403885       0.00505758
135          0.56943888       0.11990858       0.44770062       0.00182968
136          0.52085898       0.09713639       0.41988746       0.00383513
137          0.50778774       0.07008143       0.42587905       0.01182726
138          0.53571033       0.04731861       0.46785217       0.02053955
139          0.59255609       0.03297772       0.53647065       0.02310771
140          0.67198478       0.03028982       0.61593088       0.02576408
141          0.78172741       0.03267065       0.72309303       0.02596372
142          0.90802047       0.03567115       0.85417433       0.01817500
143          1.01349830       0.03656143       0.97085777       0.00607911
144          1.06731563       0.03491470       1.03239855       0.00000238
145          1.08165110       0.03407820       1.04218272       0.00539018
146          1.10698623       0.03544232       1.05441371       0.01713019
147          1.18266343       0.03782790       1.10440271       0.04043282
148          1.31050431       0.03882061       1.19595136       0.07573234
149          1.43227739       0.04822511       1.29131121       0.09274107
150          1.59194559       0.06906499       1.43411161       0.08876900
151          1.74727295       0.08706236       1.58318876       0.07702184
152          1.94571419       0.09174418       1.77580288       0.07816713
153          2.15505142       0.10147605       1.96394676       0.08962861
154          2.36015583       0.11923085       2.13453868       0.10638631
155          2.55916067       0.14564213       2.28060171       0.13291683
156          2.76525884       0.17934204       2.40553753       0.18037927
157          3.01629185       0.22194974       2.57315118       0.22119093
158          3.28448683       0.27429828       2.79187363       0.21831493
159          3.61358071       0.32856727       3.09722668       0.18778675
160          3.94822645       0.37845831       3.41422862       0.15553952
161          4.27854325       0.43837930       3.69898396       0.14118000
162          4.55567908       0.51000317       3.91884867       0.12682724
163          4.75103739       0.54506205       4.09343968       0.11253565
164          4.91509659       0.52594622       4.27289522       0.11625515
165          5.03768302       0.47790338       4.42202375       0.13775589
166          5.04830697       0.45170885       4.44220568       0.15439244
167          4.96681605       0.44252179       4.36429694       0.15999732
168          4.89360488       0.42988230       4.30268879       0.16103378
169          4.97831685       0.41847763       4.41090741       0.14893181
170          5.28441794       0.43694150       4.73354147       0.11393496
171          5.70663775       0.48506770       5.15691750       0.06465255
172          6.03974364       0.53622852       5.47625176       0.02726336
173          6.16969001       0.56614066       5.59785398       0.00569538
174          6.16247012       0.56761851       5.59477011       0.00008150
175          6.07440891       0.53817545       5.53582313       0.00041034
176          6.01419712       0.49537539       5.51817774       0.00064399
177          5.99201418       0.48734671       5.50341220       0.00125527
178          6.07925181       0.54368889       5.53177949       0.00378343
179          6.21030327       0.64949513       5.55054305       0.01026509
180          6.29259373       0.75022431       5.52489938       0.01747004
181          6.32496955       0.83661801       5.45793239       0.03041915
182          6.36759028       0.90852899       5.40841006       0.05065124
183          6.44193079       0.95455724       5.42141145       0.06596211
184          6.50889985       0.96625752       5.46715460       0.07548773
185          6.58919940       0.95212635       5.54153106       0.09554199
186          6.66162034       0.94387056       5.58068311       0.13706667
187          6.67443452       0.92022437       5.57079876       0.18341139
188          6.64854999       0.86380756       5.55409112       0.23065131
189          6.64364511       0.81951917       5.55805200       0.26607395
190          6.54631395       0.82508123       5.45528507       0.26594765
191          6.26058590       0.88824440       5.14954798       0.22279352
192          5.85231855       0.90667465       4.77498781       0.17065609
193          5.58327174       0.86868169       4.58299390       0.13159615
194          5.63827312       0.85394699       4.65855143       0.12577470
195          5.97646006       0.93673684       4.89433138       0.14539185
196          6.39048940       1.11173053       5.10538417       0.17337469
197          6.81041549       1.33343006       5.27645101       0.20053442
198          7.20138722       1.55650239       5.43203398       0.21285085
199          7.34191088       1.73382124       5.40183921       0.20625042
200          7.08987021       1.83068666       5.06990142       0.18928212
201          6.66194788       1.85825126       4.62094835       0.18274827
202          6.15261748       1.84674516       4.11729206       0.18858026
203          5.64174824       1.80238640       3.62849623       0.21086561
204          5.26686597       1.74369331       3.26369498       0.25947767
205          5.00403170       1.67783271       3.01050625       0.31569274
206          4.92078321       1.65696300       2.88023914       0.38358107
207          5.01894639       1.71237704       2.87468844       0.43188091
208          5.29671903       1.87842238       2.96222720       0.45606945
209          5.67278761       2.10807982       3.08203119       0.48267660
210          5.92969705       2.32070046       3.09714646       0.51185013
211          5.80376661       2.42517376       2.86235372       0.51623913
212          5.40764516       2.40926148       2.48883018       0.50955350
213          5.04344658       2.32435573       2.22492295       0.49416790
214          4.83048210       2.19575901       2.16056826       0.47415482
215          4.79486458       2.09365770       2.23239936       0.46880752
216          4.91481941       2.08173114       2.30685538       0.52623289
217          5.20517498       2.17860649       2.35985566       0.66671283
218          5.63143657       2.34565490       2.38768250       0.89809916
219          6.11509372       2.55675818       2.34611316       1.21222238
220          6.50156350       2.70114866       2.26314249       1.53727236
221          6.64334791       2.68656830       2.21024564       1.74653397
222          6.58798579       2.56862988       2.19960471       1.81975120
223          6.47166021       2.45925676       2.15152128       1.86088217
224          6.28376453       2.40115321       1.98532169       1.89728963
225          6.04258741       2.41182851       1.70057874       1.93018016
226          5.99402516       2.52528191       1.44236384       2.02637941
227          6.14739596       2.68170743       1.24165584       2.22403269
228          6.36779412       2.81003560       1.09223117       2.46552735
229          6.54427994       2.88288400       0.98280351       2.67859242
230          6.64575065       2.95724761       0.87868398       2.80981906
231          6.77312359       3.04664028       0.76720670       2.95927661
232          6.92477608       3.09025231       0.65998549       3.17453827
233          6.90938560       2.99485546       0.57147286       3.34305727
234          6.75068390       2.86136901       0.49605127       3.39326363
235          6.63988976       2.85526534       0.42108350       3.36354092
236          6.62063988       2.95412899       0.36184592       3.30466497
237          6.60108741       3.03438799       0.33170660       3.23499282
238          6.51728238       3.05565877       0.31967642       3.14194719
239          6.36831859       3.01899570       0.29268906       3.05663384
240          6.22923276       2.91923318       0.24091061       3.06908897
241          6.08175287       2.76858088       0.19044176       3.12273024
242          5.90714605       2.59452400       0.15919696       3.15342508
243          5.83751799       2.50434053       0.12287591       3.21030155
244          5.88891758       2.45861365       0.07112532       3.35917860
245          5.89175316       2.30684542       0.02519324       3.55971451
246          5.89788717       2.09209966       0.00569881       3.80008870
247          5.93397279       1.87710444       0.00077301       4.05609534
248          5.99558254       1.63106295       0.00011953       4.36440006
249          6.00842066       1.34371884       0.00079152       4.66391030
250          5.91525321       1.07083898       0.00399882       4.84041541
251          5.87616642       0.92856853       0.00262651       4.94497138
252          5.99453821       0.85404025       0.00000594       5.14049203
253          6.12015418       0.76526183       0.00039524       5.35449710
254          6.13450891       0.66292739       0.00000151       5.47158001
255          6.16824171       0.54277815       0.00133392       5.62412964
256          6.29599850       0.47198403       0.00384129       5.82017319
257          6.35783868       0.44222898       0.00709681       5.90851289
258          6.23239909       0.38584100       0.00785015       5.83870794
259          5.98543769       0.32034864       0.00812948       5.65695957
260          5.73106523       0.29882474       0.00962036       5.42262014
261          5.61377604       0.30338817       0.01089818       5.29948968
262          5.75265491       0.33589349       0.01147521       5.40528621
263          6.05245981       0.37497125       0.02899720       5.64849137
264          6.31473850       0.39159564       0.08502890       5.83811397
265          6.52263835       0.41565862       0.16532578       5.94165395
266          6.62546400       0.43697700       0.22974627       5.95874073
267          6.72106149       0.45646303       0.27068822       5.99391024
268          6.94802330       0.48514146       0.28683453       6.17604731
269          7.18114924       0.52634674       0.25883976       6.39596275
270          7.24388512       0.56261927       0.24212767       6.43913818
271          7.11806631       0.58704235       0.26767179       6.26335217
272          6.92132382       0.62984324       0.30637477       5.98510581
273          6.85677801       0.68531440       0.34346811       5.82799551
274          6.88900436       0.71598160       0.39230854       5.78071422
275          6.96495630       0.71084791       0.47503475       5.77907364
276          7.06353949       0.68016324       0.56338265       5.81999360
277          7.12129284       0.65221833       0.62800876       5.84106575
278          7.21934848       0.63768923       0.65718165       5.92447760
279          7.41161176       0.62935021       0.66934046       6.11292108
280          7.63070647       0.62041577       0.67170631       6.33858438
281          7.73958549       0.63097400       0.68873970       6.41987178
282          7.70672039       0.69558195       0.72482689       6.28631154
283          7.63984780       0.82085769       0.76670897       6.05228114
284          7.62936108       0.95891566       0.79197711       5.87846831
285          7.68126455       1.05625613       0.78119761       5.84381082
286          7.76613522       1.11424979       0.76848023       5.88340520
287          7.84998186       1.17078764       0.74708953       5.93210469
288          7.93661317       1.24854805       0.71300357       5.97506154
289          8.04567714       1.29972144       0.68295385       6.06300186
290          8.18284018       1.27762016       0.68907944       6.21614058
291          8.30221695       1.17276795       0.71082427       6.41862473
292          8.23578641       1.03902433       0.71429747       6.48246460
293          7.94283556       0.93153089       0.69607334       6.31523132
294          7.55327062       0.88733972       0.67720669       5.98872421
295          7.15029671       0.91223654       0.64677198       5.59128819
296          6.82780591       0.93794053       0.59056506       5.29930032
297          6.60683070       0.91349127       0.51743802       5.17590142
298          6.43007182       0.86208272       0.43456034       5.13342875
299          6.29447443       0.83112492       0.35679240       5.10655711
300          6.24485816       0.84334815       0.26949903       5.13201097
301          6.33457145       0.89330561       0.17498476       5.26628108
302          6.61019762       0.97253555       0.10241077       5.53525131
303          6.99569984       1.04799574       0.06599581       5.88170830
304          7.20907337       1.09070013       0.05562702       6.06274622
305          7.06305448       1.06313683       0.06003956       5.93987808
306          6.74366691       0.99548782       0.07908000       5.66909909
307          6.61654630       0.96466080       0.09844189       5.55344361
308          6.67453321       0.99518501       0.10788298       5.57146522
309          6.58784119       1.03305050       0.10271671       5.45207397
310          6.19490682       1.00306851       0.09256654       5.09927177
311          5.68421311       0.90986592       0.08119381       4.69315339
312          5.22704918       0.77421882       0.06714910       4.38568126
313          4.96476795       0.69450317       0.04385571       4.22640907
314          4.86288093       0.68029699       0.02391903       4.15866492
315          4.84985419       0.71167527       0.01524960       4.12292932
316          4.84590974       0.75705146       0.01104557       4.07781271
317          4.74925403       0.76016476       0.01181542       3.97727385
318          4.57206481       0.71898601       0.00974109       3.84333770
319          4.41598005       0.67743649       0.00381265       3.73473091
320          4.42352024       0.68583429       0.00003203       3.73765392
321          4.51525630       0.72470427       0.00126971       3.78928232
322          4.56368453       0.77980929       0.00670367       3.77717157
323          4.52916847       0.80312685       0.01470125       3.71134037
324          4.38363632       0.79003596       0.01639641       3.57720395
325          4.18543035       0.77294880       0.01211420       3.40036735
326          4.01336059       0.75170714       0.01465070       3.24700276
327          3.90569070       0.68752513       0.02880924       3.18935634
328          3.87290000       0.58787580       0.04693275       3.23809145
329          3.91931411       0.51647406       0.06914575       3.33369430
330          4.01271480       0.46384612       0.09223185       3.45663684
331          4.15492886       0.41396168       0.10248292       3.63848426
332          4.27078964       0.36435375       0.09524758       3.81118831
333          4.33672658       0.33163402       0.08844700       3.91664555
334          4.41041340       0.30966088       0.07611539       4.02463714
335          4.60040003       0.28186715       0.06980115       4.24873173
336          4.88842003       0.26518754       0.07083111       4.55240139
337          5.17142029       0.26581227       0.07435825       4.83124976
338          5.40371093       0.24664431       0.08520757       5.07185906
339          5.59878942       0.18019063       0.11158412       5.30701466
340          5.75712869       0.11634042       0.16553084       5.47525743
341          5.85527239       0.08762317       0.21929945       5.54834977
342          5.85409471       0.08629618       0.23016165       5.53763689
343          5.74424698       0.08351118       0.20541808       5.45531773
344          5.61872662       0.07005176       0.19992322       5.34875164
345          5.57528976       0.06764508       0.22758617       5.28005851
346          5.51116414       0.08138803       0.26684591       5.16293020
347          5.35972800       0.09180130       0.29048494       4.97744176
348          5.17482851       0.09925221       0.30084957       4.77472673
349          5.02237914       0.13786832       0.30470636       4.57980446
350          4.95255760       0.21896856       0.29763713       4.43595190
351          5.03524987       0.34671016       0.26386271       4.42467700
352          5.12828084       0.46799987       0.21162454       4.44865643
353          5.02913928       0.55684978       0.16007759       4.31221191
354          4.82784412       0.61186774       0.12782932       4.08814706
355          4.68462517       0.61613289       0.11748052       3.95101176
356          4.60873187       0.58206289       0.11115149       3.91551749
357          4.50036933       0.52428481       0.10073313       3.87535139
358          4.37439157       0.48252388       0.08902417       3.80284352
359          4.33252917       0.47216853       0.09497746       3.76538319
360          4.31310829       0.44686114       0.12389588       3.74235126
361          4.22075636       0.40542877       0.18204698       3.63328061
362          4.07427751       0.36970385       0.25384630       3.45072736
363          3.93399456       0.34097074       0.32523347       3.26779035
364          3.90617076       0.32486187       0.37435471       3.20695418
365          3.94484750       0.30340544       0.38781931       3.25362276
366          3.93352669       0.26315800       0.39480971       3.27555898
367          3.79268285       0.20126854       0.42991962       3.16149470
368          3.59374837       0.13509810       0.47626070       2.98238956
369          3.42342145       0.08867199       0.46700724       2.86774222
370          3.34862477       0.07196921       0.40426893       2.87238663
371          3.34094572       0.06585939       0.32663386       2.94845247
372          3.30616722       0.04993961       0.27993300       2.97629461
373          3.24696983       0.03183234       0.26002927       2.95510822
374          3.24113861       0.01697695       0.26650902       2.95765264
375          3.29145176       0.00851849       0.29295401       2.98997926
376          3.32750107       0.00261358       0.33945169       2.98543580
377          3.29739896       0.00031441       0.38997512       2.90710943
378          3.24736069       0.01054653       0.41891127       2.81790289
379          3.20924291       0.02896429       0.44090361       2.73937501
380          3.25296067       0.04349206       0.47402863       2.73543999
381          3.40934123       0.05741387       0.53742045       2.81450691
382          3.58326450       0.06610848       0.63085835       2.88629767
383          3.75896513       0.07102745       0.76528396       2.92265372
384          3.85463326       0.08279100       0.86842242       2.90341984
385          3.86128896       0.11146287       0.89056316       2.85926293
386          3.76925029       0.14313421       0.84038474       2.78573134
387          3.64827782       0.16649725       0.78237054       2.69941003
388          3.54258828       0.18690002       0.75601138       2.59967688
389          3.47203186       0.21319411       0.72922982       2.52960793
390          3.39468877       0.24011295       0.68602117       2.46855465
391          3.34199215       0.26404982       0.64260174       2.43534058
392          3.40065066       0.30081444       0.65571916       2.44411706
393          3.53808310       0.34154954       0.70062470       2.49590887
394          3.66376666       0.35222797       0.72902319       2.58251550
395          3.74082843       0.33207271       0.73543874       2.67331699
396          3.80057575       0.32131441       0.72451985       2.75474148
397          3.84771490       0.34765005       0.73505898       2.76500587
398          3.83401130       0.39752802       0.74035921       2.69612407
399          3.78972663       0.46286280       0.74475200       2.58211183
400          3.82959238       0.53632273       0.78468526       2.50858440
401          3.90878068       0.58458854       0.84169153       2.48250061
402          3.96844201       0.59582714       0.88303707       2.48957780
403          4.03866356       0.60258777       0.91832802       2.51774776
404          4.22455529       0.63536975       0.99905786       2.59012767
405          4.58200413       0.70228427       1.11387585       2.76584400
406          4.95080900       0.76746182       1.20685213       2.97649505
407          5.13945168       0.83177484       1.24939292       3.05828392
408          5.23432637       0.91554891       1.32302142       2.99575605
409          5.36753691       1.01819472       1.44017525       2.90916694
410          5.51693392       1.13278345       1.52300836       2.86114211
411          5.63547856       1.23894989       1.56365439       2.83287429
412          5.75975005       1.32983073       1.60716435       2.82275496
413          5.90979010       1.34317634       1.69884241       2.86777134
414          6.15195239       1.27715838       1.85808471       3.01670930
415          6.52877312       1.19715352       2.07921695       3.25240265
416          6.97675238       1.18787510       2.27073989       3.51813739
417          7.32384238       1.30744447       2.31134554       3.70505237
418          7.44653594       1.54910411       2.11829645       3.77913538
419          7.50387879       1.81926589       1.87933832       3.80527458
420          7.56343088       2.02332688       1.71602426       3.82407975
421          7.65295589       2.16655720       1.62981740       3.85658129
422          7.69383047       2.26353656       1.56161258       3.86868133
423          7.73854671       2.36983259       1.49541199       3.87330212
424          7.88601029       2.42894731       1.47647003       3.98059296
425          8.07695621       2.36439114       1.52078747       4.19177760
426          8.25575636       2.21714801       1.60052694       4.43808141
427          8.47968209       2.16489895       1.67470048       4.64008266
428          8.76737067       2.29507362       1.72387271       4.74842434
429          9.08877533       2.55243472       1.70964001       4.82670060
430          9.33446836       2.80656780       1.65124374       4.87665682
431          9.40443443       2.97877341       1.55975193       4.86590909
432          9.33608572       3.07140690       1.47331292       4.79136591
433          9.26186541       3.09842324       1.39203073       4.77141144
434          9.37732156       3.08494335       1.40161938       4.89075883
435          9.73837777       3.10845444       1.49094618       5.13897716
436         10.21077805       3.28580128       1.54742053       5.37755623
437         10.65527383       3.49196292       1.58288410       5.58042680
438         10.98043939       3.66680149       1.61030278       5.70333512
439         11.22418931       3.81997780       1.61727494       5.78693657
440         11.41447121       4.03812731       1.56859759       5.80774631
441         11.48903038       4.24006969       1.54353301       5.70542768
442         11.38745577       4.30086987       1.56960884       5.51697705
443         11.24415679       4.25602309       1.66191370       5.32622000
444         11.12503419       4.16372403       1.81268409       5.14862607
445         10.98240502       4.13405119       1.94286892       4.90548491
446         10.78943218       4.19491846       2.01845336       4.57606035
447         10.75967821       4.36468076       2.09725923       4.29773822
448         10.97862470       4.51757392       2.22414725       4.23690352
449         11.26367379       4.49109137       2.38217373       4.39040869
450         11.43181603       4.25421551       2.55943958       4.61816094
451         11.46721390       3.91346602       2.71377217       4.83997571
452         11.38299626       3.60253538       2.79450486       4.98595602
453         11.26314602       3.39894429       2.81526881       5.04893292
454         11.16869604       3.26549721       2.82178213       5.08141669
455         11.16776911       3.16742503       2.87789174       5.12245234
456         11.31121989       3.18734058       3.00554333       5.11833598
457         11.63706955       3.36201767       3.17772672       5.09732516
458         12.02260074       3.65106626       3.35406350       5.01747098
459         12.42513265       3.90701864       3.62941622       4.88869779
460         12.79239191       4.04618990       4.00883359       4.73736842
461         13.01710209       4.07453571       4.29929526       4.64327113
462         12.90806697       4.01360399       4.31315506       4.58130792
463         12.59800964       3.93453364       4.15048816       4.51298784
464         12.33233126       3.88815421       4.00172427       4.44245278
465         12.19123294       3.91478052       3.88079248       4.39565994
466         12.17749366       4.00570311       3.73683633       4.43495422
467         12.14328364       4.10753818       3.52788369       4.50786176
468         12.14410561       4.22197410       3.30233981       4.61979170
469         12.23058003       4.37754015       3.12213570       4.73090419
470         12.46330913       4.59542495       3.02893396       4.83895022
471         12.72605787       4.84332363       2.97219490       4.91053935
472         12.91881046       4.99171890       2.92740544       4.99968612
473         12.95388898       4.91175116       2.91329886       5.12883896
474         12.93064457       4.72998735       2.91124931       5.28940790
475         12.94541550       4.63230993       2.89799665       5.41510893
476         12.97606646       4.66220074       2.83201418       5.48185155
477         13.06092021       4.80938624       2.72271391       5.52882006
478         13.08592637       5.00100173       2.55925986       5.52566478
479         13.03868623       5.16575371       2.37009473       5.50283779
480         12.89329656       5.23805546       2.19362957       5.46161153
481         12.80604549       5.30047354       2.07252529       5.43304665
482         12.86430293       5.40111070       2.00205608       5.46113615
483         13.05937784       5.56961454       1.95516937       5.53459393
484         13.26169648       5.73730975       1.91905396       5.60533278
485         13.40364859       5.79918753       1.91144359       5.69301747
486         13.53180810       5.73931960       1.96201206       5.83047643
487         13.62714525       5.60797159       2.05363692       5.96553675
488         13.70495936       5.48325995       2.12289329       6.09880611
489         13.60657126       5.32285244       2.09028296       6.19343586
490         13.43810028       5.20829215       1.96430493       6.26550320
491         13.28276886       5.18931188       1.77406257       6.31939441
492         13.22574152       5.27894435       1.52386725       6.42292992
493         13.20334478       5.39545661       1.29644847       6.51143970
494         13.17120773       5.49764501       1.14707191       6.52649081
495         13.02432532       5.45297232       1.09869372       6.47265928
496         12.80960156       5.31563974       1.06502175       6.42894007
497         12.43801052       5.12423528       1.02447104       6.28930420
498         11.87541398       4.87481194       0.98783455       6.01276749
499         11.23084121       4.63076425       0.96056265       5.63951431
500         10.72155575       4.42588802       0.96060266       5.33506508
501         10.56008956       4.28282450       1.02037926       5.25688580
502         10.65648881       4.15215653       1.14775836       5.35657391
503         10.85109744       4.03395640       1.29632436       5.52081668
504         11.05067808       3.93917532       1.43089580       5.68060695
505         11.14517136       3.88992820       1.50254678       5.75269638
506         11.07408682       3.87905799       1.48887833       5.70615050
507         10.90741866       3.93720735       1.41990961       5.55030170
508         10.84919459       4.11291108       1.35495052       5.38133299
509         10.70483968       4.30214452       1.27112154       5.13157362
510         10.33619330       4.40063197       1.16742333       4.76813800
511          9.78335388       4.37410492       1.03820341       4.37104556
512          9.27581393       4.35267172       0.91440488       4.00873733
513          8.90150394       4.36971584       0.78746905       3.74431904
514          8.74148481       4.46247441       0.68002943       3.59898097
515          8.80601682       4.60548176       0.62855485       3.57198021
516          8.98967398       4.79909691       0.60317659       3.58740048
517          9.26541628       5.02660265       0.57099890       3.66781473
518          9.40934462       5.11928830       0.49715704       3.79289928
519          9.39968458       5.08829103       0.38624320       3.92515035
520          9.33905709       5.01699979       0.27991879       4.04213852
521          9.30427046       4.97453089       0.19654819       4.13319138
522          9.25017515       4.94696609       0.13724183       4.16596723
523          9.24850926       4.91163650       0.10811965       4.22875312
524          9.35061557       4.87488330       0.10368868       4.37204359
525          9.51301756       4.84611780       0.12808601       4.53881375
526          9.71399181       4.85715740       0.16979517       4.68703924
527          9.94463074       4.93450462       0.20878581       4.80134030
528         10.19273426       4.99163941       0.22434241       4.97675245
529         10.31888625       4.91946961       0.21040512       5.18901151
530         10.29860252       4.72618252       0.18761208       5.38480792
531         10.24494228       4.52461920       0.15646320       5.56385988
532         10.26647927       4.38813614       0.12618727       5.75215587
533         10.27346770       4.29765517       0.10627425       5.86953828
534         10.21395260       4.22574334       0.10189965       5.88630960
535         10.23376777       4.19116959       0.10592100       5.93667717
536         10.44878264       4.28581416       0.11293043       6.05003805
537         10.55346687       4.36814803       0.11184284       6.07347600
538         10.46628697       4.40680203       0.09351631       5.96596863
539         10.16727772       4.36803985       0.06945480       5.72978308
540          9.72970335       4.31419573       0.04147261       5.37403501
541          9.38081255       4.26577063       0.01268229       5.10235964
542          9.10723479       4.19379378       0.00039654       4.91304447
543          8.86562607       4.07378964       0.00079557       4.79104086
544          8.64489194       3.88770519       0.00128315       4.75590360
545          8.53027313       3.67653531       0.00216362       4.85157420
546          8.53413020       3.53588690       0.01479503       4.98344827
547          8.71673894       3.49448468       0.05750464       5.16474962
548          8.97312054       3.45232851       0.11181414       5.40897789
549          9.24872816       3.37707319       0.13638088       5.73527410
550          9.46773063       3.25541654       0.14091834       6.07139574
551          9.51193500       3.15005518       0.14399227       6.21788755
552          9.39687360       3.07660591       0.15249341       6.16777429
553          9.27035289       3.07138832       0.15611998       6.04284459
554          9.20555456       3.14545871       0.16645858       5.89363727
555          9.06010587       3.18336347       0.18097607       5.69576634
556          8.94891159       3.20367335       0.22186358       5.52337466
557          8.81846218       3.18100484       0.25646567       5.38099167
558          8.58438904       3.08834766       0.28659352       5.20944786
559          8.23435024       3.00291025       0.31503339       4.91640661
560          7.99288776       2.99468410       0.33915100       4.65905266
561          7.83863908       2.99136811       0.34717222       4.50009875
562          7.63616379       2.94107391       0.32351448       4.37157540
563          7.35092813       2.84921889       0.30263820       4.19907105
564          7.08159839       2.74317049       0.30522785       4.03320005
565          6.94744335       2.64580560       0.36523441       3.93640333
566          6.90215225       2.53670262       0.46153299       3.90391664
567          6.75900629       2.37581556       0.56787450       3.81531624
568          6.49795380       2.19944795       0.63646537       3.66204048
569          6.32563596       2.05205671       0.66296131       3.61061794
570          6.22878822       1.92497391       0.63485136       3.66896295
571          6.07320196       1.81595601       0.54082154       3.71642441
572          5.91400236       1.74053389       0.45436313       3.71910535
573          5.75954916       1.64183130       0.42711032       3.69060754
574          5.61027345       1.46659603       0.46739727       3.67628015
575          5.38863549       1.27031255       0.49734374       3.62097920
576          5.19039668       1.12760886       0.53883187       3.52395594
577          5.11740589       1.05465122       0.59313341       3.46962126
578          5.05325606       1.00312209       0.63014011       3.41999386
579          4.86952937       0.97155010       0.60767507       3.29030421
580          4.62688154       0.94714820       0.55796424       3.12176910
581          4.45696544       0.90778373       0.52548143       3.02370028
582          4.40489198       0.88000489       0.54420576       2.98068133
583          4.39081446       0.87259938       0.61009779       2.90811729
584          4.30930082       0.85708129       0.63987668       2.81234285
585          4.18811979       0.78938223       0.66409666       2.73464091
586          4.11018368       0.72174898       0.69009040       2.69834429
587          4.11772130       0.66496046       0.71853582       2.73422502
588          4.12610345       0.62267084       0.72010108       2.78333153
589          4.07473787       0.56978620       0.67152092       2.83343075
590          3.94736027       0.49979766       0.60967005       2.83789256
591          3.80790790       0.41963648       0.58064078       2.80763063
592          3.78935057       0.35746106       0.61611423       2.81577528
593          3.91429638       0.31764887       0.71943243       2.87721508
594          4.11246681       0.26858899       0.88064099       2.96323683
595          4.36296395       0.21677231       1.03921400       3.10697764
596          4.62689800       0.16636598       1.14938930       3.31114272
597          4.87012296       0.13659388       1.21241082       3.52111827
598          5.03587179       0.13624271       1.23345086       3.66617822
599          5.00671206       0.16515331       1.19135404       3.65020470
600          4.94949438       0.22011447       1.14436996       3.58500995
601          4.79902174       0.27341479       1.05730096       3.46830599
602          4.40267171       0.31004258       0.93404661       3.15858252
603          4.00356386       0.32024659       0.90294091       2.78037636
604          3.69794942       0.30969806       0.97177611       2.41647526
605          3.48740605       0.28029413       1.02199192       2.18512000
606          3.42110350       0.23522128       1.00542061       2.18046161
607          3.44027772       0.17529297       0.96200927       2.30297548
608          3.45267734       0.13428093       0.92112843       2.39726797
609          3.50171335       0.12104398       0.94714833       2.43352103
610          3.61932123       0.14896181       1.03234084       2.43801858
611          3.73394163       0.22227975       1.14979030       2.36187159
612          3.81745591       0.32738503       1.25583134       2.23423954
613          3.90650820       0.40114176       1.36372989       2.14163656
614          3.98967702       0.40858455       1.46989788       2.11119459
615          4.04989119       0.36146923       1.55498710       2.13343486
616          4.16626520       0.29213961       1.68698701       2.18713858
617          4.29843056       0.23512952       1.84358470       2.21971634
618          4.54097017       0.20166654       2.06227493       2.27702870
619          4.84767803       0.18602444       2.29500721       2.36664638
620          5.15904024       0.16673534       2.54954305       2.44276184
621          5.35544561       0.12877894       2.81939337       2.40727330
622          5.50115851       0.07949958       3.10549676       2.31616217
623          5.60632380       0.05122380       3.33073333       2.22436667
624          5.62818209       0.04637318       3.46107361       2.12073530
625          5.59747135       0.05450086       3.57550099       1.96746949
626          5.50325491       0.05876741       3.66854589       1.77594160
627          5.31856762       0.06401385       3.67313163       1.58142214
628          5.09993652       0.06063625       3.61067563       1.42862464
629          4.93015168       0.04716945       3.51938377       1.36359847
630          4.83719797       0.04354587       3.42969039       1.36396170
631          4.78843099       0.04577670       3.37867789       1.36397640
632          4.70298357       0.04768510       3.36446294       1.29083553
633          4.56948834       0.04674570       3.38027636       1.14246627
634          4.41414273       0.04323266       3.41158587       0.95932420
635          4.26521531       0.04083978       3.41172883       0.81264670
636          4.07832932       0.03466410       3.29929454       0.74437068
637          3.87721438       0.02248865       3.12032769       0.73439804
638          3.68483789       0.01633298       2.96965839       0.69884653
639          3.54038436       0.02756200       2.88506392       0.62775845
640          3.40020428       0.06560164       2.75542278       0.57917986
641          3.24584777       0.11568558       2.60362586       0.52653633
642          3.10817558       0.14786662       2.47003261       0.49027634
643          3.06526807       0.15137301       2.45205537       0.46183969
644          3.09310562       0.14368491       2.53576655       0.41365416
645          3.15287480       0.16125597       2.66344420       0.32817463
646          3.24972778       0.18991138       2.80816461       0.25165179
647          3.34339600       0.18195314       2.94358164       0.21786122
648          3.38886304       0.14944887       3.01121861       0.22819556
649          3.33877426       0.13802673       2.93470274       0.26604479
650          3.21530966       0.15325089       2.75316130       0.30889747
651          2.99779975       0.16794703       2.49721038       0.33264234
652          2.75554346       0.17287500       2.25442727       0.32824120
653          2.64001061       0.19930174       2.14394571       0.29676316
654          2.61706753       0.25901536       2.07408067       0.28397150
655          2.60649726       0.32123278       2.00055859       0.28470589
656          2.61927309       0.34701274       1.99816372       0.27409663
657          2.69182981       0.35298595       2.09530072       0.24354314
658          2.85698033       0.37115179       2.28941354       0.19641501
659          3.06946889       0.38388685       2.53453701       0.15104503
660          3.28576281       0.38394857       2.78071253       0.12110171
661          3.40035644       0.37325257       2.91271716       0.11438671
662          3.36593680       0.39346467       2.85008954       0.12238260
663          3.29146766       0.45801245       2.69597274       0.13748247
664          3.26760717       0.52459463       2.60007569       0.14293685
665          3.26484049       0.54398822       2.58621239       0.13463988
666          3.30861799       0.52652874       2.67702848       0.10506078
667          3.44907087       0.53049123       2.85798527       0.06059437
668          3.63336141       0.52754073       3.07689645       0.02892423
669          3.87923943       0.50382673       3.35374708       0.02166562
670          4.13080219       0.45191755       3.64390517       0.03497948
671          4.30309251       0.42471163       3.81312751       0.06525338
672          4.36821293       0.43946852       3.81776116       0.11098325
673          4.42103396       0.47522059       3.77669310       0.16912027
674          4.52769728       0.51482094       3.78452288       0.22835346
675          4.66150815       0.55188430       3.86043409       0.24918976
676          4.76416848       0.61571792       3.92437958       0.22407099
677          4.81649929       0.69982626       3.92408810       0.19258493
678          4.85244094       0.79897415       3.87260215       0.18086463
679          4.85801669       0.86551903       3.81771872       0.17477894
680          4.83786049       0.90898973       3.76926911       0.15960165
681          4.75830292       0.94639128       3.66226208       0.14964956
682          4.75821249       1.02081822       3.58482818       0.15256609
683          4.79240491       1.12671058       3.49387268       0.17182166
684          4.88006093       1.28974365       3.38948326       0.20083403
685          4.95909089       1.49808163       3.23723698       0.22377228
686          5.04773833       1.73358229       3.08238055       0.23177549
687          5.14328505       1.94989998       2.97348104       0.21990403
688          5.20355886       2.08450170       2.91669834       0.20235882
689          5.21480022       2.10628702       2.91860251       0.18991069
690          5.13981896       2.01604113       2.93407663       0.18970121
691          5.10749213       1.93411522       2.97900948       0.19436743
692          5.08493180       1.87503743       3.02308391       0.18681045
693          5.08777655       1.86671852       3.05123897       0.16981906
694          4.99792579       1.89275759       2.93060120       0.17456699
695          4.91248248       1.94375254       2.76408338       0.20464657
696          4.91046300       2.00919149       2.67127510       0.22999641
697          4.92891299       2.07516877       2.60363341       0.25011080
698          4.97010084       2.15949312       2.55714150       0.25346622
699          4.97663861       2.19380352       2.54316502       0.23967008
700          4.95385265       2.16980633       2.56077155       0.22327477
701          4.89461247       2.16022553       2.51845286       0.21593407
702          4.80990031       2.20210630       2.38286054       0.22493347
703          4.62741050       2.21649019       2.16880597       0.24211434
704          4.55532257       2.27139204       2.03100002       0.25293052
705          4.65377709       2.40010904       2.00412919       0.24953886
706          4.89813294       2.56132007       2.07934768       0.25746519
707          5.19817377       2.70219114       2.21608811       0.27989452
708          5.47604805       2.78018834       2.39203373       0.30382597
709          5.75715418       2.85664924       2.58071588       0.31978905
710          6.03026629       2.91492714       2.78048215       0.33485700
711          6.30815025       2.95706574       2.98239019       0.36869433
712          6.52360624       2.99274122       3.13026867       0.40059635
713          6.64418665       2.94174913       3.25633751       0.44610001
714          6.72765336       2.83285365       3.43134419       0.46345551
715          6.70677020       2.66769940       3.61574838       0.42332242
716          6.76393477       2.55292902       3.77901796       0.43198779
717          6.92292081       2.48674919       3.96648422       0.46968739
718          7.19080484       2.49434746       4.17703260       0.51942478
719          7.49278553       2.51366087       4.39153215       0.58759251
720          7.78044319       2.52439345       4.59426254       0.66178720
721          7.95267597       2.51362443       4.72219528       0.71685625
722          7.92560464       2.47258158       4.69888397       0.75413909
723          7.78815145       2.47372655       4.50805752       0.80636738
724          7.63037171       2.48112389       4.28627807       0.86296975
725          7.60070949       2.50019958       4.23012628       0.87038363
726          7.75039712       2.54612627       4.35336299       0.85090786
727          7.97929896       2.65871130       4.50715800       0.81342965
728          8.09858030       2.75362738       4.55374977       0.79120315
729          8.15796513       2.82295073       4.49639883       0.83861557
730          8.15156322       2.81083261       4.37917189       0.96155873
731          8.10060931       2.77043328       4.28006092       1.05011510
732          8.05538997       2.68095962       4.31037839       1.06405195
733          8.13448487       2.59597446       4.50619824       1.03231217
734          8.29411486       2.59122662       4.68884595       1.01404229
735          8.43873559       2.64073453       4.81386598       0.98413509
736          8.57449780       2.67265402       4.93330751       0.96853626
737          8.72640472       2.83780452       4.82534881       1.06325139
738          8.92117357       2.99075508       4.69665459       1.23376390
739          8.91117773       3.03893542       4.44533698       1.42690534
740          8.77674454       3.09779737       4.11881797       1.56012920
741          8.60326377       3.09009836       3.87822217       1.63494324
742          8.58916324       3.03194742       3.90340835       1.65380747
743          8.66192571       2.96183233       4.04469757       1.65539581
744          8.61205637       2.96309980       4.04077844       1.60817812
745          8.48240128       2.95663912       3.94447536       1.58128681
746          8.34896192       2.93964127       3.78256269       1.62675796
747          8.35535045       3.00129236       3.63374774       1.72031035
748          8.36346611       3.08993917       3.48555495       1.78797199
749          8.35487927       3.21333080       3.36275635       1.77879213
750          8.23775082       3.27019305       3.25993887       1.70761890
751          8.21650162       3.27625834       3.31685180       1.62339148
752          8.28139431       3.26151594       3.40582943       1.61404894
753          8.33314260       3.28956957       3.34570148       1.69787154
754          8.28961941       3.33230702       3.21754617       1.73976622
755          8.07349800       3.32798369       3.02505401       1.72046030
756          7.78520507       3.27496179       2.81915628       1.69108700
757          7.68736811       3.31479654       2.75130825       1.62126332
758          7.81426749       3.43418268       2.81937550       1.56070931
759          7.89769904       3.48320256       2.89836835       1.51612813
760          7.94504582       3.47204736       3.05818532       1.41481314
761          7.98114629       3.41852188       3.27830097       1.28432345
762          8.14557220       3.41695088       3.46360395       1.26501737
763          8.40407911       3.40588830       3.62196550       1.37622532
764          8.56282719       3.32492789       3.81361566       1.42428364
765          8.66449914       3.28283873       4.03880719       1.34285322
766          8.82349763       3.27431714       4.27833358       1.27084691
767          9.08974714       3.33895786       4.47205899       1.27873028
768          9.27904440       3.44011036       4.56363875       1.27529529
769          9.29729450       3.49532915       4.60574371       1.19622164
770          9.26453616       3.46377465       4.65298144       1.14778007
771          9.41759751       3.44839180       4.69722570       1.27198001
772          9.82668327       3.47725426       4.84107850       1.50835051
773         10.27426273       3.48066134       5.07699081       1.71661057
774         10.60264711       3.41945132       5.31883629       1.86435949
775         10.63817139       3.28247774       5.40433317       1.95136048
776         10.57901434       3.15226343       5.43935979       1.98739112
777         10.71435560       3.12132443       5.60203137       1.99099979
778         11.12718415       3.21745917       5.89709091       2.01263407
779         11.64844741       3.39574230       6.20712563       2.04557948
780         12.11646379       3.54438857       6.48173090       2.09034432
781         12.50769821       3.61972207       6.71912316       2.16885298
782         12.81504765       3.65525198       6.88321357       2.27658209
783         13.01438763       3.72965472       6.88857513       2.39615778
784         13.20848886       3.86828737       6.80751271       2.53268879
785         13.66241642       3.99596470       6.91422281       2.75222891
786         14.36437418       4.08502549       7.23906528       3.04028341
787         15.17273580       4.13618226       7.68304914       3.35350440
788         15.85799257       4.14952907       8.05283613       3.65562737
789         16.28436868       4.16913648       8.26373871       3.85149350
790         16.45653389       4.25761655       8.29274702       3.90617032
791         16.60721852       4.39448916       8.34204681       3.87068255
792         16.77371445       4.52422506       8.41929893       3.83019046
793         16.98195652       4.66673048       8.45787799       3.85734805
794         17.16451203       4.77208167       8.41234360       3.98008677
795         17.25377727       4.85093881       8.27094547       4.13189299
796         17.33255034       4.91806302       8.14204251       4.27244481
797         17.42252594       4.98864215       8.06062282       4.37326098
798         17.63638598       5.07917500       8.09478731       4.46242367
799         17.95586485       5.17108487       8.22846172       4.55631826
800         18.33056439       5.25883068       8.48871015       4.58302357
801         18.54019233       5.31653882       8.72912644       4.49452707
802         18.56419321       5.29973674       8.86694807       4.39750840
803         18.57110915       5.15569184       8.99438824       4.42102907
804         18.97313581       5.08316137       9.22332423       4.66665021
805         19.81016385       5.15893792       9.59483589       5.05639003
806         20.83496357       5.29566025      10.09127365       5.44802967
807         21.88973435       5.31881282      10.71863965       5.85228188
808         22.82015552       5.21042834      11.39360485       6.21612233
809         23.52754454       5.01656177      12.09159832       6.41938445
810         24.10301985       4.81821017      12.72053177       6.56427791
811         24.69091818       4.73283941      13.16836834       6.78971043
812         25.02210456       4.68944053      13.25268632       7.07997771
813         24.85596540       4.56354120      12.96426318       7.32816101
814         24.44234380       4.33621467      12.58781892       7.51831020
815         24.16230687       4.15722714      12.43621318       7.56886654
816         24.22218384       4.11803012      12.57824090       7.52591282
817         24.37164525       4.19532257      12.84687494       7.32944773
818         24.70883163       4.31089674      13.35022331       7.04771158
819         25.05729542       4.45304883      13.84598895       6.75825764
820         25.36697529       4.52396008      14.31960837       6.52340684
821         25.55314567       4.40961743      14.77922814       6.36430011
822         25.53182514       4.16352553      14.99976440       6.36853521
823         25.26474523       3.89758646      14.83719224       6.52996654
824         25.07799346       3.76121076      14.68148072       6.63530197
825         25.08070929       3.75311571      14.71802887       6.60956471
826         25.12814680       3.84953939      14.77772533       6.50088207
827         25.10200560       4.02950019      14.78812982       6.28437559
828         25.06314235       4.21425048      14.87519002       5.97370185
829         24.98358799       4.27485108      15.03860680       5.67013011
830         25.04416592       4.16005888      15.44184285       5.44226419
831         24.82344975       3.96423630      15.70709993       5.15211352
832         24.48257401       3.91247696      15.69582501       4.87427204
833         23.93022024       3.94516968      15.37310903       4.61194154
834         23.44572512       3.97331290      15.12899376       4.34341846
835         22.95081875       3.94424899      14.87615726       4.13041250
836         22.60433585       3.90021571      14.71154429       3.99257585
837         22.45103249       3.87446849      14.66727413       3.90928987
838         22.31136651       3.94458264      14.49079328       3.87599058
839         22.17960762       4.12600236      14.18369224       3.86991302
840         21.89746207       4.30476657      13.68295640       3.90973910
841         11.59684506       8.03428997       2.66254916       0.90000594
842         11.39301822       8.03671210       2.54009392       0.81621220
843         11.24689274       8.03118532       2.47035996       0.74534746
844         11.25966518       7.98288584       2.55974132       0.71703803
845         11.22293424       7.82413875       2.68673440       0.71206109
846         11.10001675       7.69646334       2.71201852       0.69153489
847         10.76673223       7.58476452       2.52115108       0.66081664
848         10.58894126       7.57697638       2.35354077       0.65842411
849         10.64367410       7.64141840       2.30299461       0.69926110
850         10.78911682       7.66430660       2.38344398       0.74136624
851         10.94101242       7.66275081       2.50630158       0.77196003
852         11.10084678       7.73392540       2.60888700       0.75803438
853         11.23015559       7.81443364       2.69604522       0.71967673
854         11.33332710       7.82799842       2.81664866       0.68868002
855         11.50027443       7.83847654       2.98243837       0.67935953
856         11.52903726       7.77463323       3.04941934       0.70498468
857         11.39585577       7.63875859       3.00114843       0.75594875
858         11.27558715       7.53707093       2.93676032       0.80175590
859         11.15275847       7.45044080       2.91336154       0.78895614
860         10.94962355       7.27216171       2.93602649       0.74143535
861         10.72079965       7.06297346       2.98627248       0.67155371
862         10.54330780       6.88362433       3.05474629       0.60493719
863         10.47364497       6.72113558       3.21146485       0.54104454
864         10.52567764       6.59005724       3.44770316       0.48791724
865         10.75612264       6.54679529       3.75297770       0.45634964
866         11.23409637       6.66647541       4.09584274       0.47177823
867         11.65781588       6.79368805       4.31766085       0.54646698
868         11.77373400       6.81157780       4.37528921       0.58686698
869         11.51576420       6.69734364       4.24136264       0.57705791
870         11.30217636       6.60044026       4.16403783       0.53769827
871         11.05385524       6.41214745       4.14390533       0.49780247
872         10.71492537       6.14109663       4.08029318       0.49353556
873         10.31536419       5.81270310       3.95322372       0.54943738
874         10.09960896       5.53042775       3.91251968       0.65666153
875         10.10545445       5.33800195       3.99680892       0.77064359
876         10.12256997       5.16270661       4.11533749       0.84452588
877         10.03053434       4.98957067       4.18147152       0.85949216
878          9.89186861       4.85672360       4.20934450       0.82580052
879          9.85751303       4.78968772       4.26896124       0.79886407
880          9.82354792       4.68182358       4.32632362       0.81540071
881          9.76660757       4.53278897       4.35840945       0.87540915
882          9.61363650       4.36493418       4.30229473       0.94640759
883          9.44153649       4.21267448       4.19987907       1.02898293
884          9.25179072       4.07764510       4.04679273       1.12735288
885          9.15515250       4.00920109       3.89036093       1.25559048
886          9.01965602       3.94766996       3.72247959       1.34950646
887          8.77386821       3.86916253       3.51767966       1.38702602
888          8.48592090       3.74799827       3.33138913       1.40653350
889          8.19196095       3.57542589       3.19023598       1.42629908
890          7.98179385       3.40025745       3.12487950       1.45665690
891          7.81327675       3.26086008       3.03215477       1.52026190
892          7.60186686       3.10015707       2.87980662       1.62190316
893          7.22214389       2.91260968       2.63013067       1.67940354
894          6.85655820       2.76809910       2.40236280       1.68609630
895          6.66362774       2.65271610       2.33933617       1.67157546
896          6.63992845       2.48737982       2.48650922       1.66603941
897          6.70580990       2.31913307       2.70316145       1.68351538
898          6.96007046       2.32228672       2.87134848       1.76643525
899          7.41660592       2.53192724       3.01536039       1.86931828
900          8.03315177       2.91742404       3.15666516       1.95906256
901          8.61087847       3.29975944       3.28894467       2.02217435
902          8.89321511       3.51573169       3.35027579       2.02720764
903          8.94499884       3.57956482       3.36209226       2.00334176
904          8.92750167       3.61133126       3.32480116       1.99136924
905          8.95084400       3.68215127       3.19353416       2.07515857
906          8.91782369       3.74648592       2.96428780       2.20704997
907          8.82119354       3.79407576       2.69175556       2.33536223
908          8.63932160       3.82003620       2.42006696       2.39921844
909          8.42099238       3.87714585       2.05133829       2.49250824
910          8.22035538       3.96954706       1.66701665       2.58379166
911          7.94923042       3.92287361       1.40495228       2.62140454
912          7.50241148       3.67993106       1.25318339       2.56929703
913          6.98988426       3.38035432       1.13524373       2.47428621
914          6.59363398       3.19337232       1.01432745       2.38593420
915          6.50580691       3.17151039       0.97233899       2.36195753
916          6.74745428       3.28058465       1.03883817       2.42803146
917          6.96379744       3.37901428       1.08497916       2.49980401
918          6.90622693       3.39069260       1.03121155       2.48432278
919          6.63331105       3.34630787       0.90593628       2.38106691
920          6.32481467       3.25349758       0.76126501       2.31005209
921          6.04597207       3.14386329       0.62817332       2.27393546
922          5.86374051       3.05302070       0.52079010       2.28992971
923          5.65493209       2.93621436       0.44058806       2.27812966
924          5.37960758       2.70567400       0.42105667       2.25287690
925          5.10305830       2.40876155       0.46478684       2.22950991
926          4.93463298       2.15572200       0.51980828       2.25910270
927          4.78833621       2.00100693       0.52748072       2.25984856
928          4.54639656       1.87111244       0.46421531       2.21106881
929          4.41855414       1.81068317       0.39078728       2.21708369
930          4.57134084       1.89763061       0.35613200       2.31757823
931          4.86996955       2.11666354       0.34484921       2.40845680
932          5.08912475       2.34595273       0.31774093       2.42543109
933          5.10986642       2.43142915       0.26599492       2.41244235
934          4.99729316       2.40428100       0.20854839       2.38446377
935          4.84706925       2.37347714       0.15737579       2.31621632
936          4.65802225       2.31647575       0.12030549       2.22124101
937          4.40325369       2.15438435       0.10395183       2.14491751
938          4.21942503       1.98121705       0.10418443       2.13402356
939          4.19135468       1.91067403       0.11767013       2.16301052
940          4.30115887       1.91211568       0.14154222       2.24750097
941          4.35797597       1.89834791       0.16836344       2.29126462
942          4.37811444       1.94714247       0.18442373       2.24654823
943          4.49950474       2.16177483       0.19568779       2.14204212
944          4.68844441       2.47383976       0.20952880       2.00507585
945          4.70409563       2.63861623       0.22824846       1.83723093
946          4.52089548       2.62662350       0.24493015       1.64934183
947          4.39843324       2.63681760       0.26439271       1.49722292
948          4.48112979       2.80859238       0.25688694       1.41565048
949          4.61467980       3.06141737       0.22149815       1.33176428
950          4.71836571       3.30303374       0.17174555       1.24358642
951          4.81300563       3.53823022       0.13712641       1.13764900
952          4.92503712       3.78977771       0.11364834       1.02161107
953          5.09969046       4.08969612       0.09437135       0.91562299
954          5.23175324       4.34765306       0.07636679       0.80773339
955          5.29414298       4.50313482       0.05924322       0.73176493
956          5.32739825       4.62073149       0.04286099       0.66380576
957          5.42812955       4.76348784       0.03050752       0.63413419
958          5.56763916       4.92050148       0.02560326       0.62153442
959          5.71899896       5.06306742       0.02269202       0.63323952
960          5.76672054       5.11309147       0.01675566       0.63687341
961          5.65298036       5.03210564       0.00883095       0.61204377
962          5.54116581       4.96885320       0.00385883       0.56845378
963          5.63124633       5.10565098       0.00144669       0.52414866
964          5.86910344       5.38010321       0.00101218       0.48798804
965          6.07573558       5.63560831       0.00288257       0.43724470
966          6.25057199       5.86959274       0.00895385       0.37202540
967          6.35156018       6.03349723       0.01751165       0.30055130
968          6.38553044       6.08889573       0.02180337       0.27483133
969          6.40808949       6.10188275       0.01860501       0.28760172
970          6.38529572       6.06186471       0.01068308       0.31274792
971          6.23058739       5.90406620       0.00449608       0.32202512
972          5.98418664       5.65637078       0.00130887       0.32650699
973          5.79376297       5.42550623       0.00088596       0.36737077
974          5.63536409       5.19338676       0.00031066       0.44166667
975          5.44577520       4.93574254       0.00021856       0.50981409
976          5.43422959       4.86295847       0.00532109       0.56595004
977          5.66242016       5.03273058       0.02338865       0.60630093
978          5.93335530       5.29310108       0.03995425       0.60029996
979          6.08399527       5.44152041       0.03864248       0.60383238
980          6.26216248       5.59070065       0.03231897       0.63914286
981          6.51355569       5.79387040       0.03644759       0.68323770
982          6.66288527       5.95370443       0.03776420       0.67141664
983          6.80018097       6.16696037       0.03317308       0.60004752
984          6.97667395       6.43261743       0.01988225       0.52417428
985          7.21726402       6.72058463       0.00726613       0.48941325
986          7.40299755       6.90787042       0.00046022       0.49466690
987          7.52312651       7.02117957       0.00157760       0.50036935
988          7.70823248       7.17985792       0.01112336       0.51725120
989          7.84940416       7.28075829       0.03291737       0.53572849
990          7.80561558       7.20444687       0.06245245       0.53871626
991          7.70195238       7.10862415       0.08543177       0.50789646
992          7.72042839       7.17187200       0.08891941       0.45963699
993          7.92628429       7.41834041       0.08893820       0.41900568
994          8.24980334       7.73391662       0.08373258       0.43215414
995          8.57465063       8.02868502       0.07331703       0.47264858
996          8.80499088       8.23975079       0.05057164       0.51466846
997          8.86893315       8.30558122       0.03466949       0.52868244
998          8.77800103       8.20247062       0.02588711       0.54964330
999          8.47523095       7.86654913       0.02199519       0.58668663
1000         8.04716257       7.39210769       0.02127102       0.63378386
