0      306          7.20213643       3.32734668      -1.41156052
1      306          7.17120581       3.38443107      -1.41799282
2      306          7.13528285       3.41956595      -1.44895172
3      306          7.11300764       3.45954620      -1.50020108
4      306          7.11392399       3.51469855      -1.54970967
5      306          7.10506475       3.56935880      -1.59445660
6      306          7.12246263       3.62401560      -1.62309524
7      306          7.18915958       3.67804146      -1.60338829
8      306          7.27486882       3.71119299      -1.54735120
9      306          7.31406554       3.72944936      -1.52558420
10     306          7.31013745       3.77135580      -1.54735686
11     306          7.27388005       3.84671226      -1.57078457
12     306          7.23852042       3.93299355      -1.55162334
13     306          7.24018712       3.98392162      -1.51006850
14     306          7.25455925       3.98305474      -1.47125786
15     306          7.22850676       3.96630094      -1.43476195
16     306          7.13130325       3.95572841      -1.42863421
17     306          7.01846854       3.93198227      -1.44070196
18     306          6.91698561       3.88583995      -1.44631945
19     306          6.86445655       3.82607015      -1.45121084
20     306          6.88401244       3.78519349      -1.47538408
21     306          6.96544225       3.79027710      -1.51424903
22     306          7.05823209       3.83690246      -1.57437949
23     306          7.16264056       3.87248112      -1.63578947
24     306          7.26798277       3.88854536      -1.66919760
25     306          7.36591512       3.90801961      -1.66573683
26     306          7.43562576       3.92361736      -1.67708229
27     306          7.48945307       3.91153598      -1.72154319
28     306          7.52721531       3.88810558      -1.76768717
29     306          7.54473737       3.89345158      -1.77529689
30     306          7.57220859       3.92952765      -1.72516662
31     306          7.63499355       3.97694759      -1.67060668
32     306          7.72811841       4.01784041      -1.65350546
33     306          7.80809604       4.06027230      -1.68077975
34     306          7.86030083       4.09163834      -1.70085453
35     306          7.88786837       4.08137475      -1.68994555
36     306          7.90899841       4.04238482      -1.65860899
37     306          7.91872064       4.00135753      -1.62612623
38     306          7.93396895       3.97244142      -1.62041759
39     306          7.96024405       3.95322603      -1.64230371
40     306          7.97553511       3.96947391      -1.67342094
41     306          7.98345654       4.02219775      -1.68222292
42     306          7.98103153       4.08429398      -1.69497491
43     306          7.96664345       4.14144546      -1.71733490
44     306          7.93637518       4.17421680      -1.74833588
45     306          7.92896725       4.18602735      -1.76471089
46     306          7.93724029       4.17465326      -1.75936453
47     306          7.93997871       4.12531846      -1.75177497
48     306          7.92756707       4.08314179      -1.73070269
49     306          7.89360982       4.01374542      -1.72817107
50     306          7.85874275       3.91641289      -1.72480867
51     306          7.85467231       3.81966275      -1.72838014
52     306          7.85653178       3.71554347      -1.72975035
53     306          7.85531282       3.62533464      -1.71402769
54     306          7.84041661       3.56689755      -1.68288613
55     306          7.78307533       3.51962881      -1.67090157
56     306          7.71701502       3.47654340      -1.68979501
57     306          7.68475371       3.44772286      -1.71837153
58     306          7.65479646       3.44264644      -1.75527893
59     306          7.62755121       3.44657548      -1.79939257
60     306          7.61755596       3.45618959      -1.84330381
61     306          7.62718403       3.45370488      -1.86629464
62     306          7.65905674       3.42677315      -1.86294412
63     306          7.71451003       3.41901340      -1.84340761
64     306          7.77864012       3.44097589      -1.82827575
65     306          7.82862786       3.47279494      -1.84993773
66     306          7.86114132       3.49153296      -1.90307425
67     306          7.87355296       3.49102441      -1.96789103
68     306          7.85059418       3.51180551      -2.01022990
69     306          7.80488549       3.58204056      -2.03531245
70     306          7.75599830       3.68308257      -2.04328767
71     306          7.71904267       3.78301426      -2.03702266
72     306          7.69059725       3.88976259      -2.02608080
73     306          7.68196730       3.99189786      -2.01232217
74     306          7.67267885       4.07752227      -2.01435098
75     306          7.63468012       4.15384276      -2.02702873
76     306          7.58402518       4.21177918      -2.01406738
77     306          7.51483916       4.22902152      -1.99742170
78     306          7.43940129       4.22090965      -2.00427420
79     306          7.39695915       4.18637501      -1.94813149
80     306          7.35300959       4.12652108      -1.92867165
81     306          7.31189800       4.05690089      -1.88607009
82     306          7.22647409       3.99199998      -1.85800549
83     306          7.12529956       3.92097812      -1.86047693
84     306          7.03989666       3.82360444      -1.88680541
85     306          6.94673868       3.75808194      -1.91102036
86     306          6.85712139       3.75205360      -1.90977541
87     306          6.79335511       3.78436370      -1.85628272
88     306          6.74195652       3.83930719      -1.76694005
89     306          6.70896861       3.88967651      -1.69413584
90     306          6.69578237       3.92323708      -1.65615067
91     306          6.69777491       3.93702020      -1.64316059
92     306          6.68901070       3.93625164      -1.63734114
93     306          6.65997402       3.92827448      -1.62979760
94     306          6.63427415       3.92793224      -1.62347577
95     306          6.61817301       3.93060800      -1.61811753
96     306          6.58852028       3.91899552      -1.62877204
97     306          6.54710578       3.90145734      -1.63810640
98     306          6.52175665       3.87727954      -1.62931927
99     306          6.52068168       3.85753554      -1.61410811
100    306          6.53239893       3.81660630      -1.58171348
101    306          6.55111970       3.76058960      -1.55718922
102    306          6.56384589       3.70460984      -1.54318638
103    306          6.57204966       3.65169884      -1.56318290
104    306          6.58093242       3.60926484      -1.60941685
105    306          6.59676940       3.61010324      -1.64296507
106    306          6.59238621       3.67888837      -1.63300268
107    306          6.58393672       3.77869732      -1.60801383
108    306          6.59073135       3.85204639      -1.58916405
109    306          6.61273702       3.87399776      -1.56045506
110    306          6.63807728       3.86924315      -1.53276966
111    306          6.66512058       3.86077584      -1.50479402
112    306          6.69699860       3.83260326      -1.49688255
113    306          6.74022253       3.76219901      -1.48909819
114    306          6.79325260       3.68430556      -1.46355182
115    306          6.80410205       3.64886515      -1.43915562
116    306          6.73742119       3.64654158      -1.45899635
117    306          6.63425101       3.66232651      -1.49891664
118    306          6.53339206       3.69538405      -1.51185568
119    306          6.45804410       3.73428487      -1.48743396
120    306          6.42454459       3.77733915      -1.45173805
121    306          6.42773844       3.78923421      -1.43226543
122    306          6.45728313       3.76842996      -1.41218184
123    306          6.49006863       3.74975504      -1.38884714
124    306          6.51010316       3.75670998      -1.34925587
125    306          6.56462608       3.77377207      -1.30524486
126    306          6.66098122       3.77165427      -1.27664321
127    306          6.77581600       3.78062620      -1.24593535
128    306          6.84768141       3.81777432      -1.20008480
129    306          6.84622657       3.86980150      -1.16158034
130    306          6.79912556       3.93048085      -1.16025399
131    306          6.77446129       3.97898969      -1.20913648
132    306          6.79299114       4.00803571      -1.28477473
133    306          6.82447789       4.01585147      -1.34044386
134    306          6.85585825       3.99645102      -1.36878574
135    306          6.89046932       3.97533392      -1.34963211
136    306          6.93740745       3.97994077      -1.30280730
137    306          6.98460802       4.01134388      -1.26824427
138    306          7.02053873       4.05978825      -1.25954831
139    306          7.02809671       4.11215932      -1.25104859
140    306          7.02138618       4.17769545      -1.25042789
141    306          7.01326836       4.25156220      -1.27674585
142    306          7.01092600       4.31266783      -1.33359189
143    306          7.01528167       4.34341683      -1.41310293
144    306          7.01753362       4.34822019      -1.48497834
145    306          7.01387512       4.35419317      -1.54244289
146    306          7.00764247       4.37825234      -1.61263967
147    306          7.00510697       4.42094229      -1.68675562
148    306          6.98253427       4.46370543      -1.71609471
149    306          6.93933425       4.52489067      -1.70950179
150    306          6.90707312       4.58559497      -1.68908860
151    306          6.89924341       4.65993922      -1.69114438
152    306          6.88358338       4.72875553      -1.71094090
153    306          6.85683823       4.78835273      -1.73772966
154    306          6.82050555       4.83751280      -1.77613813
155    306          6.77864849       4.87832622      -1.83627133
156    306          6.73102101       4.93145116      -1.88186992
157    306          6.67840150       4.99823675      -1.87880235
158    306          6.62892855       5.08724062      -1.84490421
159    306          6.58694678       5.17510982      -1.80594551
160    306          6.54003425       5.25062096      -1.78729979
161    306          6.48799137       5.30695489      -1.76768865
162    306          6.46385325       5.35057175      -1.74702386
163    306          6.47691493       5.39444494      -1.75252261
164    306          6.51083087       5.43020753      -1.78271532
165    306          6.53004354       5.43500075      -1.80448855
166    306          6.53691332       5.41643666      -1.81155717
167    306          6.54648233       5.40163904      -1.81285067
168    306          6.55523796       5.42756272      -1.79747736
169    306          6.54112092       5.50301703      -1.74910305
170    306          6.50566841       5.59823142      -1.66582917
171    306          6.46986017       5.66748594      -1.57667672
172    306          6.44971324       5.69332512      -1.48702823
173    306          6.44873182       5.69267332      -1.42058836
174    306          6.46853201       5.68017968      -1.39130357
175    306          6.49830734       5.67642687      -1.38618348
176    306          6.50403421       5.67328193      -1.37613071
177    306          6.46478381       5.67932021      -1.35005089
178    306          6.39622382       5.68330573      -1.31024375
179    306          6.33598153       5.67785713      -1.27938624
180    306          6.28746818       5.66356850      -1.23714965
181    306          6.24896856       5.65294554      -1.18650222
182    306          6.22512198       5.65573914      -1.15472963
183    306          6.21915244       5.66554141      -1.13681021
184    306          6.22636681       5.68139236      -1.10246185
185    306          6.23060642       5.68969363      -1.04133536
186    306          6.24285317       5.68760064      -0.98329496
187    306          6.27272395       5.68405861      -0.93129881
188    306          6.29686345       5.68489880      -0.89573696
189    306          6.29379661       5.66300185      -0.89585940
190    306          6.25966924       5.59660823      -0.93955044
191    306          6.24994178       5.51252123      -0.99845510
192    306          6.27010548       5.46813950      -1.04879869
193    306          6.27804391       5.48571445      -1.05691323
194    306          6.23428477       5.53966026      -1.03025769
195    306          6.14775010       5.58685640      -0.99517765
196    306          6.04739401       5.62439936      -0.96374982
197    306          5.95453778       5.65801911      -0.95020290
198    306          5.88538997       5.65153239      -0.95741250
199    306          5.84910773       5.57899084      -0.97649487
200    306          5.83895953       5.47698580      -0.98406985
201    306          5.84318641       5.35645783      -0.97730223
202    306          5.85960658       5.23220789      -0.95235946
203    306          5.88164663       5.13391663      -0.90217101
204    306          5.90682461       5.06242773      -0.84969511
205    306          5.91490568       5.02447341      -0.79222130
206    306          5.89355818       5.02283730      -0.75438405
207    306          5.83158093       5.04845888      -0.73623138
208    306          5.75021363       5.08291815      -0.71681121
209    306          5.67875189       5.08721783      -0.69612350
210    306          5.64483949       5.01919588      -0.69306269
211    306          5.64995684       4.90494935      -0.69773036
212    306          5.67755264       4.81896424      -0.70858975
213    306          5.72032706       4.79723384      -0.72297151
214    306          5.75518871       4.82146828      -0.72686532
215    306          5.75931588       4.84618024      -0.68614141
216    306          5.72612610       4.86352885      -0.59503567
217    306          5.67058333       4.87255945      -0.46387958
218    306          5.60314982       4.85904938      -0.31055081
219    306          5.55861927       4.83172113      -0.17169264
220    306          5.56306099       4.81403617      -0.08999555
221    306          5.59944186       4.81045312      -0.06257898
222    306          5.63393467       4.79415317      -0.04741897
223    306          5.65257094       4.73636112      -0.03413915
224    306          5.64913015       4.63140908      -0.02225128
225    306          5.61302287       4.52833121       0.01194902
226    306          5.56454447       4.44164280       0.07975859
227    306          5.52582035       4.37244532       0.15863926
228    306          5.50423066       4.31871115       0.22508007
229    306          5.48247146       4.26472813       0.26469097
230    306          5.45667366       4.20325004       0.30869429
231    306          5.44422508       4.13974159       0.37016288
232    306          5.47157136       4.08330492       0.41684241
233    306          5.51057827       4.03165575       0.43052081
234    306          5.51238339       3.97625615       0.42243537
235    306          5.48337845       3.92888298       0.40631323
236    306          5.46018695       3.90328643       0.38704806
237    306          5.45409216       3.89274603       0.36099334
238    306          5.46461069       3.86835413       0.33676263
239    306          5.49356007       3.81817314       0.34032103
240    306          5.53823112       3.76374301       0.35556433
241    306          5.59138381       3.72634162       0.36422806
242    306          5.61962560       3.67788328       0.38017092
243    306          5.63413973       3.59403999       0.42124569
244    306          5.68330615       3.48607045       0.47516005
245    306          5.75572720       3.40283713       0.53782110
246    306          5.83206182       3.35514975       0.60241449
247    306          5.92500568       3.33827949       0.67755414
248    306          6.04294756       3.35548072       0.74804831
249    306          6.16732293       3.39058288       0.78853389
250    306          6.23851382       3.37859616       0.81216864
251    306          6.27799345       3.32978296       0.85570480
252    306          6.32734398       3.30746592       0.90241811
253    306          6.38793290       3.32857584       0.92758035
254    306          6.46540164       3.36386960       0.95996423
255    306          6.51512549       3.38932480       1.00094299
256    306          6.53713344       3.41158927       1.01918276
257    306          6.58097542       3.41594775       1.00478133
258    306          6.63614293       3.41751030       0.96687585
259    306          6.65548779       3.42543011       0.91709148
260    306          6.65132959       3.43174105       0.89050153
261    306          6.62257324       3.43446909       0.91336662
262    306          6.58978747       3.49763231       0.96509498
263    306          6.57636040       3.61894383       1.00465842
264    306          6.55742051       3.73394941       1.02599029
265    306          6.54109407       3.80666523       1.02949268
266    306          6.52651595       3.84762374       1.03668584
267    306          6.50561546       3.86291603       1.07360493
268    306          6.47663885       3.83610965       1.11746355
269    306          6.45205692       3.81941138       1.12598518
270    306          6.43594954       3.84471675       1.09110849
271    306          6.40850979       3.88085799       1.03488707
272    306          6.37429925       3.91340820       1.00256365
273    306          6.35597947       3.95369206       0.99275107
274    306          6.35901846       4.01657433       0.99240987
275    306          6.37741633       4.07793488       1.00090577
276    306          6.39453608       4.11981672       1.00526917
277    306          6.40358197       4.13801409       1.02246446
278    306          6.40882047       4.14547898       1.06087170
279    306          6.41447167       4.14692359       1.10609402
280    306          6.40779771       4.15725011       1.12218607
281    306          6.36812087       4.17871434       1.09569127
282    306          6.29612446       4.20296587       1.04857792
283    306          6.22289404       4.21727764       1.01299476
284    306          6.17439321       4.21120052       1.00583701
285    306          6.14655612       4.20397672       1.01401265
286    306          6.12010702       4.19169009       1.02403072
287    306          6.08475196       4.17174207       1.03283338
288    306          6.06208317       4.15375690       1.05075584
289    306          6.07181782       4.15745477       1.08165840
290    306          6.11919232       4.17045063       1.12193997
291    306          6.18281100       4.17250789       1.13450794
292    306          6.23697795       4.16165678       1.10145188
293    306          6.26014932       4.15027237       1.03562648
294    306          6.24702568       4.13156803       0.95302997
295    306          6.23366313       4.09582899       0.89046040
296    306          6.24636906       4.04667833       0.86350023
297    306          6.27365233       3.98655859       0.85414660
298    306          6.29047590       3.92466770       0.84820874
299    306          6.28379654       3.84647964       0.85383370
300    306          6.25698797       3.74565848       0.88327740
301    306          6.21596426       3.64736350       0.94115096
302    306          6.17841980       3.58424317       1.01366283
303    306          6.15777053       3.56320049       1.05070393
304    306          6.17105116       3.57237640       1.02562599
305    306          6.20439507       3.60855834       0.96942648
306    306          6.21996496       3.64110119       0.94501403
307    306          6.20454683       3.65580213       0.94883462
308    306          6.18574551       3.64784116       0.92340714
309    306          6.20060335       3.63159417       0.84659620
310    306          6.24826751       3.61229195       0.75480819
311    306          6.32223938       3.58647812       0.68264130
312    306          6.36876786       3.53676423       0.64426269
313    306          6.37733525       3.48200446       0.62771997
314    306          6.35852795       3.45083596       0.61893925
315    306          6.33204939       3.43244460       0.60779896
316    306          6.33026215       3.43604545       0.58274985
317    306          6.35420600       3.42604366       0.54888272
318    306          6.37907113       3.38909332       0.52098467
319    306          6.37398530       3.33300650       0.52174078
320    306          6.35084079       3.29171366       0.53504738
321    306          6.31906832       3.24547075       0.53193416
322    306          6.30596298       3.20609797       0.51492342
323    306          6.31329676       3.19929820       0.47978925
324    306          6.32296136       3.21728214       0.43244798
325    306          6.33512597       3.20630660       0.39038364
326    306          6.37296508       3.15761384       0.37431639
327    306          6.43540584       3.11070700       0.38790925
328    306          6.48347513       3.06439089       0.41428019
329    306          6.52107394       3.02364971       0.44764276
330    306          6.55873789       3.00721714       0.49592061
331    306          6.59851921       3.01872461       0.54066598
332    306          6.62625969       3.02994627       0.56749116
333    306          6.64566462       3.05145651       0.59458931
334    306          6.67122481       3.06314761       0.64968467
335    306          6.68717280       3.06120554       0.72207520
336    306          6.68656658       3.05465958       0.78644989
337    306          6.70550346       3.03544333       0.84051831
338    306          6.77764776       2.99330458       0.89213535
339    306          6.86104931       2.92049187       0.92836628
340    306          6.90612432       2.85905249       0.94393301
341    306          6.90837432       2.84759503       0.94165789
342    306          6.91315342       2.87411597       0.92410164
343    306          6.93746350       2.88021894       0.90117631
344    306          6.94204975       2.85028676       0.88627727
345    306          6.91685055       2.81077538       0.86064770
346    306          6.89914914       2.78838013       0.81945758
347    306          6.88709325       2.77884912       0.77355429
348    306          6.83083019       2.77534454       0.72848725
349    306          6.73419566       2.78178538       0.69460944
350    306          6.61331544       2.81367099       0.69193110
351    306          6.51803127       2.86732001       0.69762331
352    306          6.45591275       2.92724970       0.66502608
353    306          6.41991668       2.96981442       0.61035616
354    306          6.41719510       2.98459236       0.57615469
355    306          6.43920597       2.99395279       0.56720614
356    306          6.47806129       3.00996185       0.55703070
357    306          6.50749704       3.02897750       0.53852756
358    306          6.51499123       3.01916255       0.52889901
359    306          6.53365970       2.97535821       0.52295525
360    306          6.56540354       2.90067704       0.49455611
361    306          6.59410366       2.82351506       0.44605283
362    306          6.61820943       2.75705424       0.39614254
363    306          6.63216988       2.71550135       0.37923656
364    306          6.65131392       2.70459528       0.39221961
365    306          6.68914715       2.69900783       0.39829002
366    306          6.75350681       2.67166412       0.36649873
367    306          6.83457949       2.63723024       0.31539911
368    306          6.90435801       2.64396740       0.28188042
369    306          6.93386566       2.69152522       0.28325116
370    306          6.94550559       2.75582777       0.30554532
371    306          6.97866471       2.79825973       0.31363356
372    306          7.02372023       2.81741603       0.30748230
373    306          7.07184082       2.81110156       0.30822221
374    306          7.10984076       2.78609442       0.31759513
375    306          7.15101325       2.74472185       0.31628085
376    306          7.21986800       2.70286680       0.29346424
377    306          7.30483273       2.68011313       0.26710052
378    306          7.37232541       2.66334095       0.24354522
379    306          7.41068392       2.63884931       0.24235604
380    306          7.44174835       2.59425702       0.26608870
381    306          7.45925212       2.53308076       0.28735021
382    306          7.46864618       2.45254158       0.29801654
383    306          7.48987068       2.39545483       0.29238192
384    306          7.53599698       2.38365014       0.27937500
385    306          7.58046725       2.41062167       0.25749051
386    306          7.61017718       2.44282956       0.23142762
387    306          7.63445578       2.45785753       0.20079083
388    306          7.66386591       2.47339714       0.17891360
389    306          7.69214964       2.49908273       0.15960295
390    306          7.71599421       2.52572224       0.14899726
391    306          7.75060196       2.51758180       0.15180670
392    306          7.78655883       2.49031341       0.16828405
393    306          7.79562440       2.47351813       0.19546017
394    306          7.77839393       2.46976943       0.22346761
395    306          7.76898245       2.47615936       0.24818087
396    306          7.79175499       2.46999087       0.25127016
397    306          7.83263466       2.46690539       0.23042732
398    306          7.88247664       2.46435653       0.19533457
399    306          7.93447701       2.44152206       0.17229061
400    306          7.96672033       2.40990920       0.16403480
401    306          7.97403483       2.38764616       0.16627908
402    306          7.97840170       2.36905235       0.17518072
403    306          7.99923727       2.32781786       0.19782684
404    306          8.04016046       2.27194351       0.25152216
405    306          8.07818541       2.22877846       0.31369165
406    306          8.11415334       2.20958422       0.33723447
407    306          8.15897963       2.17712000       0.31926473
408    306          8.21119278       2.12727366       0.29406750
409    306          8.26645943       2.09324443       0.27993057
410    306          8.31521769       2.07688501       0.27155394
411    306          8.35531930       2.05960682       0.26854512
412    306          8.36109128       2.02395019       0.28188902
413    306          8.33225075       1.96423087       0.32530715
414    306          8.29628154       1.88539767       0.39188137
415    306          8.29203326       1.82044924       0.46410933
416    306          8.34557181       1.80703568       0.51329074
417    306          8.44676654       1.87190982       0.53243932
418    306          8.55093808       1.95645707       0.53915078
419    306          8.62457338       2.01737559       0.54396492
420    306          8.67405939       2.05070366       0.55225752
421    306          8.70664185       2.07770170       0.55533585
422    306          8.74156249       2.10447629       0.55651014
423    306          8.76064447       2.11224585       0.58358182
424    306          8.73979411       2.09414456       0.63582259
425    306          8.69114550       2.06222734       0.69511492
426    306          8.67349599       2.03324449       0.74252459
427    306          8.71708647       2.01438335       0.76752744
428    306          8.79977053       2.01981465       0.78541481
429    306          8.87741784       2.04233939       0.79675486
430    306          8.92804877       2.07844639       0.79432005
431    306          8.95467941       2.11354566       0.77735837
432    306          8.96237029       2.14750316       0.77279555
433    306          8.95853711       2.14344661       0.79994549
434    306          8.96521738       2.10630361       0.85537070
435    306          9.01481436       2.08339309       0.90739533
436    306          9.07081589       2.06921946       0.95073218
437    306          9.11702585       2.05836962       0.97660512
438    306          9.15661278       2.05562543       0.99404472
439    306          9.21164565       2.07491002       0.99836610
440    306          9.26127938       2.08495664       0.97704319
441    306          9.27599030       2.07450637       0.93726409
442    306          9.26514954       2.03819436       0.89629996
443    306          9.24265696       1.98098711       0.85749789
444    306          9.23537306       1.93347835       0.80327241
445    306          9.25028644       1.90662385       0.72761230
446    306          9.29131827       1.87915497       0.66153818
447    306          9.32759495       1.83598916       0.64681348
448    306          9.32135595       1.78391747       0.68376969
449    306          9.26471140       1.72752182       0.73743016
450    306          9.18038465       1.67999360       0.78843396
451    306          9.10017104       1.65566942       0.82136492
452    306          9.04575903       1.64947040       0.83542255
453    306          9.00920511       1.64753058       0.84263927
454    306          8.98186254       1.63091167       0.85172301
455    306          8.98744889       1.59369639       0.85081345
456    306          9.03571699       1.54472874       0.84616514
457    306          9.11291278       1.49593643       0.82841068
458    306          9.17875441       1.42224400       0.79947946
459    306          9.21365076       1.32513950       0.76498914
460    306          9.22068435       1.25387248       0.74326456
461    306          9.20553454       1.25053300       0.72883849
462    306          9.18570232       1.29007199       0.71281888
463    306          9.17397674       1.32691566       0.69615217
464    306          9.18071686       1.35737397       0.68502240
465    306          9.20356170       1.39425684       0.69437258
466    306          9.22884267       1.44908054       0.71161205
467    306          9.25688072       1.51011257       0.73780955
468    306          9.29439362       1.56039006       0.76350366
469    306          9.34583066       1.58696340       0.78820088
470    306          9.40289167       1.60334120       0.80441316
471    306          9.43635193       1.61638045       0.82443727
472    306          9.41838352       1.62050783       0.85313349
473    306          9.37698984       1.62110833       0.88831076
474    306          9.35441660       1.62499635       0.91547814
475    306          9.36134942       1.64448775       0.92977490
476    306          9.39516772       1.67728186       0.93978379
477    306          9.43842839       1.72757799       0.93911274
478    306          9.47496588       1.78783548       0.93425230
479    306          9.49081628       1.84625601       0.92544858
480    306          9.50441216       1.88771989       0.91932915
481    306          9.52616541       1.91240637       0.92534687
482    306          9.56213951       1.92907297       0.94101125
483    306          9.59740463       1.94204745       0.95599788
484    306          9.61028666       1.94479701       0.97444398
485    306          9.59782414       1.92662827       1.00307743
486    306          9.57025205       1.89429507       1.03088431
487    306          9.54377260       1.87033148       1.05801558
488    306          9.50926721       1.88156559       1.07710094
489    306          9.48430473       1.92581005       1.09153820
490    306          9.48014255       1.99540728       1.10228005
491    306          9.49973177       2.09289650       1.12278948
492    306          9.52494865       2.18872977       1.14019176
493    306          9.54684217       2.25633225       1.14313923
494    306          9.53729645       2.27916076       1.13258163
495    306          9.50770355       2.29534777       1.12397494
496    306          9.46581381       2.31518511       1.09628800
497    306          9.41003406       2.33344802       1.04053399
498    306          9.35405749       2.34726370       0.96320564
499    306          9.30591589       2.34724329       0.89821546
500    306          9.27163504       2.31720844       0.88122944
501    306          9.23982054       2.25601183       0.90286682
502    306          9.21060759       2.18878427       0.93808130
503    306          9.18687201       2.13114611       0.97184187
504    306          9.17442652       2.10156253       0.98691741
505    306          9.17166886       2.10715066       0.97719449
506    306          9.18637617       2.13574708       0.94434731
507    306          9.23016776       2.16332326       0.90820951
508    306          9.27629759       2.19990642       0.85373717
509    306          9.29990476       2.24687302       0.77204613
510    306          9.29357252       2.30842401       0.67914404
511    306          9.28844219       2.37110148       0.59062262
512    306          9.29252296       2.43995215       0.52346378
513    306          9.31459339       2.50270771       0.48553752
514    306          9.34817505       2.53453217       0.47840779
515    306          9.39282055       2.55070224       0.48248290
516    306          9.44414505       2.57170199       0.50359345
517    306          9.46472086       2.62225304       0.53597620
518    306          9.45786049       2.70586201       0.56963870
519    306          9.44200245       2.79827316       0.59894651
520    306          9.43250207       2.88400912       0.62146466
521    306          9.42631405       2.95688503       0.62950960
522    306          9.41835765       2.99853116       0.64483271
523    306          9.41005022       3.00533942       0.67938271
524    306          9.40352640       2.96945562       0.71888867
525    306          9.40603239       2.91528459       0.75339658
526    306          9.42351092       2.87041582       0.77963557
527    306          9.43633414       2.85369870       0.81930309
528    306          9.42012417       2.86864730       0.86637967
529    306          9.37611493       2.89420458       0.90895837
530    306          9.32925166       2.93179239       0.94722304
531    306          9.29692428       2.97211821       0.98680473
532    306          9.27521510       3.00134937       1.01115248
533    306          9.25779772       3.00812943       1.01461128
534    306          9.24937105       3.00189161       1.02496922
535    306          9.27235723       2.99129545       1.04812199
536    306          9.29214792       2.99291755       1.05288181
537    306          9.30137487       3.02154231       1.03097272
538    306          9.29212204       3.06380390       0.98213601
539    306          9.27920064       3.12369844       0.90663598
540    306          9.26751064       3.21473102       0.84727981
541    306          9.25001186       3.30743346       0.80497833
542    306          9.22049954       3.35555254       0.77728412
543    306          9.17386288       3.36316772       0.76924291
544    306          9.11956578       3.37386137       0.79106841
545    306          9.08253184       3.44898152       0.82080331
546    306          9.07149051       3.56714793       0.86104803
547    306          9.06018070       3.66173289       0.91416042
548    306          9.03981790       3.69664450       0.98328271
549    306          9.00641372       3.70273760       1.05245972
550    306          8.97697591       3.70680981       1.08200872
551    306          8.95616206       3.71785072       1.07193989
552    306          8.95467411       3.72246689       1.04665928
553    306          8.97568054       3.73534004       1.01612094
554    306          8.98633470       3.75275950       0.97501995
555    306          8.99201725       3.79837065       0.93862557
556    306          8.98567360       3.83377108       0.90813594
557    306          8.95950596       3.86269098       0.87086097
558    306          8.93502715       3.88862503       0.80573662
559    306          8.93265199       3.90971340       0.74692336
560    306          8.93169363       3.91655990       0.70978310
561    306          8.91709238       3.89613001       0.67927075
562    306          8.89009937       3.87747230       0.63760298
563    306          8.85838837       3.87982098       0.59672234
564    306          8.82872968       3.93169295       0.57247661
565    306          8.79483936       4.00670887       0.56427263
566    306          8.74350451       4.08092116       0.54172293
567    306          8.68519002       4.12513448       0.50208534
568    306          8.63463659       4.14157104       0.48860209
569    306          8.58957072       4.12412228       0.50389320
570    306          8.54971055       4.06275238       0.51624248
571    306          8.52142938       4.00141131       0.51693769
572    306          8.48347608       3.98088346       0.50953488
573    306          8.41316741       4.01101127       0.50580229
574    306          8.32921786       4.03257270       0.49132655
575    306          8.26402572       4.06139836       0.46565975
576    306          8.22909856       4.09749823       0.45113142
577    306          8.20369626       4.12116033       0.43776202
578    306          8.18780884       4.10688184       0.40235905
579    306          8.17535182       4.07431672       0.35529236
580    306          8.15491328       4.05224766       0.32731851
581    306          8.14022219       4.06504971       0.31490446
582    306          8.13626671       4.10843425       0.29375977
583    306          8.12792328       4.12726960       0.26544361
584    306          8.09060828       4.14226794       0.24211445
585    306          8.05169454       4.15806348       0.23110326
586    306          8.01758751       4.17501160       0.24198870
587    306          7.99123138       4.17593438       0.25677144
588    306          7.95697827       4.14681048       0.27171924
589    306          7.90910012       4.10816039       0.27304405
590    306          7.84992998       4.08934457       0.26403807
591    306          7.80001690       4.11227612       0.26646668
592    306          7.76573990       4.17554031       0.28467504
593    306          7.72039215       4.26577142       0.30984496
594    306          7.66772456       4.34676514       0.35110157
595    306          7.61001629       4.39944243       0.40809404
596    306          7.57172252       4.42844196       0.46490378
597    306          7.57124713       4.43795501       0.50316615
598    306          7.60852702       4.41883834       0.49899037
599    306          7.67130002       4.39709897       0.48185173
600    306          7.72502723       4.35559809       0.45077833
601    306          7.75895110       4.29380755       0.36567962
602    306          7.76803977       4.27757871       0.25588554
603    306          7.75864165       4.31313373       0.14294109
604    306          7.73156455       4.33828284       0.06665462
605    306          7.68713259       4.33005332       0.06507810
606    306          7.62081646       4.30816739       0.10599524
607    306          7.56858006       4.28710104       0.13675081
608    306          7.55005019       4.30056214       0.14841417
609    306          7.58809214       4.34338843       0.14985505
610    306          7.67360196       4.39962943       0.12527766
611    306          7.77431213       4.44798549       0.08317676
612    306          7.83549396       4.49513514       0.05187262
613    306          7.84134262       4.53974013       0.04143452
614    306          7.80335954       4.57433790       0.04906772
615    306          7.74263584       4.62618732       0.06733724
616    306          7.68703799       4.68513337       0.07831073
617    306          7.65120941       4.76340898       0.09742215
618    306          7.63344194       4.84227480       0.12683032
619    306          7.61046882       4.92407554       0.15137321
620    306          7.56099426       5.00645161       0.13997849
621    306          7.48409313       5.08958865       0.11033375
622    306          7.42846318       5.15237636       0.07987056
623    306          7.41748075       5.18774277       0.04471394
624    306          7.43559063       5.21824620      -0.00889538
625    306          7.44455634       5.24269153      -0.07891593
626    306          7.45514602       5.24388826      -0.15401444
627    306          7.44838071       5.22752447      -0.21630965
628    306          7.41932172       5.20334875      -0.24382833
629    306          7.41081291       5.17928901      -0.24367281
630    306          7.41609134       5.16546471      -0.24366652
631    306          7.42050562       5.16159392      -0.27541109
632    306          7.41834398       5.16589947      -0.34269838
633    306          7.41006107       5.17439456      -0.43210955
634    306          7.40422497       5.17443326      -0.51009133
635    306          7.38831941       5.14374271      -0.54879133
636    306          7.35209858       5.09379161      -0.55459025
637    306          7.32993696       5.05061636      -0.57559011
638    306          7.36815450       5.02589427      -0.61924843
639    306          7.45826460       4.98729330      -0.65052185
640    306          7.54226226       4.94092217      -0.68593229
641    306          7.58667072       4.89898042      -0.71136316
642    306          7.59120328       4.89325069      -0.73197264
643    306          7.58119436       4.91975572      -0.76840101
644    306          7.60370332       4.95935287      -0.83869524
645    306          7.63792466       5.00310460      -0.90991145
646    306          7.62869609       5.04303361      -0.94480446
647    306          7.58872260       5.06263300      -0.93386233
648    306          7.57365592       5.04044409      -0.89576522
649    306          7.59360915       4.98661197      -0.85577507
650    306          7.61194984       4.90760311      -0.83480898
651    306          7.61791882       4.82882171      -0.83863714
652    306          7.64856866       4.79156856      -0.86680079
653    306          7.71107195       4.76751357      -0.87867076
654    306          7.76891044       4.74175772      -0.87798214
655    306          7.79121430       4.74091087      -0.88801813
656    306          7.79626264       4.77486204      -0.91805962
657    306          7.81135871       4.84042749      -0.96837319
658    306          7.82172246       4.91936961      -1.02291540
659    306          7.82177227       4.99489354      -1.06356381
660    306          7.81308043       5.03401512      -1.07334948
661    306          7.82940405       5.01556750      -1.06172828
662    306          7.87890260       4.96928844      -1.04077424
663    306          7.92642548       4.93982170      -1.03349062
664    306          7.93969200       4.93551719      -1.04462745
665    306          7.92775943       4.96350941      -1.08742972
666    306          7.93048472       5.01790436      -1.16540128
667    306          7.92845642       5.08145513      -1.24148928
668    306          7.91194396       5.15867054      -1.26436806
669    306          7.87438456       5.23624824      -1.22453251
670    306          7.85383546       5.28006978      -1.15611311
671    306          7.86506065       5.28125588      -1.07841904
672    306          7.89149888       5.27071826      -1.00031817
673    306          7.91964667       5.27273170      -0.93369709
674    306          7.94502559       5.29214542      -0.91237142
675    306          7.98681338       5.30835137      -0.93819915
676    306          8.03869262       5.30827780      -0.97271553
677    306          8.09598997       5.29523950      -0.98627869
678    306          8.13246918       5.28124502      -0.99349481
679    306          8.15554596       5.26880724      -1.01205877
680    306          8.17496287       5.24105044      -1.02471487
681    306          8.21249192       5.22071093      -1.02096343
682    306          8.26360267       5.19653706      -0.99704676
683    306          8.33780524       5.16840161      -0.96341542
684    306          8.42609788       5.12657901      -0.93851477
685    306          8.51879215       5.08301765      -0.93012985
686    306          8.59852462       5.05172513      -0.94262126
687    306          8.64591678       5.03518108      -0.96171741
688    306          8.65344171       5.03573847      -0.97577308
689    306          8.62201006       5.04026134      -0.97601350
690    306          8.59286114       5.05332741      -0.97068930
691    306          8.57145649       5.06604847      -0.97934477
692    306          8.56841551       5.07412628      -0.99946944
693    306          8.57791170       5.03924656      -0.99374837
694    306          8.59632169       4.98989995      -0.95918173
695    306          8.61959595       4.96175027      -0.93198111
696    306          8.64268104       4.94092451      -0.91144973
697    306          8.67165782       4.92645315      -0.90810623
698    306          8.68328582       4.92207707      -0.92199941
699    306          8.67516268       4.92758777      -0.93904092
700    306          8.67190700       4.91431009      -0.94687345
701    306          8.68608599       4.87099837      -0.93728900
702    306          8.69092459       4.80003333      -0.91950936
703    306          8.70925024       4.75247826      -0.90863854
704    306          8.75136496       4.74301938      -0.91202187
705    306          8.80254890       4.76934102      -0.90415024
706    306          8.84597071       4.81599980      -0.88250994
707    306          8.86952611       4.87396678      -0.86035641
708    306          8.89229892       4.93380735      -0.84606158
709    306          8.90945220       4.99482446      -0.83289222
710    306          8.92174852       5.05430649      -0.80435847
711    306          8.93209054       5.09660321      -0.77863371
712    306          8.91728923       5.13187917      -0.74365333
713    306          8.88524476       5.17973546      -0.73078485
714    306          8.83544577       5.22885881      -0.76092820
715    306          8.79992522       5.27131632      -0.75430274
716    306          8.77907942       5.31895011      -0.72622309
717    306          8.78148676       5.37112568      -0.69084922
718    306          8.78758932       5.42294496      -0.64501469
719    306          8.79097042       5.47076977      -0.59805748
720    306          8.78757783       5.50040795      -0.56488688
721    306          8.77458089       5.49503761      -0.54314870
722    306          8.77494492       5.45056535      -0.51358091
723    306          8.77729480       5.39767952      -0.48259887
724    306          8.78333837       5.38407376      -0.47861699
725    306          8.79779500       5.41381810      -0.48911385
726    306          8.83269195       5.45035351      -0.50965717
727    306          8.86154216       5.46129836      -0.52206451
728    306          8.88230033       5.44781805      -0.49580096
729    306          8.87869022       5.41999378      -0.43096951
730    306          8.86659829       5.39617749      -0.38680928
731    306          8.83950005       5.40349176      -0.38003158
732    306          8.81333923       5.45012746      -0.39553288
733    306          8.81186517       5.49272100      -0.40456385
734    306          8.82717013       5.52139909      -0.41952469
735    306          8.83696181       5.54845170      -0.42741812
736    306          8.88671487       5.52401434      -0.38041970
737    306          8.93151640       5.49452332      -0.30081127
738    306          8.94539069       5.43574346      -0.21702909
739    306          8.96219250       5.35683380      -0.16250920
740    306          8.96000399       5.29666691      -0.13291153
741    306          8.94338524       5.30305120      -0.12555606
742    306          8.92313391       5.33849003      -0.12493866
743    306          8.92350211       5.33751544      -0.14342089
744    306          8.92162447       5.31341701      -0.15406825
745    306          8.91667464       5.27222783      -0.13611630
746    306          8.93456027       5.23358584      -0.09995450
747    306          8.95995871       5.19431078      -0.07440982
748    306          8.99471301       5.16112866      -0.07784686
749    306          9.01050394       5.13287676      -0.10480159
750    306          9.01218017       5.14856929      -0.13743671
751    306          9.00810319       5.17283562      -0.14110826
752    306          9.01585349       5.15647256      -0.10853652
753    306          9.02759720       5.12109866      -0.09255854
754    306          9.02641264       5.06661492      -0.09989734
755    306          9.01182198       5.00638101      -0.11114251
756    306          9.02279470       4.98605348      -0.13827213
757    306          9.05529122       5.00644629      -0.16227700
758    306          9.06847042       5.02980618      -0.18024897
759    306          9.06547949       5.07611348      -0.22210134
760    306          9.05106095       5.13795458      -0.27828057
761    306          9.05063606       5.18842270      -0.28683061
762    306          9.04764132       5.23049289      -0.23843422
763    306          9.02557491       5.28019477      -0.21812697
764    306          9.01399700       5.33702506      -0.25274508
765    306          9.01164386       5.39575998      -0.28424206
766    306          9.02941798       5.44207101      -0.28075095
767    306          9.05688988       5.46361416      -0.28227079
768    306          9.07171637       5.47344633      -0.31784134
769    306          9.06325831       5.48442374      -0.34021554
770    306          9.05912103       5.49465508      -0.28373961
771    306          9.06687616       5.52759178      -0.18341130
772    306          9.06778949       5.58056456      -0.10136566
773    306          9.05131228       5.63360692      -0.04614502
774    306          9.01389738       5.65206885      -0.01464947
775    306          8.97759790       5.65959019      -0.00181192
776    306          8.96886347       5.69420776      -0.00053260
777    306          8.99586416       5.75573934       0.00711283
778    306          9.04489043       5.81875705       0.01867704
779    306          9.08479109       5.87327105       0.03424179
780    306          9.10469315       5.91947383       0.06114209
781    306          9.11400776       5.95093460       0.09727416
782    306          9.13336783       5.95195620       0.13639225
783    306          9.16893265       5.93646774       0.17988184
784    306          9.20112735       5.95683766       0.24742378
785    306          9.22328103       6.01789779       0.33208033
786    306          9.23589705       6.09917805       0.41969708
787    306          9.23917572       6.16509863       0.50040898
788    306          9.24398277       6.20201861       0.55096171
789    306          9.26553570       6.20705969       0.56484286
790    306          9.29844012       6.21560685       0.55584451
791    306          9.32915901       6.22894950       0.54552672
792    306          9.36239810       6.23558979       0.55245273
793    306          9.38664591       6.22775072       0.58345496
794    306          9.40462112       6.20327183       0.62114531
795    306          9.41980706       6.18077313       0.65542879
796    306          9.43566327       6.16647028       0.67967380
797    306          9.45583894       6.17248065       0.70088443
798    306          9.47613838       6.19587622       0.72299289
799    306          9.49535048       6.24088579       0.72923923
800    306          9.50789852       6.28185619       0.70846945
801    306          9.50425214       6.30508879       0.68546318
802    306          9.47275129       6.32641124       0.69106381
803    306          9.45672317       6.36433931       0.74868257
804    306          9.47346598       6.42489989       0.83708130
805    306          9.50336659       6.50402319       0.92254095
806    306          9.50839158       6.60128004       1.00758848
807    306          9.48477270       6.70278811       1.08165474
808    306          9.44190467       6.80464424       1.12208990
809    306          9.39717861       6.89393213       1.15052416
810    306          9.37764543       6.95617133       1.19414676
811    306          9.36764804       6.96777060       1.24926223
812    306          9.33838108       6.92793874       1.29549711
813    306          9.28449439       6.87527832       1.33039320
814    306          9.24106437       6.85384823       1.33959679
815    306          9.23142944       6.87392826       1.33177920
816    306          9.25038509       6.91160043       1.29573476
817    306          9.27840634       6.98114242       1.24319212
818    306          9.31236126       7.04836656       1.18810439
819    306          9.32909672       7.11147252       1.14253557
820    306          9.30204534       7.17172285       1.11119593
821    306          9.24260832       7.20029961       1.11203517
822    306          9.17636703       7.17925429       1.14381940
823    306          9.14152055       7.15898872       1.16434747
824    306          9.13943241       7.16375501       1.15934685
825    306          9.16416074       7.17152739       1.13812222
826    306          9.20949793       7.17288043       1.09530517
827    306          9.25500040       7.18418347       1.03255524
828    306          9.26970773       7.20531094       0.96964298
829    306          9.24175867       7.25695771       0.92130557
830    306          9.19317543       7.29056506       0.85826624
831    306          9.18013465       7.28914236       0.79621484
832    306          9.18838155       7.24820233       0.73598262
833    306          9.19545349       7.21694740       0.67252644
834    306          9.18814977       7.18430886       0.62078111
835    306          9.17703281       7.16290978       0.58658258
836    306          9.17050339       7.15713442       0.56563190
837    306          9.18823377       7.13402414       0.55719304
838    306          9.23339278       7.09347098       0.55564893
839    306          9.27692957       7.02639472       0.56574550
840    363         10.03661874       4.95907863      -0.46287409
841    363         10.03704597       4.92111389      -0.50811589
842    363         10.03607103       4.89908456      -0.54822544
843    363         10.02753655       4.92726584      -0.56477954
844    363          9.99930263       4.96647279      -0.56772340
845    363          9.97638648       4.97416741      -0.57997475
846    363          9.95618155       4.91515998      -0.59865423
847    363          9.95476724       4.86147209      -0.60012715
848    363          9.96644799       4.84490874      -0.57534219
849    363          9.97058484       4.87118734      -0.55053425
850    363          9.97030384       4.91047699      -0.53294796
851    363          9.98313003       4.94255162      -0.54090882
852    363          9.99756728       4.96931051      -0.56322289
853    363          9.99999247       5.00563410      -0.58169305
854    363         10.00186437       5.05432044      -0.58732783
855    363          9.99043936       5.07360535      -0.57192686
856    363          9.96596685       5.05972898      -0.54210739
857    363          9.94750907       5.04104453      -0.51615229
858    363          9.93168599       5.03420389      -0.52332849
859    363          9.89883102       5.04083041      -0.55049412
860    363          9.85976196       5.05543015      -0.59207671
861    363          9.82580263       5.07512993      -0.63378344
862    363          9.79465173       5.11940272      -0.67600322
863    363          9.76924711       5.18414585      -0.71304979
864    363          9.76080704       5.26460704      -0.73602396
865    363          9.78408829       5.35116553      -0.72469938
866    363          9.80860685       5.40524486      -0.67232647
867    363          9.81203639       5.41906588      -0.64548808
868    363          9.79005908       5.38680356      -0.65191724
869    363          9.77126863       5.36794410      -0.67828140
870    363          9.73435827       5.36300513      -0.70600934
871    363          9.68026004       5.34732024      -0.70903966
872    363          9.61309124       5.31561822      -0.67032009
873    363          9.55382258       5.30535570      -0.60121397
874    363          9.51254807       5.32654875      -0.53369744
875    363          9.47429545       5.35597614      -0.49257963
876    363          9.43587112       5.37221135      -0.48447252
877    363          9.40593397       5.37901539      -0.50282485
878    363          9.39067195       5.39349315      -0.51776856
879    363          9.36588863       5.40732832      -0.50856511
880    363          9.33117118       5.41502708      -0.47592750
881    363          9.29137892       5.40154405      -0.43872570
882    363          9.25461651       5.37670733      -0.39717256
883    363          9.22145441       5.33901085      -0.34979177
884    363          9.20443538       5.29974647      -0.29102918
885    363          9.18901085       5.25671953      -0.24987792
886    363          9.16915512       5.20289451      -0.23383983
887    363          9.13811119       5.15255602      -0.22558687
888    363          9.09301609       5.11346985      -0.21728288
889    363          9.04611513       5.09507955      -0.20464010
890    363          9.00792160       5.06865503      -0.17857151
891    363          8.96286272       5.02434598      -0.13802090
892    363          8.90877338       4.94911444      -0.11564249
893    363          8.86589696       4.87730242      -0.11306281
894    363          8.83085252       4.85683554      -0.11866630
895    363          8.77927936       4.90421358      -0.12080903
896    363          8.72500644       4.97147607      -0.11405700
897    363          8.72604152       5.02185206      -0.08248744
898    363          8.79333951       5.06382599      -0.04433037
899    363          8.91018328       5.10404732      -0.01189536
900    363          9.01866043       5.14089146       0.01047125
901    363          9.07716488       5.15772254       0.01223990
902    363          9.09411022       5.16094758       0.00383404
903    363          9.10248673       5.15075041      -0.00040169
904    363          9.12102967       5.11439289       0.02898055
905    363          9.13772056       5.04905740       0.07405382
906    363          9.14997517       4.96800373       0.11662868
907    363          9.15662772       4.88300312       0.13738055
908    363          9.17118337       4.75959606       0.16720743
909    363          9.19450865       4.61847667       0.19585718
910    363          9.18276098       4.51265351       0.20751469
911    363          9.12045107       4.44680342       0.19134217
912    363          9.04071042       4.39282485       0.16142588
913    363          8.98913736       4.33448493       0.13308643
914    363          8.98300992       4.31341919       0.12530562
915    363          9.01337486       4.34658079       0.14665367
916    363          9.04034596       4.36897001       0.16951633
917    363          9.04351977       4.34283255       0.16461294
918    363          9.03142806       4.27915353       0.13151009
919    363          9.00588186       4.19985170       0.10832503
920    363          8.97523070       4.11992054       0.09639686
921    363          8.94942596       4.04900456       0.10169085
922    363          8.91567498       3.99111476       0.09778691
923    363          8.84702974       3.97623548       0.08939814
924    363          8.75415497       4.00909945       0.08159383
925    363          8.67037415       4.04832399       0.09147065
926    363          8.61670595       4.05362536       0.09171875
927    363          8.57002255       4.00868016       0.07540579
928    363          8.54775271       3.95247649       0.07742695
929    363          8.57968157       3.92411464       0.11079891
930    363          8.65701221       3.91458531       0.14035984
931    363          8.73378676       3.89103181       0.14581904
932    363          8.76144049       3.84309363       0.14164338
933    363          8.75271084       3.78401767       0.13261038
934    363          8.74274577       3.72405286       0.11035154
935    363          8.72413372       3.67419750       0.07882232
936    363          8.66991855       3.64976229       0.05299317
937    363          8.60969355       3.65012281       0.04926923
938    363          8.58440776       3.67037748       0.05915717
939    363          8.58492914       3.70356765       0.08760624
940    363          8.57994190       3.73766782       0.10213186
941    363          8.59753690       3.75679252       0.08728845
942    363          8.67243396       3.76971281       0.05201118
943    363          8.77498091       3.78508984       0.00444649
944    363          8.82651823       3.80510024      -0.05611560
945    363          8.82282255       3.82225086      -0.12729348
946    363          8.82596450       3.84153800      -0.18794991
947    363          8.87802198       3.83418683      -0.22174941
948    363          8.95182708       3.79798258      -0.25753960
949    363          9.01956146       3.74176863      -0.29639846
950    363          9.08315483       3.69765251      -0.34495422
951    363          9.14887157       3.66446437      -0.40081274
952    363          9.22443614       3.63454588      -0.45467861
953    363          9.28723908       3.60369210      -0.51282063
954    363          9.32419553       3.57074599      -0.55612792
955    363          9.35172511       3.53437564      -0.59681776
956    363          9.38467803       3.50201071      -0.61523509
957    363          9.42035677       3.48735688      -0.62318598
958    363          9.45226252       3.47798540      -0.61579704
959    363          9.46335103       3.45679032      -0.61351703
960    363          9.44537196       3.42131981      -0.62922826
961    363          9.43122889       3.38946615      -0.65760178
962    363          9.46170519       3.36538202      -0.68757940
963    363          9.52164138       3.35916144      -0.71299911
964    363          9.57608005       3.38103624      -0.75031571
965    363          9.62486067       3.42197144      -0.80162167
966    363          9.65845425       3.45967826      -0.86333493
967    363          9.66970522       3.47500633      -0.88731694
968    363          9.67233536       3.46374688      -0.87527541
969    363          9.66422187       3.43070567      -0.85232182
970    363          9.63196486       3.39439946      -0.84408795
971    363          9.58044902       3.36352503      -0.84015262
972    363          9.53140804       3.35711174      -0.80544933
973    363          9.48103677       3.34497226      -0.74698045
974    363          9.42378954       3.31256278      -0.69754785
975    363          9.40734809       3.25440090      -0.65926401
976    363          9.44551125       3.17441321      -0.63290724
977    363          9.50281048       3.12746109      -0.63677025
978    363          9.53484310       3.13076977      -0.63449400
979    363          9.56660268       3.14757190      -0.61209641
980    363          9.60918242       3.13643416      -0.58497858
981    363          9.64215783       3.13301654      -0.59216035
982    363          9.68547297       3.14521189      -0.63693318
983    363          9.73839695       3.18634225      -0.68756171
984    363          9.79454547       3.24210506      -0.71197975
985    363          9.83041922       3.30589386      -0.70823492
986    363          9.85188728       3.36706566      -0.70419262
987    363          9.88166212       3.43281402      -0.69235874
988    363          9.90042446       3.50877814      -0.67962576
989    363          9.88624650       3.57725157      -0.67758759
990    363          9.86833675       3.61963382      -0.69889197
991    363          9.88017153       3.62554025      -0.73359519
992    363          9.92579948       3.62557176      -0.76425404
993    363          9.98312845       3.61671250      -0.75417620
994    363         10.03562986       3.59811786      -0.72406610
995    363         10.07263304       3.55222807      -0.69415655
996    363         10.08407696       3.51354414      -0.68445500
997    363         10.06613200       3.48824140      -0.67018120
998    363         10.00687334       3.47565442      -0.64560580
999    363          9.92097951       3.47319255      -0.61545509
