1            7.20213643       3.32734668      -1.41156052
2            7.17120581       3.38443107      -1.41799282
3            7.13528285       3.41956595      -1.44895172
4            7.11300764       3.45954620      -1.50020108
5            7.11392399       3.51469855      -1.54970967
6            7.10506475       3.56935880      -1.59445660
7            7.12246263       3.62401560      -1.62309524
8            7.18915958       3.67804146      -1.60338829
9            7.27486882       3.71119299      -1.54735120
10           7.31406554       3.72944936      -1.52558420
11           7.31013745       3.77135580      -1.54735686
12           7.27388005       3.84671226      -1.57078457
13           7.23852042       3.93299355      -1.55162334
14           7.24018712       3.98392162      -1.51006850
15           7.25455925       3.98305474      -1.47125786
16           7.22850676       3.96630094      -1.43476195
17           7.13130325       3.95572841      -1.42863421
18           7.01846854       3.93198227      -1.44070196
19           6.91698561       3.88583995      -1.44631945
20           6.86445655       3.82607015      -1.45121084
21           6.88401244       3.78519349      -1.47538408
22           6.96544225       3.79027710      -1.51424903
23           7.05823209       3.83690246      -1.57437949
24           7.16264056       3.87248112      -1.63578947
25           7.26798277       3.88854536      -1.66919760
26           7.36591512       3.90801961      -1.66573683
27           7.43562576       3.92361736      -1.67708229
28           7.48945307       3.91153598      -1.72154319
29           7.52721531       3.88810558      -1.76768717
30           7.54473737       3.89345158      -1.77529689
31           7.57220859       3.92952765      -1.72516662
32           7.63499355       3.97694759      -1.67060668
33           7.72811841       4.01784041      -1.65350546
34           7.80809604       4.06027230      -1.68077975
35           7.86030083       4.09163834      -1.70085453
36           7.88786837       4.08137475      -1.68994555
37           7.90899841       4.04238482      -1.65860899
38           7.91872064       4.00135753      -1.62612623
39           7.93396895       3.97244142      -1.62041759
40           7.96024405       3.95322603      -1.64230371
41           7.97553511       3.96947391      -1.67342094
42           7.98345654       4.02219775      -1.68222292
43           7.98103153       4.08429398      -1.69497491
44           7.96664345       4.14144546      -1.71733490
45           7.93637518       4.17421680      -1.74833588
46           7.92896725       4.18602735      -1.76471089
47           7.93724029       4.17465326      -1.75936453
48           7.93997871       4.12531846      -1.75177497
49           7.92756707       4.08314179      -1.73070269
50           7.89360982       4.01374542      -1.72817107
51           7.85874275       3.91641289      -1.72480867
52           7.85467231       3.81966275      -1.72838014
53           7.85653178       3.71554347      -1.72975035
54           7.85531282       3.62533464      -1.71402769
55           7.84041661       3.56689755      -1.68288613
56           7.78307533       3.51962881      -1.67090157
57           7.71701502       3.47654340      -1.68979501
58           7.68475371       3.44772286      -1.71837153
59           7.65479646       3.44264644      -1.75527893
60           7.62755121       3.44657548      -1.79939257
61           7.61755596       3.45618959      -1.84330381
62           7.62718403       3.45370488      -1.86629464
63           7.65905674       3.42677315      -1.86294412
64           7.71451003       3.41901340      -1.84340761
65           7.77864012       3.44097589      -1.82827575
66           7.82862786       3.47279494      -1.84993773
67           7.86114132       3.49153296      -1.90307425
68           7.87355296       3.49102441      -1.96789103
69           7.85059418       3.51180551      -2.01022990
70           7.80488549       3.58204056      -2.03531245
71           7.75599830       3.68308257      -2.04328767
72           7.71904267       3.78301426      -2.03702266
73           7.69059725       3.88976259      -2.02608080
74           7.68196730       3.99189786      -2.01232217
75           7.67267885       4.07752227      -2.01435098
76           7.63468012       4.15384276      -2.02702873
77           7.58402518       4.21177918      -2.01406738
78           7.51483916       4.22902152      -1.99742170
79           7.43940129       4.22090965      -2.00427420
80           7.39695915       4.18637501      -1.94813149
81           7.35300959       4.12652108      -1.92867165
82           7.31189800       4.05690089      -1.88607009
83           7.22647409       3.99199998      -1.85800549
84           7.12529956       3.92097812      -1.86047693
85           7.03989666       3.82360444      -1.88680541
86           6.94673868       3.75808194      -1.91102036
87           6.85712139       3.75205360      -1.90977541
88           6.79335511       3.78436370      -1.85628272
89           6.74195652       3.83930719      -1.76694005
90           6.70896861       3.88967651      -1.69413584
91           6.69578237       3.92323708      -1.65615067
92           6.69777491       3.93702020      -1.64316059
93           6.68901070       3.93625164      -1.63734114
94           6.65997402       3.92827448      -1.62979760
95           6.63427415       3.92793224      -1.62347577
96           6.61817301       3.93060800      -1.61811753
97           6.58852028       3.91899552      -1.62877204
98           6.54710578       3.90145734      -1.63810640
99           6.52175665       3.87727954      -1.62931927
100          6.52068168       3.85753554      -1.61410811
101          6.53239893       3.81660630      -1.58171348
102          6.55111970       3.76058960      -1.55718922
103          6.56384589       3.70460984      -1.54318638
104          6.57204966       3.65169884      -1.56318290
105          6.58093242       3.60926484      -1.60941685
106          6.59676940       3.61010324      -1.64296507
107          6.59238621       3.67888837      -1.63300268
108          6.58393672       3.77869732      -1.60801383
109          6.59073135       3.85204639      -1.58916405
110          6.61273702       3.87399776      -1.56045506
111          6.63807728       3.86924315      -1.53276966
112          6.66512058       3.86077584      -1.50479402
113          6.69699860       3.83260326      -1.49688255
114          6.74022253       3.76219901      -1.48909819
115          6.79325260       3.68430556      -1.46355182
116          6.80410205       3.64886515      -1.43915562
117          6.73742119       3.64654158      -1.45899635
118          6.63425101       3.66232651      -1.49891664
119          6.53339206       3.69538405      -1.51185568
120          6.45804410       3.73428487      -1.48743396
121          6.42454459       3.77733915      -1.45173805
122          6.42773844       3.78923421      -1.43226543
123          6.45728313       3.76842996      -1.41218184
124          6.49006863       3.74975504      -1.38884714
125          6.51010316       3.75670998      -1.34925587
126          6.56462608       3.77377207      -1.30524486
127          6.66098122       3.77165427      -1.27664321
128          6.77581600       3.78062620      -1.24593535
129          6.84768141       3.81777432      -1.20008480
130          6.84622657       3.86980150      -1.16158034
131          6.79912556       3.93048085      -1.16025399
132          6.77446129       3.97898969      -1.20913648
133          6.79299114       4.00803571      -1.28477473
134          6.82447789       4.01585147      -1.34044386
135          6.85585825       3.99645102      -1.36878574
136          6.89046932       3.97533392      -1.34963211
137          6.93740745       3.97994077      -1.30280730
138          6.98460802       4.01134388      -1.26824427
139          7.02053873       4.05978825      -1.25954831
140          7.02809671       4.11215932      -1.25104859
141          7.02138618       4.17769545      -1.25042789
142          7.01326836       4.25156220      -1.27674585
143          7.01092600       4.31266783      -1.33359189
144          7.01528167       4.34341683      -1.41310293
145          7.01753362       4.34822019      -1.48497834
146          7.01387512       4.35419317      -1.54244289
147          7.00764247       4.37825234      -1.61263967
148          7.00510697       4.42094229      -1.68675562
149          6.98253427       4.46370543      -1.71609471
150          6.93933425       4.52489067      -1.70950179
151          6.90707312       4.58559497      -1.68908860
152          6.89924341       4.65993922      -1.69114438
153          6.88358338       4.72875553      -1.71094090
154          6.85683823       4.78835273      -1.73772966
155          6.82050555       4.83751280      -1.77613813
156          6.77864849       4.87832622      -1.83627133
157          6.73102101       4.93145116      -1.88186992
158          6.67840150       4.99823675      -1.87880235
159          6.62892855       5.08724062      -1.84490421
160          6.58694678       5.17510982      -1.80594551
161          6.54003425       5.25062096      -1.78729979
162          6.48799137       5.30695489      -1.76768865
163          6.46385325       5.35057175      -1.74702386
164          6.47691493       5.39444494      -1.75252261
165          6.51083087       5.43020753      -1.78271532
166          6.53004354       5.43500075      -1.80448855
167          6.53691332       5.41643666      -1.81155717
168          6.54648233       5.40163904      -1.81285067
169          6.55523796       5.42756272      -1.79747736
170          6.54112092       5.50301703      -1.74910305
171          6.50566841       5.59823142      -1.66582917
172          6.46986017       5.66748594      -1.57667672
173          6.44971324       5.69332512      -1.48702823
174          6.44873182       5.69267332      -1.42058836
175          6.46853201       5.68017968      -1.39130357
176          6.49830734       5.67642687      -1.38618348
177          6.50403421       5.67328193      -1.37613071
178          6.46478381       5.67932021      -1.35005089
179          6.39622382       5.68330573      -1.31024375
180          6.33598153       5.67785713      -1.27938624
181          6.28746818       5.66356850      -1.23714965
182          6.24896856       5.65294554      -1.18650222
183          6.22512198       5.65573914      -1.15472963
184          6.21915244       5.66554141      -1.13681021
185          6.22636681       5.68139236      -1.10246185
186          6.23060642       5.68969363      -1.04133536
187          6.24285317       5.68760064      -0.98329496
188          6.27272395       5.68405861      -0.93129881
189          6.29686345       5.68489880      -0.89573696
190          6.29379661       5.66300185      -0.89585940
191          6.25966924       5.59660823      -0.93955044
192          6.24994178       5.51252123      -0.99845510
193          6.27010548       5.46813950      -1.04879869
194          6.27804391       5.48571445      -1.05691323
195          6.23428477       5.53966026      -1.03025769
196          6.14775010       5.58685640      -0.99517765
197          6.04739401       5.62439936      -0.96374982
198          5.95453778       5.65801911      -0.95020290
199          5.88538997       5.65153239      -0.95741250
200          5.84910773       5.57899084      -0.97649487
201          5.83895953       5.47698580      -0.98406985
202          5.84318641       5.35645783      -0.97730223
203          5.85960658       5.23220789      -0.95235946
204          5.88164663       5.13391663      -0.90217101
205          5.90682461       5.06242773      -0.84969511
206          5.91490568       5.02447341      -0.79222130
207          5.89355818       5.02283730      -0.75438405
208          5.83158093       5.04845888      -0.73623138
209          5.75021363       5.08291815      -0.71681121
210          5.67875189       5.08721783      -0.69612350
211          5.64483949       5.01919588      -0.69306269
212          5.64995684       4.90494935      -0.69773036
213          5.67755264       4.81896424      -0.70858975
214          5.72032706       4.79723384      -0.72297151
215          5.75518871       4.82146828      -0.72686532
216          5.75931588       4.84618024      -0.68614141
217          5.72612610       4.86352885      -0.59503567
218          5.67058333       4.87255945      -0.46387958
219          5.60314982       4.85904938      -0.31055081
220          5.55861927       4.83172113      -0.17169264
221          5.56306099       4.81403617      -0.08999555
222          5.59944186       4.81045312      -0.06257898
223          5.63393467       4.79415317      -0.04741897
224          5.65257094       4.73636112      -0.03413915
225          5.64913015       4.63140908      -0.02225128
226          5.61302287       4.52833121       0.01194902
227          5.56454447       4.44164280       0.07975859
228          5.52582035       4.37244532       0.15863926
229          5.50423066       4.31871115       0.22508007
230          5.48247146       4.26472813       0.26469097
231          5.45667366       4.20325004       0.30869429
232          5.44422508       4.13974159       0.37016288
233          5.47157136       4.08330492       0.41684241
234          5.51057827       4.03165575       0.43052081
235          5.51238339       3.97625615       0.42243537
236          5.48337845       3.92888298       0.40631323
237          5.46018695       3.90328643       0.38704806
238          5.45409216       3.89274603       0.36099334
239          5.46461069       3.86835413       0.33676263
240          5.49356007       3.81817314       0.34032103
241          5.53823112       3.76374301       0.35556433
242          5.59138381       3.72634162       0.36422806
243          5.61962560       3.67788328       0.38017092
244          5.63413973       3.59403999       0.42124569
245          5.68330615       3.48607045       0.47516005
246          5.75572720       3.40283713       0.53782110
247          5.83206182       3.35514975       0.60241449
248          5.92500568       3.33827949       0.67755414
249          6.04294756       3.35548072       0.74804831
250          6.16732293       3.39058288       0.78853389
251          6.23851382       3.37859616       0.81216864
252          6.27799345       3.32978296       0.85570480
253          6.32734398       3.30746592       0.90241811
254          6.38793290       3.32857584       0.92758035
255          6.46540164       3.36386960       0.95996423
256          6.51512549       3.38932480       1.00094299
257          6.53713344       3.41158927       1.01918276
258          6.58097542       3.41594775       1.00478133
259          6.63614293       3.41751030       0.96687585
260          6.65548779       3.42543011       0.91709148
261          6.65132959       3.43174105       0.89050153
262          6.62257324       3.43446909       0.91336662
263          6.58978747       3.49763231       0.96509498
264          6.57636040       3.61894383       1.00465842
265          6.55742051       3.73394941       1.02599029
266          6.54109407       3.80666523       1.02949268
267          6.52651595       3.84762374       1.03668584
268          6.50561546       3.86291603       1.07360493
269          6.47663885       3.83610965       1.11746355
270          6.45205692       3.81941138       1.12598518
271          6.43594954       3.84471675       1.09110849
272          6.40850979       3.88085799       1.03488707
273          6.37429925       3.91340820       1.00256365
274          6.35597947       3.95369206       0.99275107
275          6.35901846       4.01657433       0.99240987
276          6.37741633       4.07793488       1.00090577
277          6.39453608       4.11981672       1.00526917
278          6.40358197       4.13801409       1.02246446
279          6.40882047       4.14547898       1.06087170
280          6.41447167       4.14692359       1.10609402
281          6.40779771       4.15725011       1.12218607
282          6.36812087       4.17871434       1.09569127
283          6.29612446       4.20296587       1.04857792
284          6.22289404       4.21727764       1.01299476
285          6.17439321       4.21120052       1.00583701
286          6.14655612       4.20397672       1.01401265
287          6.12010702       4.19169009       1.02403072
288          6.08475196       4.17174207       1.03283338
289          6.06208317       4.15375690       1.05075584
290          6.07181782       4.15745477       1.08165840
291          6.11919232       4.17045063       1.12193997
292          6.18281100       4.17250789       1.13450794
293          6.23697795       4.16165678       1.10145188
294          6.26014932       4.15027237       1.03562648
295          6.24702568       4.13156803       0.95302997
296          6.23366313       4.09582899       0.89046040
297          6.24636906       4.04667833       0.86350023
298          6.27365233       3.98655859       0.85414660
299          6.29047590       3.92466770       0.84820874
300          6.28379654       3.84647964       0.85383370
301          6.25698797       3.74565848       0.88327740
302          6.21596426       3.64736350       0.94115096
303          6.17841980       3.58424317       1.01366283
304          6.15777053       3.56320049       1.05070393
305          6.17105116       3.57237640       1.02562599
306          6.20439507       3.60855834       0.96942648
307          6.21996496       3.64110119       0.94501403
308          6.20454683       3.65580213       0.94883462
309          6.18574551       3.64784116       0.92340714
310          6.20060335       3.63159417       0.84659620
311          6.24826751       3.61229195       0.75480819
312          6.32223938       3.58647812       0.68264130
313          6.36876786       3.53676423       0.64426269
314          6.37733525       3.48200446       0.62771997
315          6.35852795       3.45083596       0.61893925
316          6.33204939       3.43244460       0.60779896
317          6.33026215       3.43604545       0.58274985
318          6.35420600       3.42604366       0.54888272
319          6.37907113       3.38909332       0.52098467
320          6.37398530       3.33300650       0.52174078
321          6.35084079       3.29171366       0.53504738
322          6.31906832       3.24547075       0.53193416
323          6.30596298       3.20609797       0.51492342
324          6.31329676       3.19929820       0.47978925
325          6.32296136       3.21728214       0.43244798
326          6.33512597       3.20630660       0.39038364
327          6.37296508       3.15761384       0.37431639
328          6.43540584       3.11070700       0.38790925
329          6.48347513       3.06439089       0.41428019
330          6.52107394       3.02364971       0.44764276
331          6.55873789       3.00721714       0.49592061
332          6.59851921       3.01872461       0.54066598
333          6.62625969       3.02994627       0.56749116
334          6.64566462       3.05145651       0.59458931
335          6.67122481       3.06314761       0.64968467
336          6.68717280       3.06120554       0.72207520
337          6.68656658       3.05465958       0.78644989
338          6.70550346       3.03544333       0.84051831
339          6.77764776       2.99330458       0.89213535
340          6.86104931       2.92049187       0.92836628
341          6.90612432       2.85905249       0.94393301
342          6.90837432       2.84759503       0.94165789
343          6.91315342       2.87411597       0.92410164
344          6.93746350       2.88021894       0.90117631
345          6.94204975       2.85028676       0.88627727
346          6.91685055       2.81077538       0.86064770
347          6.89914914       2.78838013       0.81945758
348          6.88709325       2.77884912       0.77355429
349          6.83083019       2.77534454       0.72848725
350          6.73419566       2.78178538       0.69460944
351          6.61331544       2.81367099       0.69193110
352          6.51803127       2.86732001       0.69762331
353          6.45591275       2.92724970       0.66502608
354          6.41991668       2.96981442       0.61035616
355          6.41719510       2.98459236       0.57615469
356          6.43920597       2.99395279       0.56720614
357          6.47806129       3.00996185       0.55703070
358          6.50749704       3.02897750       0.53852756
359          6.51499123       3.01916255       0.52889901
360          6.53365970       2.97535821       0.52295525
361          6.56540354       2.90067704       0.49455611
362          6.59410366       2.82351506       0.44605283
363          6.61820943       2.75705424       0.39614254
364          6.63216988       2.71550135       0.37923656
365          6.65131392       2.70459528       0.39221961
366          6.68914715       2.69900783       0.39829002
367          6.75350681       2.67166412       0.36649873
368          6.83457949       2.63723024       0.31539911
369          6.90435801       2.64396740       0.28188042
370          6.93386566       2.69152522       0.28325116
371          6.94550559       2.75582777       0.30554532
372          6.97866471       2.79825973       0.31363356
373          7.02372023       2.81741603       0.30748230
374          7.07184082       2.81110156       0.30822221
375          7.10984076       2.78609442       0.31759513
376          7.15101325       2.74472185       0.31628085
377          7.21986800       2.70286680       0.29346424
378          7.30483273       2.68011313       0.26710052
379          7.37232541       2.66334095       0.24354522
380          7.41068392       2.63884931       0.24235604
381          7.44174835       2.59425702       0.26608870
382          7.45925212       2.53308076       0.28735021
383          7.46864618       2.45254158       0.29801654
384          7.48987068       2.39545483       0.29238192
385          7.53599698       2.38365014       0.27937500
386          7.58046725       2.41062167       0.25749051
387          7.61017718       2.44282956       0.23142762
388          7.63445578       2.45785753       0.20079083
389          7.66386591       2.47339714       0.17891360
390          7.69214964       2.49908273       0.15960295
391          7.71599421       2.52572224       0.14899726
392          7.75060196       2.51758180       0.15180670
393          7.78655883       2.49031341       0.16828405
394          7.79562440       2.47351813       0.19546017
395          7.77839393       2.46976943       0.22346761
396          7.76898245       2.47615936       0.24818087
397          7.79175499       2.46999087       0.25127016
398          7.83263466       2.46690539       0.23042732
399          7.88247664       2.46435653       0.19533457
400          7.93447701       2.44152206       0.17229061
401          7.96672033       2.40990920       0.16403480
402          7.97403483       2.38764616       0.16627908
403          7.97840170       2.36905235       0.17518072
404          7.99923727       2.32781786       0.19782684
405          8.04016046       2.27194351       0.25152216
406          8.07818541       2.22877846       0.31369165
407          8.11415334       2.20958422       0.33723447
408          8.15897963       2.17712000       0.31926473
409          8.21119278       2.12727366       0.29406750
410          8.26645943       2.09324443       0.27993057
411          8.31521769       2.07688501       0.27155394
412          8.35531930       2.05960682       0.26854512
413          8.36109128       2.02395019       0.28188902
414          8.33225075       1.96423087       0.32530715
415          8.29628154       1.88539767       0.39188137
416          8.29203326       1.82044924       0.46410933
417          8.34557181       1.80703568       0.51329074
418          8.44676654       1.87190982       0.53243932
419          8.55093808       1.95645707       0.53915078
420          8.62457338       2.01737559       0.54396492
421          8.67405939       2.05070366       0.55225752
422          8.70664185       2.07770170       0.55533585
423          8.74156249       2.10447629       0.55651014
424          8.76064447       2.11224585       0.58358182
425          8.73979411       2.09414456       0.63582259
426          8.69114550       2.06222734       0.69511492
427          8.67349599       2.03324449       0.74252459
428          8.71708647       2.01438335       0.76752744
429          8.79977053       2.01981465       0.78541481
430          8.87741784       2.04233939       0.79675486
431          8.92804877       2.07844639       0.79432005
432          8.95467941       2.11354566       0.77735837
433          8.96237029       2.14750316       0.77279555
434          8.95853711       2.14344661       0.79994549
435          8.96521738       2.10630361       0.85537070
436          9.01481436       2.08339309       0.90739533
437          9.07081589       2.06921946       0.95073218
438          9.11702585       2.05836962       0.97660512
439          9.15661278       2.05562543       0.99404472
440          9.21164565       2.07491002       0.99836610
441          9.26127938       2.08495664       0.97704319
442          9.27599030       2.07450637       0.93726409
443          9.26514954       2.03819436       0.89629996
444          9.24265696       1.98098711       0.85749789
445          9.23537306       1.93347835       0.80327241
446          9.25028644       1.90662385       0.72761230
447          9.29131827       1.87915497       0.66153818
448          9.32759495       1.83598916       0.64681348
449          9.32135595       1.78391747       0.68376969
450          9.26471140       1.72752182       0.73743016
451          9.18038465       1.67999360       0.78843396
452          9.10017104       1.65566942       0.82136492
453          9.04575903       1.64947040       0.83542255
454          9.00920511       1.64753058       0.84263927
455          8.98186254       1.63091167       0.85172301
456          8.98744889       1.59369639       0.85081345
457          9.03571699       1.54472874       0.84616514
458          9.11291278       1.49593643       0.82841068
459          9.17875441       1.42224400       0.79947946
460          9.21365076       1.32513950       0.76498914
461          9.22068435       1.25387248       0.74326456
462          9.20553454       1.25053300       0.72883849
463          9.18570232       1.29007199       0.71281888
464          9.17397674       1.32691566       0.69615217
465          9.18071686       1.35737397       0.68502240
466          9.20356170       1.39425684       0.69437258
467          9.22884267       1.44908054       0.71161205
468          9.25688072       1.51011257       0.73780955
469          9.29439362       1.56039006       0.76350366
470          9.34583066       1.58696340       0.78820088
471          9.40289167       1.60334120       0.80441316
472          9.43635193       1.61638045       0.82443727
473          9.41838352       1.62050783       0.85313349
474          9.37698984       1.62110833       0.88831076
475          9.35441660       1.62499635       0.91547814
476          9.36134942       1.64448775       0.92977490
477          9.39516772       1.67728186       0.93978379
478          9.43842839       1.72757799       0.93911274
479          9.47496588       1.78783548       0.93425230
480          9.49081628       1.84625601       0.92544858
481          9.50441216       1.88771989       0.91932915
482          9.52616541       1.91240637       0.92534687
483          9.56213951       1.92907297       0.94101125
484          9.59740463       1.94204745       0.95599788
485          9.61028666       1.94479701       0.97444398
486          9.59782414       1.92662827       1.00307743
487          9.57025205       1.89429507       1.03088431
488          9.54377260       1.87033148       1.05801558
489          9.50926721       1.88156559       1.07710094
490          9.48430473       1.92581005       1.09153820
491          9.48014255       1.99540728       1.10228005
492          9.49973177       2.09289650       1.12278948
493          9.52494865       2.18872977       1.14019176
494          9.54684217       2.25633225       1.14313923
495          9.53729645       2.27916076       1.13258163
496          9.50770355       2.29534777       1.12397494
497          9.46581381       2.31518511       1.09628800
498          9.41003406       2.33344802       1.04053399
499          9.35405749       2.34726370       0.96320564
500          9.30591589       2.34724329       0.89821546
501          9.27163504       2.31720844       0.88122944
502          9.23982054       2.25601183       0.90286682
503          9.21060759       2.18878427       0.93808130
504          9.18687201       2.13114611       0.97184187
505          9.17442652       2.10156253       0.98691741
506          9.17166886       2.10715066       0.97719449
507          9.18637617       2.13574708       0.94434731
508          9.23016776       2.16332326       0.90820951
509          9.27629759       2.19990642       0.85373717
510          9.29990476       2.24687302       0.77204613
511          9.29357252       2.30842401       0.67914404
512          9.28844219       2.37110148       0.59062262
513          9.29252296       2.43995215       0.52346378
514          9.31459339       2.50270771       0.48553752
515          9.34817505       2.53453217       0.47840779
516          9.39282055       2.55070224       0.48248290
517          9.44414505       2.57170199       0.50359345
518          9.46472086       2.62225304       0.53597620
519          9.45786049       2.70586201       0.56963870
520          9.44200245       2.79827316       0.59894651
521          9.43250207       2.88400912       0.62146466
522          9.42631405       2.95688503       0.62950960
523          9.41835765       2.99853116       0.64483271
524          9.41005022       3.00533942       0.67938271
525          9.40352640       2.96945562       0.71888867
526          9.40603239       2.91528459       0.75339658
527          9.42351092       2.87041582       0.77963557
528          9.43633414       2.85369870       0.81930309
529          9.42012417       2.86864730       0.86637967
530          9.37611493       2.89420458       0.90895837
531          9.32925166       2.93179239       0.94722304
532          9.29692428       2.97211821       0.98680473
533          9.27521510       3.00134937       1.01115248
534          9.25779772       3.00812943       1.01461128
535          9.24937105       3.00189161       1.02496922
536          9.27235723       2.99129545       1.04812199
537          9.29214792       2.99291755       1.05288181
538          9.30137487       3.02154231       1.03097272
539          9.29212204       3.06380390       0.98213601
540          9.27920064       3.12369844       0.90663598
541          9.26751064       3.21473102       0.84727981
542          9.25001186       3.30743346       0.80497833
543          9.22049954       3.35555254       0.77728412
544          9.17386288       3.36316772       0.76924291
545          9.11956578       3.37386137       0.79106841
546          9.08253184       3.44898152       0.82080331
547          9.07149051       3.56714793       0.86104803
548          9.06018070       3.66173289       0.91416042
549          9.03981790       3.69664450       0.98328271
550          9.00641372       3.70273760       1.05245972
551          8.97697591       3.70680981       1.08200872
552          8.95616206       3.71785072       1.07193989
553          8.95467411       3.72246689       1.04665928
554          8.97568054       3.73534004       1.01612094
555          8.98633470       3.75275950       0.97501995
556          8.99201725       3.79837065       0.93862557
557          8.98567360       3.83377108       0.90813594
558          8.95950596       3.86269098       0.87086097
559          8.93502715       3.88862503       0.80573662
560          8.93265199       3.90971340       0.74692336
561          8.93169363       3.91655990       0.70978310
562          8.91709238       3.89613001       0.67927075
563          8.89009937       3.87747230       0.63760298
564          8.85838837       3.87982098       0.59672234
565          8.82872968       3.93169295       0.57247661
566          8.79483936       4.00670887       0.56427263
567          8.74350451       4.08092116       0.54172293
568          8.68519002       4.12513448       0.50208534
569          8.63463659       4.14157104       0.48860209
570          8.58957072       4.12412228       0.50389320
571          8.54971055       4.06275238       0.51624248
572          8.52142938       4.00141131       0.51693769
573          8.48347608       3.98088346       0.50953488
574          8.41316741       4.01101127       0.50580229
575          8.32921786       4.03257270       0.49132655
576          8.26402572       4.06139836       0.46565975
577          8.22909856       4.09749823       0.45113142
578          8.20369626       4.12116033       0.43776202
579          8.18780884       4.10688184       0.40235905
580          8.17535182       4.07431672       0.35529236
581          8.15491328       4.05224766       0.32731851
582          8.14022219       4.06504971       0.31490446
583          8.13626671       4.10843425       0.29375977
584          8.12792328       4.12726960       0.26544361
585          8.09060828       4.14226794       0.24211445
586          8.05169454       4.15806348       0.23110326
587          8.01758751       4.17501160       0.24198870
588          7.99123138       4.17593438       0.25677144
589          7.95697827       4.14681048       0.27171924
590          7.90910012       4.10816039       0.27304405
591          7.84992998       4.08934457       0.26403807
592          7.80001690       4.11227612       0.26646668
593          7.76573990       4.17554031       0.28467504
594          7.72039215       4.26577142       0.30984496
595          7.66772456       4.34676514       0.35110157
596          7.61001629       4.39944243       0.40809404
597          7.57172252       4.42844196       0.46490378
598          7.57124713       4.43795501       0.50316615
599          7.60852702       4.41883834       0.49899037
600          7.67130002       4.39709897       0.48185173
601          7.72502723       4.35559809       0.45077833
602          7.75895110       4.29380755       0.36567962
603          7.76803977       4.27757871       0.25588554
604          7.75864165       4.31313373       0.14294109
605          7.73156455       4.33828284       0.06665462
606          7.68713259       4.33005332       0.06507810
607          7.62081646       4.30816739       0.10599524
608          7.56858006       4.28710104       0.13675081
609          7.55005019       4.30056214       0.14841417
610          7.58809214       4.34338843       0.14985505
611          7.67360196       4.39962943       0.12527766
612          7.77431213       4.44798549       0.08317676
613          7.83549396       4.49513514       0.05187262
614          7.84134262       4.53974013       0.04143452
615          7.80335954       4.57433790       0.04906772
616          7.74263584       4.62618732       0.06733724
617          7.68703799       4.68513337       0.07831073
618          7.65120941       4.76340898       0.09742215
619          7.63344194       4.84227480       0.12683032
620          7.61046882       4.92407554       0.15137321
621          7.56099426       5.00645161       0.13997849
622          7.48409313       5.08958865       0.11033375
623          7.42846318       5.15237636       0.07987056
624          7.41748075       5.18774277       0.04471394
625          7.43559063       5.21824620      -0.00889538
626          7.44455634       5.24269153      -0.07891593
627          7.45514602       5.24388826      -0.15401444
628          7.44838071       5.22752447      -0.21630965
629          7.41932172       5.20334875      -0.24382833
630          7.41081291       5.17928901      -0.24367281
631          7.41609134       5.16546471      -0.24366652
632          7.42050562       5.16159392      -0.27541109
633          7.41834398       5.16589947      -0.34269838
634          7.41006107       5.17439456      -0.43210955
635          7.40422497       5.17443326      -0.51009133
636          7.38831941       5.14374271      -0.54879133
637          7.35209858       5.09379161      -0.55459025
638          7.32993696       5.05061636      -0.57559011
639          7.36815450       5.02589427      -0.61924843
640          7.45826460       4.98729330      -0.65052185
641          7.54226226       4.94092217      -0.68593229
642          7.58667072       4.89898042      -0.71136316
643          7.59120328       4.89325069      -0.73197264
644          7.58119436       4.91975572      -0.76840101
645          7.60370332       4.95935287      -0.83869524
646          7.63792466       5.00310460      -0.90991145
647          7.62869609       5.04303361      -0.94480446
648          7.58872260       5.06263300      -0.93386233
649          7.57365592       5.04044409      -0.89576522
650          7.59360915       4.98661197      -0.85577507
651          7.61194984       4.90760311      -0.83480898
652          7.61791882       4.82882171      -0.83863714
653          7.64856866       4.79156856      -0.86680079
654          7.71107195       4.76751357      -0.87867076
655          7.76891044       4.74175772      -0.87798214
656          7.79121430       4.74091087      -0.88801813
657          7.79626264       4.77486204      -0.91805962
658          7.81135871       4.84042749      -0.96837319
659          7.82172246       4.91936961      -1.02291540
660          7.82177227       4.99489354      -1.06356381
661          7.81308043       5.03401512      -1.07334948
662          7.82940405       5.01556750      -1.06172828
663          7.87890260       4.96928844      -1.04077424
664          7.92642548       4.93982170      -1.03349062
665          7.93969200       4.93551719      -1.04462745
666          7.92775943       4.96350941      -1.08742972
667          7.93048472       5.01790436      -1.16540128
668          7.92845642       5.08145513      -1.24148928
669          7.91194396       5.15867054      -1.26436806
670          7.87438456       5.23624824      -1.22453251
671          7.85383546       5.28006978      -1.15611311
672          7.86506065       5.28125588      -1.07841904
673          7.89149888       5.27071826      -1.00031817
674          7.91964667       5.27273170      -0.93369709
675          7.94502559       5.29214542      -0.91237142
676          7.98681338       5.30835137      -0.93819915
677          8.03869262       5.30827780      -0.97271553
678          8.09598997       5.29523950      -0.98627869
679          8.13246918       5.28124502      -0.99349481
680          8.15554596       5.26880724      -1.01205877
681          8.17496287       5.24105044      -1.02471487
682          8.21249192       5.22071093      -1.02096343
683          8.26360267       5.19653706      -0.99704676
684          8.33780524       5.16840161      -0.96341542
685          8.42609788       5.12657901      -0.93851477
686          8.51879215       5.08301765      -0.93012985
687          8.59852462       5.05172513      -0.94262126
688          8.64591678       5.03518108      -0.96171741
689          8.65344171       5.03573847      -0.97577308
690          8.62201006       5.04026134      -0.97601350
691          8.59286114       5.05332741      -0.97068930
692          8.57145649       5.06604847      -0.97934477
693          8.56841551       5.07412628      -0.99946944
694          8.57791170       5.03924656      -0.99374837
695          8.59632169       4.98989995      -0.95918173
696          8.61959595       4.96175027      -0.93198111
697          8.64268104       4.94092451      -0.91144973
698          8.67165782       4.92645315      -0.90810623
699          8.68328582       4.92207707      -0.92199941
700          8.67516268       4.92758777      -0.93904092
701          8.67190700       4.91431009      -0.94687345
702          8.68608599       4.87099837      -0.93728900
703          8.69092459       4.80003333      -0.91950936
704          8.70925024       4.75247826      -0.90863854
705          8.75136496       4.74301938      -0.91202187
706          8.80254890       4.76934102      -0.90415024
707          8.84597071       4.81599980      -0.88250994
708          8.86952611       4.87396678      -0.86035641
709          8.89229892       4.93380735      -0.84606158
710          8.90945220       4.99482446      -0.83289222
711          8.92174852       5.05430649      -0.80435847
712          8.93209054       5.09660321      -0.77863371
713          8.91728923       5.13187917      -0.74365333
714          8.88524476       5.17973546      -0.73078485
715          8.83544577       5.22885881      -0.76092820
716          8.79992522       5.27131632      -0.75430274
717          8.77907942       5.31895011      -0.72622309
718          8.78148676       5.37112568      -0.69084922
719          8.78758932       5.42294496      -0.64501469
720          8.79097042       5.47076977      -0.59805748
721          8.78757783       5.50040795      -0.56488688
722          8.77458089       5.49503761      -0.54314870
723          8.77494492       5.45056535      -0.51358091
724          8.77729480       5.39767952      -0.48259887
725          8.78333837       5.38407376      -0.47861699
726          8.79779500       5.41381810      -0.48911385
727          8.83269195       5.45035351      -0.50965717
728          8.86154216       5.46129836      -0.52206451
729          8.88230033       5.44781805      -0.49580096
730          8.87869022       5.41999378      -0.43096951
731          8.86659829       5.39617749      -0.38680928
732          8.83950005       5.40349176      -0.38003158
733          8.81333923       5.45012746      -0.39553288
734          8.81186517       5.49272100      -0.40456385
735          8.82717013       5.52139909      -0.41952469
736          8.83696181       5.54845170      -0.42741812
737          8.88671487       5.52401434      -0.38041970
738          8.93151640       5.49452332      -0.30081127
739          8.94539069       5.43574346      -0.21702909
740          8.96219250       5.35683380      -0.16250920
741          8.96000399       5.29666691      -0.13291153
742          8.94338524       5.30305120      -0.12555606
743          8.92313391       5.33849003      -0.12493866
744          8.92350211       5.33751544      -0.14342089
745          8.92162447       5.31341701      -0.15406825
746          8.91667464       5.27222783      -0.13611630
747          8.93456027       5.23358584      -0.09995450
748          8.95995871       5.19431078      -0.07440982
749          8.99471301       5.16112866      -0.07784686
750          9.01050394       5.13287676      -0.10480159
751          9.01218017       5.14856929      -0.13743671
752          9.00810319       5.17283562      -0.14110826
753          9.01585349       5.15647256      -0.10853652
754          9.02759720       5.12109866      -0.09255854
755          9.02641264       5.06661492      -0.09989734
756          9.01182198       5.00638101      -0.11114251
757          9.02279470       4.98605348      -0.13827213
758          9.05529122       5.00644629      -0.16227700
759          9.06847042       5.02980618      -0.18024897
760          9.06547949       5.07611348      -0.22210134
761          9.05106095       5.13795458      -0.27828057
762          9.05063606       5.18842270      -0.28683061
763          9.04764132       5.23049289      -0.23843422
764          9.02557491       5.28019477      -0.21812697
765          9.01399700       5.33702506      -0.25274508
766          9.01164386       5.39575998      -0.28424206
767          9.02941798       5.44207101      -0.28075095
768          9.05688988       5.46361416      -0.28227079
769          9.07171637       5.47344633      -0.31784134
770          9.06325831       5.48442374      -0.34021554
771          9.05912103       5.49465508      -0.28373961
772          9.06687616       5.52759178      -0.18341130
773          9.06778949       5.58056456      -0.10136566
774          9.05131228       5.63360692      -0.04614502
775          9.01389738       5.65206885      -0.01464947
776          8.97759790       5.65959019      -0.00181192
777          8.96886347       5.69420776      -0.00053260
778          8.99586416       5.75573934       0.00711283
779          9.04489043       5.81875705       0.01867704
780          9.08479109       5.87327105       0.03424179
781          9.10469315       5.91947383       0.06114209
782          9.11400776       5.95093460       0.09727416
783          9.13336783       5.95195620       0.13639225
784          9.16893265       5.93646774       0.17988184
785          9.20112735       5.95683766       0.24742378
786          9.22328103       6.01789779       0.33208033
787          9.23589705       6.09917805       0.41969708
788          9.23917572       6.16509863       0.50040898
789          9.24398277       6.20201861       0.55096171
790          9.26553570       6.20705969       0.56484286
791          9.29844012       6.21560685       0.55584451
792          9.32915901       6.22894950       0.54552672
793          9.36239810       6.23558979       0.55245273
794          9.38664591       6.22775072       0.58345496
795          9.40462112       6.20327183       0.62114531
796          9.41980706       6.18077313       0.65542879
797          9.43566327       6.16647028       0.67967380
798          9.45583894       6.17248065       0.70088443
799          9.47613838       6.19587622       0.72299289
800          9.49535048       6.24088579       0.72923923
801          9.50789852       6.28185619       0.70846945
802          9.50425214       6.30508879       0.68546318
803          9.47275129       6.32641124       0.69106381
804          9.45672317       6.36433931       0.74868257
805          9.47346598       6.42489989       0.83708130
806          9.50336659       6.50402319       0.92254095
807          9.50839158       6.60128004       1.00758848
808          9.48477270       6.70278811       1.08165474
809          9.44190467       6.80464424       1.12208990
810          9.39717861       6.89393213       1.15052416
811          9.37764543       6.95617133       1.19414676
812          9.36764804       6.96777060       1.24926223
813          9.33838108       6.92793874       1.29549711
814          9.28449439       6.87527832       1.33039320
815          9.24106437       6.85384823       1.33959679
816          9.23142944       6.87392826       1.33177920
817          9.25038509       6.91160043       1.29573476
818          9.27840634       6.98114242       1.24319212
819          9.31236126       7.04836656       1.18810439
820          9.32909672       7.11147252       1.14253557
821          9.30204534       7.17172285       1.11119593
822          9.24260832       7.20029961       1.11203517
823          9.17636703       7.17925429       1.14381940
824          9.14152055       7.15898872       1.16434747
825          9.13943241       7.16375501       1.15934685
826          9.16416074       7.17152739       1.13812222
827          9.20949793       7.17288043       1.09530517
828          9.25500040       7.18418347       1.03255524
829          9.26970773       7.20531094       0.96964298
830          9.24175867       7.25695771       0.92130557
831          9.19317543       7.29056506       0.85826624
832          9.18013465       7.28914236       0.79621484
833          9.18838155       7.24820233       0.73598262
834          9.19545349       7.21694740       0.67252644
835          9.18814977       7.18430886       0.62078111
836          9.17703281       7.16290978       0.58658258
837          9.17050339       7.15713442       0.56563190
838          9.18823377       7.13402414       0.55719304
839          9.23339278       7.09347098       0.55564893
840          9.27692957       7.02639472       0.56574550
841         10.03661874       4.95907863      -0.46287409
842         10.03704597       4.92111389      -0.50811589
843         10.03607103       4.89908456      -0.54822544
844         10.02753655       4.92726584      -0.56477954
845          9.99930263       4.96647279      -0.56772340
846          9.97638648       4.97416741      -0.57997475
847          9.95618155       4.91515998      -0.59865423
848          9.95476724       4.86147209      -0.60012715
849          9.96644799       4.84490874      -0.57534219
850          9.97058484       4.87118734      -0.55053425
851          9.97030384       4.91047699      -0.53294796
852          9.98313003       4.94255162      -0.54090882
853          9.99756728       4.96931051      -0.56322289
854          9.99999247       5.00563410      -0.58169305
855         10.00186437       5.05432044      -0.58732783
856          9.99043936       5.07360535      -0.57192686
857          9.96596685       5.05972898      -0.54210739
858          9.94750907       5.04104453      -0.51615229
859          9.93168599       5.03420389      -0.52332849
860          9.89883102       5.04083041      -0.55049412
861          9.85976196       5.05543015      -0.59207671
862          9.82580263       5.07512993      -0.63378344
863          9.79465173       5.11940272      -0.67600322
864          9.76924711       5.18414585      -0.71304979
865          9.76080704       5.26460704      -0.73602396
866          9.78408829       5.35116553      -0.72469938
867          9.80860685       5.40524486      -0.67232647
868          9.81203639       5.41906588      -0.64548808
869          9.79005908       5.38680356      -0.65191724
870          9.77126863       5.36794410      -0.67828140
871          9.73435827       5.36300513      -0.70600934
872          9.68026004       5.34732024      -0.70903966
873          9.61309124       5.31561822      -0.67032009
874          9.55382258       5.30535570      -0.60121397
875          9.51254807       5.32654875      -0.53369744
876          9.47429545       5.35597614      -0.49257963
877          9.43587112       5.37221135      -0.48447252
878          9.40593397       5.37901539      -0.50282485
879          9.39067195       5.39349315      -0.51776856
880          9.36588863       5.40732832      -0.50856511
881          9.33117118       5.41502708      -0.47592750
882          9.29137892       5.40154405      -0.43872570
883          9.25461651       5.37670733      -0.39717256
884          9.22145441       5.33901085      -0.34979177
885          9.20443538       5.29974647      -0.29102918
886          9.18901085       5.25671953      -0.24987792
887          9.16915512       5.20289451      -0.23383983
888          9.13811119       5.15255602      -0.22558687
889          9.09301609       5.11346985      -0.21728288
890          9.04611513       5.09507955      -0.20464010
891          9.00792160       5.06865503      -0.17857151
892          8.96286272       5.02434598      -0.13802090
893          8.90877338       4.94911444      -0.11564249
894          8.86589696       4.87730242      -0.11306281
895          8.83085252       4.85683554      -0.11866630
896          8.77927936       4.90421358      -0.12080903
897          8.72500644       4.97147607      -0.11405700
898          8.72604152       5.02185206      -0.08248744
899          8.79333951       5.06382599      -0.04433037
900          8.91018328       5.10404732      -0.01189536
901          9.01866043       5.14089146       0.01047125
902          9.07716488       5.15772254       0.01223990
903          9.09411022       5.16094758       0.00383404
904          9.10248673       5.15075041      -0.00040169
905          9.12102967       5.11439289       0.02898055
906          9.13772056       5.04905740       0.07405382
907          9.14997517       4.96800373       0.11662868
908          9.15662772       4.88300312       0.13738055
909          9.17118337       4.75959606       0.16720743
910          9.19450865       4.61847667       0.19585718
911          9.18276098       4.51265351       0.20751469
912          9.12045107       4.44680342       0.19134217
913          9.04071042       4.39282485       0.16142588
914          8.98913736       4.33448493       0.13308643
915          8.98300992       4.31341919       0.12530562
916          9.01337486       4.34658079       0.14665367
917          9.04034596       4.36897001       0.16951633
918          9.04351977       4.34283255       0.16461294
919          9.03142806       4.27915353       0.13151009
920          9.00588186       4.19985170       0.10832503
921          8.97523070       4.11992054       0.09639686
922          8.94942596       4.04900456       0.10169085
923          8.91567498       3.99111476       0.09778691
924          8.84702974       3.97623548       0.08939814
925          8.75415497       4.00909945       0.08159383
926          8.67037415       4.04832399       0.09147065
927          8.61670595       4.05362536       0.09171875
928          8.57002255       4.00868016       0.07540579
929          8.54775271       3.95247649       0.07742695
930          8.57968157       3.92411464       0.11079891
931          8.65701221       3.91458531       0.14035984
932          8.73378676       3.89103181       0.14581904
933          8.76144049       3.84309363       0.14164338
934          8.75271084       3.78401767       0.13261038
935          8.74274577       3.72405286       0.11035154
936          8.72413372       3.67419750       0.07882232
937          8.66991855       3.64976229       0.05299317
938          8.60969355       3.65012281       0.04926923
939          8.58440776       3.67037748       0.05915717
940          8.58492914       3.70356765       0.08760624
941          8.57994190       3.73766782       0.10213186
942          8.59753690       3.75679252       0.08728845
943          8.67243396       3.76971281       0.05201118
944          8.77498091       3.78508984       0.00444649
945          8.82651823       3.80510024      -0.05611560
946          8.82282255       3.82225086      -0.12729348
947          8.82596450       3.84153800      -0.18794991
948          8.87802198       3.83418683      -0.22174941
949          8.95182708       3.79798258      -0.25753960
950          9.01956146       3.74176863      -0.29639846
951          9.08315483       3.69765251      -0.34495422
952          9.14887157       3.66446437      -0.40081274
953          9.22443614       3.63454588      -0.45467861
954          9.28723908       3.60369210      -0.51282063
955          9.32419553       3.57074599      -0.55612792
956          9.35172511       3.53437564      -0.59681776
957          9.38467803       3.50201071      -0.61523509
958          9.42035677       3.48735688      -0.62318598
959          9.45226252       3.47798540      -0.61579704
960          9.46335103       3.45679032      -0.61351703
961          9.44537196       3.42131981      -0.62922826
962          9.43122889       3.38946615      -0.65760178
963          9.46170519       3.36538202      -0.68757940
964          9.52164138       3.35916144      -0.71299911
965          9.57608005       3.38103624      -0.75031571
966          9.62486067       3.42197144      -0.80162167
967          9.65845425       3.45967826      -0.86333493
968          9.66970522       3.47500633      -0.88731694
969          9.67233536       3.46374688      -0.87527541
970          9.66422187       3.43070567      -0.85232182
971          9.63196486       3.39439946      -0.84408795
972          9.58044902       3.36352503      -0.84015262
973          9.53140804       3.35711174      -0.80544933
974          9.48103677       3.34497226      -0.74698045
975          9.42378954       3.31256278      -0.69754785
976          9.40734809       3.25440090      -0.65926401
977          9.44551125       3.17441321      -0.63290724
978          9.50281048       3.12746109      -0.63677025
979          9.53484310       3.13076977      -0.63449400
980          9.56660268       3.14757190      -0.61209641
981          9.60918242       3.13643416      -0.58497858
982          9.64215783       3.13301654      -0.59216035
983          9.68547297       3.14521189      -0.63693318
984          9.73839695       3.18634225      -0.68756171
985          9.79454547       3.24210506      -0.71197975
986          9.83041922       3.30589386      -0.70823492
987          9.85188728       3.36706566      -0.70419262
988          9.88166212       3.43281402      -0.69235874
989          9.90042446       3.50877814      -0.67962576
990          9.88624650       3.57725157      -0.67758759
991          9.86833675       3.61963382      -0.69889197
992          9.88017153       3.62554025      -0.73359519
993          9.92579948       3.62557176      -0.76425404
994          9.98312845       3.61671250      -0.75417620
995         10.03562986       3.59811786      -0.72406610
996         10.07263304       3.55222807      -0.69415655
997         10.08407696       3.51354414      -0.68445500
998         10.06613200       3.48824140      -0.67018120
999         10.00687334       3.47565442      -0.64560580
1000         9.92097951       3.47319255      -0.61545509
