1            0.00000000       0.00000000       0.00000000       0.00000000
2            0.00372837       0.00034269       0.00143448       0.00195120
3            0.02164296       0.00211244       0.01232622       0.00720430
4            0.04605292       0.00319200       0.03451156       0.00834936
5            0.06304331       0.00133023       0.05517868       0.00653440
6            0.06182681       0.00018997       0.05824402       0.00339283
7            0.04317519       0.00101908       0.04198707       0.00016905
8            0.02998940       0.00033579       0.02776615       0.00188746
9            0.04598384       0.01166691       0.03171572       0.00260120
10           0.08620742       0.03192027       0.05423500       0.00005215
11           0.11854109       0.03361753       0.07275644       0.01216712
12           0.12417648       0.01412804       0.07563576       0.03441269
13           0.11283251       0.00049877       0.07235740       0.03997634
14           0.09526790       0.00366663       0.06668322       0.02491805
15           0.07508860       0.00841210       0.05206969       0.01460680
16           0.05355597       0.00657290       0.03173972       0.01524334
17           0.05668264       0.00193914       0.02228040       0.03246310
18           0.09752644       0.00037032       0.03352945       0.06362667
19           0.13930884       0.00002171       0.05580042       0.08348671
20           0.13776920       0.00000183       0.05966741       0.07809997
21           0.10417889       0.00002656       0.03724613       0.06690620
22           0.08197161       0.00056339       0.01713527       0.06427295
23           0.07564491       0.00279851       0.00908109       0.06376531
24           0.08290264       0.00529833       0.00571500       0.07188931
25           0.10622419       0.00488900       0.00233222       0.09900297
26           0.14969647       0.00311368       0.00111638       0.14546641
27           0.18097801       0.00151465       0.00394787       0.17551548
28           0.18701083       0.00157239       0.01896393       0.16647451
29           0.18413351       0.00395182       0.04550361       0.13467808
30           0.17627277       0.00993598       0.06020064       0.10613615
31           0.16304799       0.01708664       0.06116106       0.08480029
32           0.15674290       0.02695049       0.05601097       0.07378145
33           0.15667144       0.03787471       0.04498322       0.07381351
34           0.16475903       0.05052465       0.03624766       0.07798671
35           0.16691163       0.05713964       0.03604496       0.07372703
36           0.16019563       0.04870665       0.04234571       0.06914327
37           0.13912692       0.02295848       0.04409296       0.07207548
38           0.11226159       0.00240022       0.03363662       0.07622475
39           0.10505039       0.00075564       0.01776873       0.08652602
40           0.10892957       0.00076999       0.00928835       0.09887122
41           0.10857908       0.00073917       0.00850374       0.09933618
42           0.09743332       0.00715215       0.00830129       0.08197989
43           0.06507782       0.00887015       0.00443103       0.05177664
44           0.03793939       0.00445935       0.00051534       0.03296469
45           0.02670898       0.00218636       0.00002634       0.02449628
46           0.03225896       0.00209674       0.00030568       0.02985653
47           0.05947039       0.00228816       0.00102607       0.05615616
48           0.09551426       0.00235909       0.00341025       0.08974492
49           0.11853714       0.00154865       0.01263774       0.10435075
50           0.12873176       0.00017924       0.03015435       0.09839817
51           0.14058054       0.00235455       0.04423861       0.09398738
52           0.16772315       0.01230339       0.05542288       0.09999688
53           0.18061580       0.01199773       0.05603095       0.11258712
54           0.17463085       0.00208659       0.05193485       0.12060941
55           0.17050846       0.00033971       0.05868497       0.11148379
56           0.17108182       0.00451971       0.09229596       0.07426615
57           0.19807166       0.01721761       0.15350640       0.02734765
58           0.26084346       0.04786600       0.20712485       0.00585262
59           0.34337613       0.11422166       0.22742261       0.00173186
60           0.44959478       0.22906593       0.21921879       0.00131006
61           0.58084064       0.37261584       0.20716009       0.00106472
62           0.63539063       0.43185632       0.20289071       0.00064360
63           0.55661976       0.35315665       0.20102363       0.00243947
64           0.49363320       0.25620544       0.22560314       0.01182462
65           0.56527407       0.21806844       0.32004404       0.02716159
66           0.74360612       0.23634981       0.47351103       0.03374528
67           0.90268324       0.29567930       0.58313803       0.02386591
68           1.01363070       0.36130856       0.64448540       0.00783674
69           1.13206617       0.42251747       0.70765058       0.00189811
70           1.27031983       0.49988151       0.76581865       0.00461967
71           1.43409764       0.60324060       0.80863925       0.02221779
72           1.65924018       0.73594663       0.86976113       0.05353241
73           1.88539315       0.88700886       0.92179439       0.07658990
74           2.06595346       1.03795075       0.94314996       0.08485275
75           2.26341002       1.18947982       0.98638337       0.08754683
76           2.49896949       1.32552664       1.07954698       0.09389587
77           2.75034856       1.46860907       1.17150267       0.11023682
78           2.97795641       1.59727345       1.25206631       0.12861665
79           3.17082961       1.71355519       1.32632006       0.13095435
80           3.27554125       1.77728562       1.39574299       0.10251265
81           3.34154547       1.79989585       1.48136381       0.06028581
82           3.42557882       1.82693074       1.57106684       0.02758124
83           3.57814735       1.91959196       1.64711782       0.01143757
84           3.67954119       2.03239307       1.64017548       0.00697264
85           3.69015708       2.08186489       1.59958416       0.00870803
86           3.70506318       2.05263264       1.63317287       0.01925767
87           3.83009682       2.01811152       1.76781159       0.04417372
88           4.01421561       1.97361504       1.94305122       0.09754935
89           4.12314522       1.85337584       2.08408161       0.18568777
90           4.00146352       1.59298925       2.13207044       0.27640383
91           3.80942902       1.30837891       2.15450145       0.34654865
92           3.75255218       1.08049636       2.20141919       0.47063663
93           3.91570678       0.95762171       2.32608817       0.63199691
94           4.17078683       0.90879079       2.54350027       0.71849577
95           4.49685172       0.93303073       2.84186230       0.72195869
96           4.71981546       0.97248541       3.04637142       0.70095863
97           4.70285806       1.03446507       2.94863829       0.71975470
98           4.60990394       1.15639448       2.69331132       0.76019814
99           4.70293227       1.36094002       2.54712953       0.79486272
100          4.93888523       1.58472155       2.51406007       0.84010361
101          5.13796551       1.78200922       2.49056263       0.86539366
102          5.17669102       1.88801178       2.44364998       0.84502926
103          5.19157819       1.92781659       2.45002785       0.81373375
104          5.25025117       1.92237110       2.49394004       0.83394003
105          5.43349540       1.93233364       2.56895701       0.93220475
106          5.71221633       1.98650282       2.67883845       1.04687507
107          5.93714493       1.99763276       2.81444034       1.12507183
108          6.15144769       1.93616185       3.02538271       1.18990313
109          6.57975919       1.89670890       3.37548503       1.30756526
110          7.22696217       1.90899444       3.79873244       1.51923529
111          7.95666115       2.01481724       4.15707333       1.78477058
112          8.32333476       2.10946352       4.34774735       1.86612389
113          8.27122396       2.14116366       4.42782257       1.70223773
114          8.03558535       2.14072139       4.44954338       1.44532057
115          7.79105409       2.18050603       4.35761367       1.25293439
116          7.51321588       2.22506850       4.16663404       1.12151334
117          7.21370329       2.24301462       3.97395091       0.99673776
118          7.10015776       2.31590434       3.90847898       0.87577444
119          7.47433228       2.57426715       3.98233008       0.91773505
120          8.08626141       2.88912042       4.11901211       1.07812888
121          8.65465052       3.10288817       4.33785781       1.21390454
122          8.86595316       3.04860190       4.60043381       1.21691744
123          8.56533620       2.75051647       4.68580617       1.12901357
124          7.94597803       2.32076115       4.58478330       1.04043358
125          7.60485626       2.04546240       4.54526692       1.01412694
126          7.80768370       1.99171677       4.74736793       1.06859899
127          8.17839894       1.99560943       5.02311613       1.15967338
128          8.28069812       1.88973174       5.17033884       1.22062754
129          8.18659483       1.65937043       5.26497475       1.26224964
130          8.14439226       1.45798059       5.36691119       1.31950048
131          8.25436249       1.40857143       5.44001307       1.40577799
132          8.43004136       1.45845434       5.50830714       1.46327988
133          8.72018461       1.54953478       5.68742849       1.48322134
134          8.92215472       1.56310543       5.90856948       1.45047981
135          8.88086079       1.54491528       5.90994624       1.42599926
136          8.64238086       1.54191552       5.66875967       1.43170567
137          8.29531165       1.51632697       5.33224614       1.44673854
138          7.74081127       1.38818967       4.99240130       1.36022030
139          7.10583497       1.18847050       4.71579453       1.20156995
140          6.54289086       0.95681583       4.50352584       1.08254919
141          6.24384179       0.77063948       4.37013807       1.10306424
142          6.31955553       0.67505353       4.40164680       1.24285520
143          6.51535836       0.67060576       4.48504190       1.35971071
144          6.68030386       0.66487008       4.61619504       1.39923874
145          6.74027699       0.58533249       4.72274478       1.43219972
146          6.66250943       0.44244849       4.74614215       1.47391879
147          6.54902756       0.32114772       4.68681812       1.54106172
148          6.46098934       0.27681021       4.51980282       1.66437630
149          6.40315332       0.30304730       4.28813262       1.81197339
150          6.30991903       0.36107693       4.11084651       1.83799559
151          6.20480480       0.41244612       4.07805019       1.71430849
152          6.19252494       0.45707593       4.14387947       1.59156954
153          6.28890438       0.48877044       4.20771288       1.59242106
154          6.27231829       0.49114548       4.06382785       1.71734496
155          6.00661112       0.47795535       3.70828429       1.82037148
156          5.67200909       0.50078372       3.34278997       1.82843540
157          5.45599631       0.59671810       3.06721631       1.79206189
158          5.30018955       0.73869980       2.80247196       1.75901779
159          5.08558902       0.86727909       2.51823507       1.70007486
160          4.82334033       0.94868105       2.30682892       1.56783036
161          4.67209704       1.02797026       2.20297998       1.44114680
162          4.66324745       1.11294385       2.13821627       1.41208733
163          4.61242156       1.12100558       2.05364236       1.43777361
164          4.44485914       1.03553146       1.94107849       1.46824919
165          4.28067894       0.93714152       1.81988264       1.52365478
166          4.24242061       0.88715649       1.72651989       1.62874423
167          4.25734656       0.84734972       1.69917406       1.71082277
168          4.27739699       0.79157125       1.73808820       1.74773754
169          4.34014119       0.73023237       1.86493579       1.74497302
170          4.54202602       0.71279528       2.09035294       1.73887780
171          4.79691956       0.69707965       2.36296619       1.73687372
172          5.02931844       0.62791703       2.56222509       1.83917632
173          5.24972642       0.51286580       2.63103229       2.10582834
174          5.47502985       0.41203962       2.70689626       2.35609397
175          5.63430661       0.35060703       2.83504158       2.44865800
176          5.70788066       0.33449786       2.98745944       2.38592336
177          5.67424595       0.33172556       3.07442331       2.26809708
178          5.55349535       0.31307117       3.02339988       2.21702431
179          5.34070016       0.28945080       2.79212998       2.25911938
180          5.07643068       0.27631172       2.50476485       2.29535411
181          4.82142579       0.25958917       2.31899845       2.24283817
182          4.63434399       0.24071643       2.32314778       2.07047977
183          4.55549619       0.24296975       2.39756226       1.91496419
184          4.50194947       0.25207891       2.39626747       1.85360309
185          4.38645865       0.22534856       2.30396431       1.85714578
186          4.23850376       0.16445667       2.18305693       1.89099016
187          4.14042685       0.10509196       2.09292023       1.94241466
188          4.07574401       0.06541958       2.04006811       1.97025631
189          3.99983778       0.03491111       1.98983414       1.97509252
190          3.85380615       0.01439112       1.88104986       1.95836517
191          3.62603011       0.00205025       1.73474511       1.88923475
192          3.39131877       0.00099085       1.62272577       1.76760216
193          3.30838535       0.00386437       1.60259558       1.70192540
194          3.40964735       0.00040272       1.63230305       1.77694157
195          3.63711748       0.00164632       1.65291282       1.98255834
196          3.85645146       0.00400053       1.66507515       2.18737578
197          3.98984331       0.00171039       1.66053916       2.32759376
198          4.11104289       0.00006272       1.67165379       2.43932638
199          4.32104822       0.00058420       1.72377767       2.59668634
200          4.56587543       0.00192497       1.79839413       2.76555633
201          4.75993928       0.00234817       1.83400357       2.92358754
202          4.93835649       0.00223566       1.79851847       3.13760235
203          5.20856218       0.00368039       1.77042810       3.43445369
204          5.47800005       0.00543448       1.80858397       3.66398159
205          5.58969997       0.00363071       1.88280498       3.70326429
206          5.57807765       0.00017734       1.93950224       3.63839808
207          5.62055700       0.00157325       1.96627323       3.65271051
208          5.77408212       0.00591156       2.00060920       3.76756136
209          5.93313319       0.00340343       2.08811286       3.84161690
210          6.03818386       0.00011363       2.24697354       3.79109669
211          6.09664251       0.00898894       2.40643110       3.68122247
212          6.15626951       0.02365533       2.52245808       3.61015611
213          6.17211274       0.03058768       2.53923597       3.60228910
214          6.05346936       0.02713304       2.41879933       3.60753699
215          5.84681016       0.02367485       2.22793638       3.59519893
216          5.60660441       0.02647611       2.08747576       3.49265254
217          5.46499009       0.03215489       2.04378038       3.38905482
218          5.51927326       0.03133586       2.05245780       3.43547960
219          5.63861132       0.02061365       2.04852674       3.56947093
220          5.66461461       0.01279131       1.98197669       3.66984661
221          5.59012920       0.01223607       1.84381064       3.73408249
222          5.54778389       0.01486995       1.68534900       3.84756495
223          5.43520764       0.01706766       1.53553495       3.88260503
224          5.23648952       0.01966474       1.43913654       3.77768825
225          5.09092237       0.02654807       1.37399960       3.69037470
226          5.14243421       0.04060864       1.30801417       3.79381140
227          5.38204392       0.05584377       1.24123109       4.08496906
228          5.68760780       0.06424778       1.17447782       4.44888220
229          5.96813336       0.08650720       1.09162923       4.78999692
230          6.10663462       0.12839471       0.98358201       4.99465791
231          6.13865109       0.15977350       0.86354736       5.11533022
232          6.17859194       0.17188384       0.78479374       5.22191436
233          6.20228398       0.17629585       0.74488511       5.28110302
234          6.21688457       0.16896742       0.75836431       5.28955284
235          6.23411557       0.15711409       0.80690872       5.27009276
236          6.38233523       0.16810668       0.87930811       5.33492044
237          6.62047736       0.22071694       0.96118353       5.43857688
238          6.77093931       0.29280883       1.04974647       5.42838401
239          6.75679463       0.32177437       1.10820778       5.32681249
240          6.79602712       0.30448663       1.11200982       5.37953068
241          7.08288118       0.28670844       1.06274147       5.73343127
242          7.55166968       0.31714191       0.99306216       6.24146562
243          7.96812164       0.39830877       0.92582921       6.64398366
244          8.21411916       0.56027631       0.87793336       6.77590949
245          8.35787960       0.78746208       0.85644787       6.71396965
246          8.59409463       0.99241480       0.85162715       6.75005268
247          8.95990092       1.11939987       0.80584746       7.03465360
248          9.25075455       1.19976067       0.72527524       7.32571864
249          9.28592473       1.22086743       0.66331072       7.40174658
250          9.09877737       1.17014416       0.63249228       7.29614093
251          8.87598248       1.10659270       0.59480253       7.17458725
252          8.73408319       1.08592510       0.55933523       7.08882286
253          8.80447624       1.08415856       0.54969943       7.17061825
254          9.02671986       1.09669712       0.56341843       7.36660431
255          9.27760113       1.14586601       0.57208089       7.55965424
256          9.31603512       1.18335416       0.54470957       7.58797140
257          9.26223053       1.14172674       0.53788369       7.58262010
258          9.28685720       1.01990369       0.58535137       7.68160215
259          9.32733312       0.89232563       0.64168990       7.79331759
260          9.40272691       0.80933252       0.72635907       7.86703531
261          9.43623759       0.72277487       0.81052171       7.90294102
262          9.36894094       0.66711800       0.87052460       7.83129834
263          9.17427119       0.66385828       0.90055826       7.60985465
264          9.01010311       0.69371603       0.98812288       7.32826421
265          9.00024260       0.75054863       1.23127215       7.01842182
266          9.05309257       0.79132655       1.55519673       6.70656929
267          9.06658433       0.75668161       1.73682910       6.57307362
268          9.04368181       0.69916485       1.65313540       6.69138157
269          8.92966988       0.61890576       1.50163006       6.80913406
270          8.67087242       0.50472951       1.50203004       6.66411287
271          8.33771860       0.41391067       1.55976862       6.36403931
272          8.13152819       0.39150958       1.53628886       6.20372976
273          8.18098808       0.37600781       1.41829602       6.38668424
274          8.39557096       0.34299201       1.31689595       6.73568300
275          8.58845561       0.31127797       1.33116537       6.94601227
276          8.67544602       0.27956285       1.40552055       6.99036262
277          8.81383922       0.22309621       1.49626668       7.09447634
278          9.12264850       0.16351889       1.53757379       7.42155582
279          9.47885649       0.13417273       1.51648400       7.82819976
280          9.75392874       0.15872899       1.44524043       8.14995932
281          9.94715394       0.21638258       1.42346446       8.30730690
282         10.12218266       0.27287741       1.51507092       8.33423434
283         10.34458378       0.31138526       1.64651886       8.38667966
284         10.59064817       0.34024259       1.68625800       8.56414759
285         10.74796369       0.37177283       1.60240901       8.77378185
286         10.83553709       0.42694745       1.54302074       8.86556890
287         10.88518617       0.47757195       1.56250193       8.84511229
288         11.01437047       0.49389765       1.64889429       8.87157853
289         11.20767710       0.47865977       1.79627175       8.93274557
290         11.29579101       0.47455131       1.94361368       8.87762602
291         11.25076498       0.53406814       2.07708237       8.63961447
292         11.18043226       0.66008540       2.19075817       8.32958868
293         11.23307730       0.78530172       2.27435053       8.17342505
294         11.33720692       0.85511501       2.32578116       8.15631075
295         11.46736024       0.87020563       2.41099663       8.18615798
296         11.61642942       0.86232981       2.46309034       8.29100926
297         11.73586364       0.86508166       2.44366508       8.42711690
298         11.67078651       0.92445860       2.37295786       8.37337005
299         11.44627589       1.03435399       2.29885431       8.11306759
300         11.25137050       1.11011715       2.29528648       7.84596687
301         11.17851435       1.12144934       2.38152016       7.67554486
302         11.11448955       1.06003887       2.46889149       7.58555920
303         11.04465153       0.94571235       2.48477119       7.61416800
304         11.11895297       0.85021803       2.46252240       7.80621254
305         11.27511043       0.77665148       2.53443840       7.96402056
306         11.29601950       0.71422991       2.60500969       7.97677990
307         11.17238542       0.67244420       2.59411389       7.90582734
308         10.96951373       0.66678323       2.42832563       7.87440486
309         10.63361246       0.68699330       2.12382484       7.82279432
310         10.17472545       0.71086250       1.78759210       7.67627085
311          9.90274211       0.73359304       1.59861711       7.57053197
312          9.91928497       0.73474229       1.60224860       7.58229407
313         10.10925074       0.71468041       1.72402470       7.67054563
314         10.22602726       0.68730706       1.85615657       7.68256364
315         10.31291108       0.67213008       1.95640603       7.68437497
316         10.51150807       0.68798858       2.03714079       7.78637870
317         10.78496192       0.70561574       2.12506530       7.95428088
318         11.00542313       0.69496424       2.22110232       8.08935657
319         11.24126962       0.67361354       2.36676751       8.20088857
320         11.65214223       0.67798748       2.49053962       8.48361513
321         12.21826949       0.73546196       2.56859466       8.91421287
322         12.67988399       0.81440649       2.63210762       9.23336988
323         12.68185489       0.83774400       2.73157860       9.11253230
324         12.18423968       0.75724835       2.87810794       8.54888338
325         11.49546055       0.59651955       3.11644053       7.78250046
326         10.99884365       0.42993107       3.44441243       7.12450015
327         10.84367012       0.35374546       3.72682396       6.76310070
328         10.78937250       0.37627826       3.76033041       6.65276383
329         10.82112440       0.42549956       3.67423042       6.72139442
330         11.13174849       0.45712704       3.69642291       6.97819854
331         11.53795245       0.45457336       3.93881939       7.14455970
332         11.62907851       0.43191941       4.21681338       6.98034572
333         11.27312932       0.40270693       4.30914741       6.56127498
334         10.76455603       0.37749395       4.12531737       6.26174471
335         10.27567065       0.36841897       3.78900006       6.11825162
336          9.81928517       0.36410803       3.52378771       5.93138943
337          9.54713906       0.35648226       3.39714674       5.79351007
338          9.50003671       0.36013130       3.36241583       5.77748958
339          9.76578676       0.41513624       3.41518775       5.93546277
340         10.18511154       0.53006439       3.50501935       6.15002781
341         10.49336731       0.66118612       3.59914811       6.23303308
342         10.64521385       0.75864534       3.67949734       6.20707117
343         10.72312122       0.83543687       3.68250335       6.20518099
344         10.81158712       0.92843531       3.63332361       6.24982820
345         10.89131153       1.04755209       3.63246613       6.21129331
346         11.07022988       1.18550129       3.74542108       6.13930750
347         11.30722211       1.33408848       3.83413916       6.13899447
348         11.69965689       1.46451922       3.87178603       6.36335164
349         12.08394168       1.50264159       3.88068196       6.70061813
350         12.42499766       1.48792456       4.00040465       6.93666846
351         12.59415761       1.49074921       4.16509191       6.93831649
352         12.64431363       1.48313402       4.38280589       6.77837372
353         12.65936053       1.47345309       4.60968848       6.57621896
354         12.60407193       1.47046647       4.70177871       6.43182675
355         12.37206678       1.40177298       4.64865790       6.32163590
356         12.08676973       1.28059268       4.56207526       6.24410179
357         11.86800995       1.17312136       4.52101739       6.17387120
358         11.74164837       1.10142999       4.51268282       6.12753555
359         11.66511721       1.06909897       4.49860974       6.09740851
360         11.73921110       1.06476092       4.58018497       6.09426521
361         12.04130092       1.03619166       4.90602171       6.09908755
362         12.55524600       0.97847642       5.37514994       6.20161964
363         12.94222718       0.98767917       5.67362897       6.28091905
364         13.05940486       1.11521345       5.75788008       6.18631133
365         13.08906289       1.30652343       5.90406863       5.87847083
366         13.31243728       1.49442642       6.18287600       5.63513486
367         13.59693718       1.58569190       6.39484856       5.61639672
368         13.70243074       1.55896036       6.45135545       5.69211493
369         13.79267892       1.44811996       6.56327827       5.78128069
370         13.96368483       1.27261157       6.87248859       5.81858466
371         14.14472953       1.07137191       7.24051238       5.83284524
372         14.27072962       0.89959413       7.46884167       5.90229382
373         14.28700909       0.81554633       7.50844488       5.96301788
374         14.26927739       0.84875651       7.52735084       5.89317005
375         14.37548285       0.96192964       7.66722853       5.74632467
376         14.76527693       1.07419046       7.90288058       5.78820589
377         15.31376238       1.11308872       8.10873207       6.09194159
378         15.84241717       1.11076417       8.34618377       6.38546923
379         16.10700159       1.14307172       8.66678049       6.29714939
380         16.13418633       1.21393700       8.98061521       5.93963412
381         16.08257120       1.26629977       9.12784528       5.68842615
382         16.00528896       1.24232647       9.01112185       5.75184064
383         15.96431291       1.16776552       8.82926871       5.96727868
384         15.96907154       1.09643351       8.74559443       6.12704360
385         16.07017063       1.05369983       8.82590373       6.19056707
386         16.32097976       1.07028975       9.10451635       6.14617367
387         16.82383010       1.16453561       9.68002796       5.97926654
388         17.44254870       1.30571354      10.38544718       5.75138799
389         17.98470879       1.42564527      10.88405481       5.67500872
390         18.42613758       1.51615160      11.13090109       5.77908489
391         18.90816275       1.59646788      11.45529540       5.85639947
392         19.46036934       1.61369972      12.05645110       5.79021852
393         19.99685957       1.50355597      12.85281094       5.64049267
394         20.68777361       1.39204687      13.66634451       5.62938223
395         21.68086272       1.51558761      14.26477774       5.90049737
396         22.68803245       1.78057847      14.62541482       6.28203916
397         23.25221190       1.96370839      14.80151854       6.48698497
398         23.32112896       1.95825761      14.89818534       6.46468600
399         23.36941186       1.87312736      15.07924620       6.41703830
400         23.82699600       1.81435908      15.53131784       6.48131908
401         24.48581821       1.82449252      16.11294157       6.54838412
402         24.80942785       1.87831394      16.58577558       6.34533833
403         24.75327735       1.91063886      16.94136446       5.90127402
404         24.58786324       1.78055226      17.27639806       5.53091291
405         24.58735924       1.55329320      17.58213197       5.45193406
406         24.98408632       1.39263511      17.90236190       5.68908931
407         25.41120725       1.38199433      18.15016154       5.87905138
408         25.44541297       1.49105317      18.16839015       5.78596965
409         24.92579922       1.56274593      17.90473868       5.45831460
410         23.92587943       1.44275597      17.40133041       5.08179306
411         23.04326239       1.26612486      16.94798246       4.82915507
412         22.99295928       1.26684952      16.78689305       4.93921671
413         24.01203483       1.47638526      17.18171382       5.35393574
414         25.44519782       1.70299196      17.94496487       5.79724099
415         26.45360514       1.79888611      18.64855895       6.00616007
416         26.87865179       1.75648850      19.11864326       6.00352003
417         27.17321499       1.65520653      19.46334906       6.05465940
418         27.73196908       1.55297389      19.76617006       6.41282514
419         28.24817198       1.50914648      19.90212771       6.83689780
420         28.48852887       1.49690698      19.97160393       7.02001796
421         28.61766554       1.47288074      20.21111403       6.93367078
422         28.89291029       1.44416211      20.62586833       6.82287986
423         29.32360678       1.44584096      21.08975071       6.78801511
424         29.69989661       1.52412844      21.40482814       6.77094002
425         29.72462504       1.65621927      21.42016582       6.64823995
426         29.31820879       1.69237044      21.19811868       6.42771967
427         28.54779789       1.55943905      20.75687531       6.23148353
428         27.93746166       1.37460993      20.48325178       6.07959995
429         27.73387044       1.28736604      20.59801475       5.84848966
430         27.91825404       1.34403130      20.97357414       5.60064860
431         28.28679381       1.47963166      21.44120751       5.36595464
432         28.59660945       1.59298117      21.89251387       5.11111441
433         28.55983804       1.58606010      22.16694554       4.80683240
434         28.04604834       1.44793674      22.17184834       4.42626325
435         27.20439899       1.32507081      21.86025630       4.01907188
436         26.76543125       1.30152820      21.69040231       3.77350074
437         27.01184824       1.30961018      22.07147564       3.63076242
438         27.51074086       1.29091274      22.74777893       3.47204919
439         27.74140569       1.27737137      23.18959355       3.27444077
440         27.62099966       1.24291563      23.32920255       3.04888148
441         27.42975078       1.19174498      23.42067933       2.81732646
442         27.47738570       1.13607470      23.59562286       2.74568814
443         27.63391895       1.09603822      23.74930728       2.78857346
444         28.05019877       1.07565166      24.04821589       2.92633122
445         28.78711542       1.09154736      24.60529018       3.09027787
446         29.29574140       1.10788872      24.94641774       3.24143494
447         29.20909425       1.11102381      24.74681629       3.35125416
448         28.86439582       1.11613556      24.31057742       3.43768284
449         28.80633349       1.08265244      24.27552785       3.44815319
450         29.16566158       1.05266225      24.73182327       3.38117606
451         29.56971468       1.04069176      25.28765794       3.24136498
452         29.76890268       1.03590306      25.61302168       3.11997794
453         29.85192876       1.03377857      25.76040841       3.05774178
454         30.00329684       1.01549847      25.94915142       3.03864695
455         30.25172689       0.99632682      26.24463719       3.01076287
456         30.32477247       1.02784926      26.33333827       2.96358494
457         30.11901686       1.14973486      26.02403179       2.94525021
458         29.77878460       1.30514468      25.53330713       2.94033279
459         29.61473773       1.45653595      25.20463917       2.95356262
460         29.76889529       1.59368461      25.08810619       3.08710449
461         30.02823255       1.70403639      25.05200582       3.27219034
462         30.09854566       1.74391540      25.04470467       3.30992559
463         29.87894927       1.75019186      25.01238593       3.11637147
464         29.52102482       1.77246353      24.79804213       2.95051916
465         29.29807534       1.81932254      24.45883938       3.01991342
466         29.26779644       1.78425555      24.21626206       3.26727883
467         29.25525404       1.66825836      24.10762913       3.47936655
468         29.14205386       1.54058650      24.03653642       3.56493094
469         29.22394703       1.43419893      24.11015596       3.67959214
470         29.41995528       1.34393951      24.15610026       3.91991551
471         29.51360513       1.24581652      23.99136343       4.27642518
472         29.67322665       1.19691420      23.92487977       4.55143268
473         30.12606478       1.25538349      24.25080130       4.61987999
474         30.54130214       1.42193235      24.50832996       4.61103983
475         30.62262671       1.62506333      24.42182637       4.57573700
476         30.44126142       1.74330717      24.21138038       4.48657387
477         30.15061849       1.72836752      24.14209369       4.28015729
478         29.82083244       1.63314064      24.21192607       3.97576574
479         29.29192349       1.50556051      24.07475359       3.71160939
480         28.73001452       1.40194160      23.74424455       3.58382837
481         28.35429777       1.34617626      23.44319719       3.56492433
482         28.32868321       1.34329674      23.38421219       3.60117428
483         28.59714206       1.38856656      23.49864657       3.70992893
484         28.94734712       1.49179478      23.58253295       3.87301939
485         29.05807745       1.60586351      23.45591488       3.99629906
486         28.84617162       1.62468541      23.18150557       4.03998065
487         28.24602158       1.51579070      22.61209081       4.11814007
488         27.45821497       1.32542717      21.80342645       4.32936134
489         26.71401560       1.12104071      20.95910179       4.63387309
490         26.11599054       0.95278767      20.34251418       4.82068869
491         25.54453565       0.88942246      19.91166828       4.74344490
492         25.19236703       0.94676796      19.66340236       4.58219670
493         25.15533989       1.07571597      19.57499017       4.50463376
494         25.38261668       1.18883543      19.67776508       4.51601618
495         25.81377524       1.26796716      20.03092679       4.51488128
496         26.09164865       1.36460159      20.32389140       4.40315565
497         25.82594334       1.51604544      20.01382733       4.29607057
498         25.62176989       1.69193566      19.55936422       4.37047001
499         26.24734152       1.84868589      19.94831064       4.45034499
500         27.50455130       2.02583624      21.00799548       4.47071958
501         28.18159279       2.19191774      21.52882531       4.46084974
502         27.76562413       2.22788703      21.06996578       4.46777132
503         27.04784123       2.11873873      20.37302459       4.55607791
504         26.93347655       1.96842306      20.22329321       4.74176028
505         27.43702777       1.88501186      20.60455761       4.94745831
506         27.97141164       1.93237359      21.03409247       5.00494558
507         28.35519107       2.06788849      21.36495461       4.92234796
508         28.75209404       2.19750662      21.74005184       4.81453558
509         29.45108591       2.23502963      22.32286209       4.89319418
510         30.16487302       2.20791495      22.89225936       5.06469871
511         30.44777200       2.24828553      23.13217501       5.06731146
512         30.29343031       2.43438321      23.07815101       4.78089608
513         30.17048258       2.69371637      22.92243181       4.55433441
514         30.39175461       2.85008802      22.84117723       4.70048937
515         31.09462682       2.86951549      23.04540637       5.17970497
516         32.14787713       2.91925611      23.57542238       5.65319865
517         33.21031528       3.02208862      24.25550828       5.93271838
518         33.80705538       3.14489234      24.62407919       6.03808385
519         33.91885794       3.24155524      24.65313557       6.02416713
520         34.07082006       3.31486168      24.83268030       5.92327808
521         34.65514138       3.38113763      25.37219105       5.90181270
522         35.46513821       3.43037913      26.05243124       5.98232785
523         36.25948951       3.35011596      26.79504439       6.11432916
524         37.03131519       3.29201887      27.54017764       6.19911868
525         37.79265632       3.33962394      28.30289114       6.15014124
526         38.30820845       3.49250595      28.82052028       5.99518222
527         38.66752306       3.61194358      29.09628989       5.95928958
528         38.93574495       3.69228150      29.19241354       6.05104991
529         39.24469960       3.77316200      29.32160249       6.14993511
530         39.57513013       3.85299883      29.63390486       6.08822645
531         39.56297035       3.89543844      29.74603877       5.92149313
532         39.04265508       3.93282455      29.34539549       5.76443505
533         38.43504889       4.00066827      28.79769440       5.63668623
534         38.27345215       4.07533319      28.63718175       5.56093722
535         38.80324061       4.17561164      29.11167244       5.51595653
536         39.82624431       4.35853868      29.89061120       5.57709443
537         40.65237702       4.62245717      30.28614172       5.74377813
538         41.21240089       4.96916942      30.29515435       5.94807712
539         41.66853129       5.39894288      30.17672107       6.09286734
540         42.10431602       5.77630104      30.17210289       6.15591209
541         42.45517500       6.08547597      30.24775098       6.12194805
542         42.76207672       6.27593254      30.38489135       6.10125282
543         43.14397938       6.22673863      30.62975360       6.28748714
544         43.64796732       6.01352472      31.01233713       6.62210547
545         43.91544909       5.83541179      31.29297272       6.78706459
546         43.89853066       5.79660195      31.33796418       6.76396454
547         43.67141056       5.78380514      31.22576289       6.66184254
548         43.64973250       5.72896791      31.37945921       6.54130538
549         44.11888796       5.75836682      31.99579201       6.36472913
550         44.74805662       5.82450627      32.84618440       6.07736595
551         45.10199538       5.90579403      33.47399540       5.72220594
552         45.38821577       6.05517579      33.88193651       5.45110346
553         45.66063061       6.31517639      34.05439613       5.29105810
554         45.80316621       6.59928780      33.93752367       5.26635474
555         46.13392549       6.82132446      34.07387259       5.23872844
556         46.85188781       6.88892243      34.72943285       5.23353254
557         47.69317718       6.90297638      35.54632471       5.24387609
558         48.06645177       6.87320576      35.95930859       5.23393742
559         47.77107023       6.78392465      35.91775631       5.06938928
560         47.27444513       6.65149086      35.69403225       4.92892202
561         47.03206429       6.61739286      35.42020227       4.99446915
562         47.13985524       6.69774840      35.11642165       5.32568518
563         47.22707706       6.66533568      34.83827783       5.72346355
564         47.17431493       6.43222654      34.77605909       5.96602930
565         47.10295190       6.24927312      34.94124921       5.91242957
566         47.53401636       6.32239267      35.45138421       5.76023947
567         48.35000847       6.52317763      35.98350237       5.84332846
568         48.72303922       6.54444772      36.00491705       6.17367446
569         48.34466945       6.40971421      35.41972139       6.51523384
570         48.11549189       6.21231154      35.11281014       6.79037021
571         48.16923413       5.95416522      35.25618225       6.95888667
572         48.27006187       5.81386003      35.44777635       7.00842549
573         47.96500323       5.77761332      35.27743479       6.90995513
574         47.36247348       5.60136275      34.98162041       6.77949032
575         46.95664270       5.24021665      34.96971051       6.74671554
576         47.02176968       4.96589001      35.23292411       6.82295555
577         47.07331424       4.92343649      35.42116523       6.72871253
578         46.82531587       5.04711586      35.37248493       6.40571509
579         46.36296831       5.20637019      35.10914821       6.04744990
580         46.14234617       5.46175138      34.70936715       5.97122763
581         46.38330918       5.75728587      34.49333450       6.13268880
582         46.43213647       5.92916895      34.21995284       6.28301468
583         45.71165230       5.91769280      33.61404073       6.17991876
584         44.92940311       5.86026668      33.03709540       6.03204102
585         44.67235043       5.94376360      32.83373945       5.89484739
586         44.39174249       6.16926353      32.54021427       5.68226468
587         43.95139230       6.49067736      32.09547815       5.36523680
588         43.53039572       6.67255218      31.66688558       5.19095796
589         43.55019859       6.74278390      31.42314499       5.38426971
590         44.32492017       6.87029731      31.59075811       5.86386474
591         45.72173057       7.06445319      32.41794412       6.23933326
592         47.02450662       7.19303313      33.50883721       6.32263627
593         47.68629423       7.21706626      34.17784094       6.29138704
594         47.63120091       7.12163235      34.16762573       6.34194282
595         46.95143804       6.93300307      33.62061548       6.39781949
596         45.94899681       6.66938651      32.94810570       6.33150460
597         45.19911567       6.43588678      32.60882691       6.15440198
598         45.15340459       6.41010335      32.62413958       6.11916166
599         45.57206156       6.64828126      32.66436741       6.25941289
600         45.43772226       6.93238932      32.17427406       6.33105888
601         44.57935493       7.11431000      31.35572936       6.10931557
602         43.81726063       7.24741463      30.78556029       5.78428570
603         43.91376281       7.51367318      30.80598250       5.59410713
604         44.46504506       7.80491005      31.09971115       5.56042385
605         44.67262799       7.97045367      31.19622287       5.50595145
606         44.45845992       7.92443466      31.08469243       5.44933283
607         44.25199055       7.77325576      30.93983853       5.53889626
608         44.24066526       7.55029037      30.87413771       5.81623718
609         44.50058978       7.31021280      31.22183330       5.96854368
610         44.80895809       7.10738484      31.87141135       5.83016190
611         45.14167571       6.96715869      32.50102439       5.67349263
612         45.38319441       6.91670827      32.63929074       5.82719540
613         45.48965736       6.94165711      32.52176805       6.02623221
614         45.52861406       6.92480178      32.62359994       5.98021235
615         45.56490918       6.73422933      33.06834513       5.76233472
616         45.38338606       6.32319073      33.41597049       5.64422484
617         44.69100422       5.91959853      33.14668073       5.62472496
618         43.86952367       5.79794995      32.49450965       5.57706406
619         43.33349083       5.93114072      31.91550410       5.48684601
620         43.09441486       6.16809059      31.53485139       5.39147289
621         42.94413157       6.30727678      31.35236475       5.28449004
622         42.80702387       6.24851954      31.38468921       5.17381512
623         43.07545232       5.98023387      32.06782833       5.02739012
624         43.90434705       5.67475521      33.37336563       4.85622621
625         44.95208464       5.53492466      34.66684156       4.75031842
626         45.60415780       5.64692169      35.21078220       4.74645391
627         45.75802450       5.93493197      35.04531594       4.77777659
628         45.74834342       6.14697337      34.88175545       4.71961460
629         45.63385973       6.14073696      34.93800350       4.55511927
630         45.30170369       5.90321307      35.04254879       4.35594183
631         44.95988221       5.61449276      35.12016539       4.22522405
632         45.08462083       5.48326318      35.37860312       4.22275453
633         45.44132455       5.44309729      35.75149598       4.24673128
634         45.54758645       5.39890933      35.91794833       4.23072880
635         45.38111107       5.30216575      35.80819209       4.27075323
636         44.86379306       5.10855241      35.35373240       4.40150825
637         44.31213766       5.02186510      34.77677630       4.51349626
638         43.65267101       5.05360327      34.10541814       4.49364959
639         42.96218740       5.07502404      33.47021816       4.41694521
640         42.51688970       5.02860021      33.01650681       4.47178269
641         42.29643813       4.96208722      32.77973408       4.55461684
642         42.20019883       4.93403104      32.69132129       4.57484650
643         42.13744254       5.00819605      32.59871010       4.53053639
644         42.04028702       5.07181284      32.51774759       4.45072658
645         41.92439993       5.12338970      32.40437147       4.39663876
646         41.97667511       5.15930007      32.35807386       4.45930117
647         42.13518851       5.23513551      32.29305224       4.60700076
648         42.19924977       5.33136246      32.09631707       4.77157024
649         41.87129539       5.38799061      31.46263238       5.02067241
650         41.39367932       5.36974350      30.65084246       5.37309336
651         41.30878257       5.17649454      30.42361941       5.70866862
652         41.53532641       4.73699746      30.84386238       5.95446657
653         41.64552207       4.35591645      31.11923561       6.17037002
654         41.82293829       4.30377990      30.99397449       6.52518389
655         42.26179630       4.51323864      30.64128852       7.10726914
656         42.85694356       4.76168693      30.27688150       7.81837513
657         43.46409836       4.98587153      30.22028981       8.25793703
658         44.03874297       5.19824364      30.47937165       8.36112768
659         44.26271202       5.38196932      30.55778046       8.32296224
660         44.05216593       5.54122942      30.26066665       8.25026986
661         44.11837903       5.71888469      30.21405586       8.18543847
662         44.51338581       5.84135950      30.40117253       8.27085378
663         44.78127099       5.84890616      30.44542061       8.48694422
664         44.97595398       5.83319466      30.33079740       8.81196191
665         45.12216004       5.75032933      30.11318755       9.25864316
666         45.09628247       5.55589656      29.79892170       9.74146421
667         45.01277554       5.28438806      29.68102848      10.04735900
668         45.41058049       5.14157502      30.12161987      10.14738559
669         46.24227975       5.22415803      30.84361979      10.17450194
670         47.06193696       5.45054370      31.27389837      10.33749490
671         47.79827763       5.75265892      31.40774012      10.63787859
672         48.49571416       6.10021306      31.46295457      10.93254653
673         49.02495436       6.46788648      31.46941859      11.08764929
674         49.28996633       6.74325442      31.44337999      11.10333192
675         49.25323754       6.97091858      31.15620400      11.12611495
676         49.31092902       7.29922758      30.77456575      11.23713569
677         49.42574575       7.60926278      30.46411746      11.35236551
678         49.63772738       7.78818225      30.35183501      11.49771012
679         49.96015305       7.93708316      30.33721533      11.68585455
680         49.95074198       8.10310640      30.12153875      11.72609683
681         49.30696942       8.21535444      29.50215809      11.58945689
682         48.45137590       8.28241299      28.76281018      11.40615272
683         47.49680109       8.40480441      27.97897645      11.11302024
684         46.32464758       8.46899857      27.12782577      10.72782323
685         45.16534627       8.32249067      26.42039280      10.42246280
686         44.45306348       8.04144755      26.12714580      10.28447013
687         44.28477946       7.79496738      26.19627291      10.29353918
688         44.51014777       7.79772266      26.33791123      10.37451388
689         44.91938860       7.99301675      26.45843658      10.46793526
690         45.14692836       8.23819993      26.43539450      10.47333393
691         44.87065067       8.33663538      26.23680601      10.29720928
692         44.18733256       8.28716541      25.94039165       9.95977550
693         43.40042094       8.05485174      25.76198782       9.58358138
694         42.63486213       7.67842787      25.70637529       9.25005897
695         41.90951872       7.45384117      25.54140963       8.91426792
696         41.29299475       7.57468168      25.15718169       8.56113138
697         40.82452435       7.73120889      24.72280516       8.37051030
698         40.49973731       7.71206924      24.46759573       8.32007234
699         40.32801230       7.64063214      24.41341608       8.27396408
700         40.29222046       7.67362797      24.44140632       8.17718617
701         40.09021443       7.67367889      24.41300518       8.00353035
702         39.78635158       7.50952366      24.49057819       7.78624973
703         39.63243641       7.19507604      24.72646295       7.71089742
704         39.72583758       7.03590506      24.74971956       7.94021297
705         39.78985006       7.08335256      24.36832564       8.33817185
706         39.94227081       7.24100971      24.02538758       8.67587352
707         40.23046929       7.32423906      23.95155587       8.95467435
708         40.39977237       7.20708226      24.00426538       9.18842473
709         39.80733610       6.85302742      23.73372367       9.22058501
710         38.81136741       6.43335144      23.25171804       9.12629793
711         38.27041983       6.01122036      22.96273267       9.29646680
712         38.66210759       5.73669931      23.08481037       9.84059791
713         39.67143917       5.69565417      23.45469724      10.52108777
714         40.69762361       5.76867422      23.86539975      11.06354963
715         41.01855171       5.77412127      23.95632143      11.28810902
716         40.72915342       5.66950658      23.67263941      11.38700742
717         40.21660369       5.50380078      23.32639890      11.38640401
718         39.96283688       5.30028494      23.34695243      11.31559951
719         39.91233816       5.10206568      23.53603267      11.27423981
720         40.17524838       4.99734038      23.77889924      11.39900876
721         40.66934163       4.94321510      24.12684423      11.59928230
722         41.14504933       4.90218235      24.53949748      11.70336949
723         41.28988694       4.82595524      24.84593709      11.61799462
724         40.91826689       4.66415023      24.75425808      11.49985858
725         39.92796419       4.33467187      24.25217299      11.34111933
726         38.85717321       3.87456191      23.80546439      11.17714691
727         38.35460272       3.48675925      23.72780898      11.14003449
728         38.45003705       3.30601713      23.88925468      11.25476523
729         38.37877563       3.27060002      23.73918373      11.36899188
730         37.89501481       3.26821084      23.18000754      11.44679644
731         37.31901390       3.18661953      22.70225698      11.43013739
732         36.89337675       2.98666829      22.58451696      11.32219150
733         36.58944432       2.74998247      22.69900434      11.14045751
734         36.47769106       2.61087165      22.84535151      11.02146790
735         36.70724188       2.63013822      23.06931140      11.00779226
736         37.04412152       2.74198375      23.29049076      11.01164702
737         36.89623003       2.80290787      23.14884267      10.94447949
738         36.21010613       2.75347840      22.57390705      10.88272069
739         35.65069418       2.60908234      22.13473683      10.90687501
740         36.08184748       2.50793050      22.32357865      11.25033832
741         37.17923177       2.50062329      22.90368169      11.77492679
742         38.04756750       2.49116328      23.33267016      12.22373406
743         37.84427238       2.39236856      23.01551672      12.43638711
744         36.93814444       2.21734793      22.30958528      12.41121123
745         36.14706436       2.03697286      21.88301683      12.22707468
746         35.73969025       1.94417536      21.79311321      12.00240168
747         35.65119350       2.02747746      21.75284414      11.87087191
748         35.75783963       2.25710627      21.83323917      11.66749419
749         35.68252318       2.39765402      22.04874172      11.23612745
750         35.37158556       2.40055164      22.11615544      10.85487848
751         35.21913042       2.28909314      22.11147463      10.81856265
752         35.45804984       2.14305058      22.27864374      11.03635552
753         35.90253882       2.13388227      22.20517340      11.56348315
754         36.39600833       2.32781017      21.87622173      12.19197643
755         36.37960901       2.63170330      21.26037225      12.48753345
756         35.87498764       2.80205256      20.59299293      12.47994216
757         35.24183574       2.69497102      20.05452530      12.49233942
758         34.91734191       2.44332006      20.06299712      12.41102472
759         35.18939823       2.16745508      20.64704848      12.37489468
760         35.95090113       1.96835917      21.40696667      12.57557529
761         36.36602821       1.81977429      21.70127985      12.84497407
762         36.29705653       1.74291209      21.40641174      13.14773270
763         36.02211664       1.73540383      20.90180556      13.38490725
764         36.07933923       1.72622051      20.68832135      13.66479737
765         36.08927280       1.66751132      20.55804930      13.86371218
766         35.51457944       1.51967846      20.18978425      13.80511674
767         34.75705612       1.34112995      19.84806312      13.56786306
768         34.44231389       1.22201955      19.76998822      13.45030613
769         34.41896404       1.16804004      19.82889141      13.42203259
770         34.54797524       1.17430710      19.98123320      13.39243495
771         34.81996420       1.19668274      20.14572702      13.47755444
772         35.07401842       1.20666205      20.26961539      13.59774099
773         35.20639162       1.17181850      20.53012203      13.50445108
774         35.18169512       1.08969516      20.94172981      13.15027014
775         35.06037787       1.02404333      21.09019810      12.94613644
776         35.03038155       0.99014239      20.96939474      13.07084442
777         35.18240746       1.01650164      20.81389458      13.35201124
778         35.51721231       1.05990303      20.87408576      13.58322352
779         35.70052534       1.12935167      20.96068558      13.61048809
780         35.60542565       1.26393892      21.02239510      13.31909163
781         35.26238794       1.44347271      21.07214655      12.74676868
782         35.30723375       1.61692678      21.37504769      12.31525927
783         36.17296278       1.72745791      22.10162867      12.34387620
784         37.31911708       1.77070059      22.89375218      12.65466432
785         37.94709310       1.83044418      23.30198322      12.81466569
786         37.84657684       1.85903645      23.31060282      12.67693758
787         37.22213679       1.81966249      23.01454198      12.38793232
788         36.54791381       1.79092899      22.67492619      12.08205864
789         36.27894507       1.82193812      22.68674333      11.77026362
790         36.47512415       1.83229206      23.26277804      11.38005405
791         36.83311374       1.77063613      23.98017190      11.08230572
792         37.26233162       1.72771618      24.52630904      11.00830639
793         37.57194662       1.76639594      24.72965405      11.07589663
794         37.49402218       1.85064523      24.65338969      10.98998726
795         36.88129745       1.94380443      24.24540769      10.69208533
796         35.96276967       2.05060284      23.63567563      10.27649120
797         34.97715262       2.16459701      22.98671983       9.82583577
798         33.96177165       2.20356550      22.41808720       9.34011896
799         33.03044164       2.17711143      21.94182370       8.91150651
800         32.46434055       2.05534619      21.75776679       8.65122757
801         32.32193916       1.87667640      21.85710195       8.58816081
802         32.16238245       1.71670669      21.82711792       8.61855784
803         31.51560706       1.63968465      21.25997230       8.61595010
804         30.37387607       1.60073757      20.25774452       8.51539399
805         29.25808374       1.51995850      19.32024294       8.41788231
806         28.31140841       1.36436694      18.65303326       8.29400821
807         27.67103149       1.19070878      18.18345477       8.29686794
808         27.89486781       1.08587596      18.18968480       8.61930706
809         29.05423298       1.04789192      18.80440962       9.20193144
810         30.15333850       1.01506377      19.41617774       9.72209699
811         30.30454261       0.93942688      19.24318672      10.12192901
812         29.60362785       0.85846499      18.50919906      10.23596379
813         29.00237524       0.75189623      18.09595907      10.15451994
814         28.87150843       0.63306236      18.16231770      10.07612837
815         29.33225190       0.56778523      18.54617937      10.21828730
816         30.05188085       0.52002630      19.04930919      10.48254536
817         30.71883241       0.44558490      19.44259389      10.83065362
818         30.99992294       0.36500740      19.35416243      11.28075311
819         30.71713503       0.31529916      18.71088829      11.69094758
820         30.00980428       0.30837025      17.84416057      11.85727346
821         29.29571092       0.34205775      17.17465638      11.77899679
822         28.91330146       0.39803979      16.87325228      11.64200939
823         28.77593084       0.44208464      16.88210432      11.45174188
824         28.65730958       0.46567198      16.98945914      11.20217846
825         28.84419018       0.48450321      17.21689953      11.14278743
826         29.37412576       0.48333576      17.59455565      11.29623435
827         29.96652467       0.44845607      17.94932058      11.56874802
828         30.27499880       0.40892448      18.08385695      11.78221737
829         30.20405570       0.40895809      17.96518005      11.82991756
830         29.75078170       0.44739332      17.76306456      11.54032381
831         29.32159527       0.47831631      17.65823649      11.18504246
832         29.01589911       0.46156235      17.64517738      10.90915938
833         28.76425255       0.39669442      17.61880645      10.74875168
834         28.67876031       0.32602892      17.67105409      10.68167730
835         28.80019124       0.28990093      17.71121503      10.79907528
836         29.00787676       0.28408132      17.66596000      11.05783544
837         29.21959302       0.29619408      17.55986056      11.36353839
838         29.43292990       0.32318169      17.55475587      11.55499234
839         29.53659472       0.33467212      17.58215998      11.61976261
840         29.32191915       0.29863646      17.48716772      11.53611497
841         28.70294385       0.24165167      17.18311812      11.27817405
842         27.77280800       0.19387401      16.83308387      10.74585012
843         26.96604631       0.16249258      16.56581837      10.23773536
844         26.81436730       0.17090333      16.55383552      10.08962845
845         27.19741285       0.20158522      16.65569880      10.34012883
846         27.61318838       0.21037644      16.71919914      10.68361280
847         27.55070836       0.18657711      16.53715553      10.82697572
848         26.83361743       0.15987104      16.13691767      10.53682872
849         25.91539854       0.15809461      15.80612378       9.95118015
850         25.22189259       0.16411616      15.52877586       9.52900057
851         25.04465382       0.15288581      15.31726514       9.57450287
852         25.38794913       0.13364009      15.34574220       9.90856684
853         26.00521902       0.11182091      15.71020360      10.18319452
854         26.56936892       0.09041915      16.16463969      10.31431007
855         26.94464362       0.07614801      16.38856140      10.47993421
856         27.22405442       0.08138670      16.29675272      10.84591499
857         27.69438483       0.11162885      16.27345484      11.30930114
858         28.45220571       0.14548894      16.56301784      11.74369892
859         29.19631057       0.14812435      16.97486350      12.07332271
860         29.75789194       0.13089021      17.19078065      12.43622108
861         29.99625791       0.13883774      17.13832441      12.71909576
862         29.63990801       0.18642285      16.77648250      12.67700266
863         28.95279800       0.23025816      16.41862061      12.30391923
864         28.23706066       0.24151516      16.25849329      11.73705221
865         27.76524901       0.24877696      16.27784344      11.23862860
866         27.54482907       0.29144448      16.18747936      11.06590523
867         27.53689151       0.35179601      16.01859148      11.16650402
868         27.62309046       0.41476908      15.94359747      11.26472391
869         27.81353522       0.47002442      16.10822343      11.23528737
870         28.06932248       0.49865440      16.48743554      11.08323253
871         28.15917135       0.49237795      16.72249725      10.94429615
872         28.00808322       0.49180618      16.59810780      10.91816924
873         27.97273256       0.53953310      16.43014471      11.00305475
874         28.20390516       0.60025808      16.56522983      11.03841725
875         28.42736490       0.61074053      16.99015103      10.82647334
876         28.57534091       0.63222186      17.39873367      10.54438538
877         28.86170659       0.70232599      17.58509788      10.57428271
878         29.18182723       0.77847459      17.49043801      10.91291464
879         29.26764348       0.77102587      17.26875563      11.22786198
880         29.05268151       0.66747643      17.14836765      11.23683742
881         28.86147743       0.56850840      17.20261504      11.09035399
882         28.84877654       0.54228489      17.27591483      11.03057682
883         28.98627651       0.53853049      17.35434813      11.09339789
884         29.35325720       0.53681044      17.51170589      11.30474087
885         29.77760706       0.54233655      17.77110453      11.46416597
886         30.10284971       0.58011915      18.03761718      11.48511339
887         30.43485454       0.64692453      18.23819185      11.54973815
888         30.99696242       0.72265954      18.47046381      11.80383907
889         31.48354115       0.74317427      18.69005954      12.05030734
890         31.51923152       0.69515017      18.80652750      12.01755386
891         31.04240104       0.61427679      18.73564345      11.69248080
892         30.44162599       0.56507176      18.48370972      11.39284451
893         30.48562068       0.55511133      18.36308371      11.56742564
894         31.41275094       0.56429770      18.70610075      12.14235248
895         32.61327290       0.54840827      19.40446779      12.66039684
896         33.31603528       0.48906043      19.98851314      12.83846171
897         33.52870597       0.44934354      20.19552477      12.88383766
898         33.21688217       0.45546692      19.96291802      12.79849723
899         32.60537965       0.49274802      19.57021374      12.54241788
900         32.05861117       0.55886831      19.30843760      12.19130527
901         31.72264399       0.66221518      19.33005691      11.73037189
902         31.84159174       0.75801850      19.71219778      11.37137546
903         32.76072010       0.78566096      20.63298304      11.34207610
904         33.98923623       0.74178455      21.65437754      11.59307414
905         34.82672609       0.65121850      22.44448707      11.73102052
906         34.75999291       0.60175469      22.71134110      11.44689712
907         34.05085708       0.64788790      22.54566430      10.85730488
908         33.19592952       0.72277201      22.04081268      10.43234483
909         32.46985803       0.77290022      21.55711591      10.13984189
910         32.26690500       0.75467227      21.59813566       9.91409708
911         32.62165767       0.69954775      22.28780049       9.63430943
912         33.22113090       0.66201516      23.09738772       9.46172801
913         33.85931391       0.66376506      23.70309439       9.49245446
914         34.07922559       0.70514335      23.81200496       9.56207729
915         33.49404718       0.78077633      23.44817290       9.26509794
916         32.38466532       0.90171847      22.83686225       8.64608460
917         31.19273205       1.07923182      22.16884364       7.94465659
918         30.20098575       1.27479112      21.48791671       7.43827793
919         29.62926951       1.43681576      20.99543083       7.19702292
920         29.80165499       1.54236814      20.99152332       7.26776353
921         30.48997126       1.58854408      21.45896735       7.44245983
922         31.21398128       1.60845662      22.00129551       7.60422915
923         31.52417972       1.67315723      22.17692913       7.67409336
924         31.31091749       1.82035208      21.82632099       7.66424442
925         30.85780211       1.99173404      21.23622520       7.62984287
926         30.48211705       2.16139330      20.61333858       7.70738516
927         30.53584706       2.28829454      20.32301646       7.92453606
928         31.11233708       2.32631749      20.55150186       8.23451773
929         32.01603331       2.24666002      21.23589719       8.53347610
930         32.73486129       2.07004732      21.90594187       8.75887210
931         33.31887258       1.82998686      22.49634895       8.99253677
932         34.04707111       1.60808413      23.02065306       9.41833392
933         34.79994433       1.48458105      23.38650380       9.92885948
934         35.17640222       1.42084848      23.58810216      10.16745158
935         34.99659517       1.35036304      23.62720097      10.01903116
936         34.76293194       1.23096464      23.69672730       9.83524000
937         34.87023785       1.08917270      24.03334937       9.74771578
938         35.08836261       1.00204909      24.41132815       9.67498536
939         35.29717138       1.04708092      24.63257502       9.61751543
940         35.42321749       1.24094302      24.65961756       9.52265692
941         35.68561981       1.50126741      24.75073097       9.43362143
942         36.08573315       1.76476176      24.84862773       9.47234366
943         36.19558415       1.97121535      24.71640247       9.50796633
944         35.66429496       2.09929519      24.23840701       9.32659277
945         34.84411527       2.18077352      23.68740730       8.97593445
946         34.13138021       2.24748745      23.27520028       8.60869247
947         33.96733030       2.33705525      23.31389203       8.31638301
948         34.21513047       2.39263646      23.75330289       8.06919113
949         34.54526847       2.34866570      24.29383548       7.90276729
950         34.94243346       2.33106557      24.67317558       7.93819231
951         35.38755907       2.48099709      24.67855457       8.22800741
952         35.64023907       2.76357812      24.17508705       8.70157390
953         35.64987396       2.99084190      23.42141562       9.23761645
954         35.55449976       3.06877721      22.77942960       9.70629296
955         35.62562944       3.07416041      22.60481943       9.94664960
956         35.64397954       3.07898620      22.67423573       9.89075761
957         35.42511821       3.11123607      22.67225060       9.64163154
958         35.07431411       3.24949215      22.51883786       9.30598410
959         34.90911154       3.49033579      22.38329453       9.03548122
960         35.03106681       3.76452125      22.47636872       8.79017684
961         35.20849911       3.97559035      22.79608334       8.43682542
962         35.34533121       4.03984136      23.30344599       8.00204387
963         35.34215005       3.96240193      23.78792224       7.59182589
964         35.27605229       3.83309130      24.18606981       7.25689118
965         35.43588235       3.70218956      24.59246403       7.14122876
966         36.09826948       3.63685732      25.15791569       7.30349647
967         36.67527966       3.57282652      25.57792208       7.52453106
968         37.03750322       3.55797679      25.76763842       7.71188801
969         37.45691305       3.61600129      25.89726218       7.94364958
970         38.35810441       3.68792617      26.51688330       8.15329494
971         39.47470354       3.69771051      27.48214524       8.29484779
972         40.66192856       3.70244693      28.54195717       8.41752446
973         41.35754164       3.68444873      29.13264192       8.54045098
974         41.37709962       3.66284984      29.08335132       8.63089846
975         41.09005744       3.69250482      28.74318363       8.65436899
976         41.08262134       3.83880057      28.60031197       8.64350880
977         41.63676881       4.09977236      28.78828689       8.74870956
978         42.33865008       4.45970114      28.85074939       9.02819955
979         43.03913408       4.85814462      28.82635171       9.35463775
980         43.69631363       5.13684465      28.98739613       9.57207285
981         44.22175649       5.17219091      29.41971590       9.62984968
982         44.05100091       4.95091359      29.58420500       9.51588233
983         43.18172269       4.51813638      29.24607755       9.41750877
984         42.21835139       4.17767253      28.67420615       9.36647270
985         41.92395890       4.12740193      28.45228196       9.34427500
986         42.15263135       4.28309917      28.59586160       9.27367059
987         42.18104420       4.36235293      28.74555057       9.07314070
988         41.44171056       4.27197301      28.40312449       8.76661306
989         40.49860963       4.15660778      27.61165875       8.73034309
990         39.99645954       4.08221432      26.79269674       9.12154848
991         40.28675281       4.00201749      26.60695998       9.67777534
992         40.96067906       3.88586709      27.16198981       9.91282216
993         41.33797524       3.85674563      27.67320250       9.80802712
994         40.89849448       3.96048396      27.31913174       9.61887878
995         39.78058431       4.14163547      26.18420899       9.45473985
996         38.46717900       4.18035972      25.07681231       9.21000697
997         37.55567924       4.19919035      24.55710136       8.79938752
998         37.28377681       4.29011327      24.59086079       8.40280275
999         37.37766803       4.45278151      24.62260790       8.30227861
1000        37.42236993       4.65036743      24.21643026       8.55557223
