0      330          3.68278622      -0.47533979       0.89459161
1      330          3.70129814      -0.51321427       0.85041918
2      330          3.72874756      -0.58636329       0.80971349
3      330          3.73928398      -0.66111266       0.80321677
4      330          3.71925848      -0.71024122       0.81375599
5      330          3.66900342      -0.71667776       0.83634358
6      330          3.65086325      -0.68024725       0.88158965
7      330          3.70111085      -0.64197156       0.93803654
8      330          3.79079971      -0.65342888       0.94559357
9      330          3.86144866      -0.70822389       0.88737024
10     330          3.86613706      -0.74507380       0.78428693
11     330          3.80164764      -0.75035935       0.70908504
12     330          3.70511930      -0.74433310       0.69465076
13     330          3.62223352      -0.73357074       0.73673709
14     330          3.59106870      -0.70352764       0.77373301
15     330          3.60171279      -0.65349625       0.77112768
16     330          3.63875058      -0.62460601       0.71441642
17     330          3.66354255      -0.65845027       0.64234833
18     330          3.67812690      -0.71156092       0.60565095
19     330          3.68413818      -0.71960892       0.61512790
20     330          3.67763293      -0.66833235       0.63592928
21     330          3.65905031      -0.60624153       0.64107051
22     330          3.62988526      -0.57063453       0.64207367
23     330          3.60999656      -0.55093740       0.62646979
24     330          3.61286483      -0.52363286       0.57994424
25     330          3.62698587      -0.50875204       0.51319102
26     330          3.64386768      -0.53817187       0.47564593
27     330          3.64313284      -0.61304939       0.48657873
28     330          3.61992269      -0.68865554       0.52760649
29     330          3.58310683      -0.72069798       0.56880618
30     330          3.55207036      -0.72264742       0.60338672
31     330          3.51862019      -0.71200615       0.62296420
32     330          3.48817195      -0.68743227       0.62290520
33     330          3.45800932      -0.66572798       0.61533060
34     330          3.44374722      -0.66519490       0.62306440
35     330          3.46209039      -0.68112052       0.63164053
36     330          3.53126567      -0.68532303       0.62612284
37     330          3.63379422      -0.65874269       0.61850331
38     330          3.71027509      -0.60863920       0.60043855
39     330          3.71053496      -0.57171588       0.58015366
40     330          3.65559863      -0.56755549       0.57941519
41     330          3.59821586      -0.56645119       0.60827031
42     330          3.58860473      -0.54190574       0.66704680
43     330          3.61600782      -0.49804089       0.71302979
44     330          3.63602773      -0.47020741       0.73807872
45     330          3.63699604      -0.45785599       0.72180118
46     330          3.63495149      -0.44330751       0.65761870
47     330          3.63421571      -0.41694246       0.59501705
48     330          3.64343336      -0.36292208       0.57155794
49     330          3.66939825      -0.30168971       0.58090678
50     330          3.73130988      -0.26501002       0.58801799
51     330          3.79370686      -0.23991914       0.57836878
52     330          3.79232037      -0.23863122       0.55905157
53     330          3.72846545      -0.24744759       0.54730296
54     330          3.66435499      -0.23308999       0.56069973
55     330          3.61555744      -0.17153729       0.62207345
56     330          3.55157033      -0.08354086       0.72922036
57     330          3.46400322      -0.02023008       0.81808922
58     330          3.34481927       0.00154868       0.85297598
59     330          3.20417789      -0.00713173       0.85839688
60     330          3.07236355      -0.02019136       0.86196163
61     330          3.02562846      -0.02490588       0.86922235
62     330          3.08851637      -0.02698320       0.84520057
63     330          3.17661882      -0.00036280       0.78585055
64     330          3.21580823       0.09038456       0.72978388
65     330          3.19662801       0.21278159       0.71089272
66     330          3.13902221       0.28829496       0.74010564
67     330          3.08169674       0.32745869       0.80606624
68     330          3.03277278       0.36587991       0.85102426
69     330          2.97576323       0.39977086       0.82662343
70     330          2.90610057       0.42390392       0.74553528
71     330          2.82491290       0.45727006       0.66322089
72     330          2.74097474       0.48476145       0.61784281
73     330          2.66398754       0.49581929       0.60329665
74     330          2.59215346       0.51782856       0.59870848
75     330          2.53147104       0.56367271       0.58816728
76     330          2.47092440       0.60701998       0.56257231
77     330          2.41895338       0.64361790       0.53595997
78     330          2.37375788       0.67631991       0.53271546
79     330          2.34963746       0.70607588       0.57441564
80     330          2.34118425       0.74177311       0.64905992
81     330          2.33114620       0.77808226       0.72851560
82     330          2.29729282       0.80806109       0.78764505
83     330          2.25716598       0.80535357       0.81108927
84     330          2.23991932       0.78940689       0.80127480
85     330          2.25008505       0.80261673       0.75581961
86     330          2.26218370       0.85425097       0.68441617
87     330          2.27793212       0.91859393       0.58226269
88     330          2.32139875       0.96829507       0.46367657
89     330          2.42064944       0.98482131       0.36885039
90     330          2.53894230       0.99248222       0.30590778
91     330          2.64331695       1.00837824       0.20856200
92     330          2.70420474       1.04981206       0.09960928
93     330          2.72948103       1.11949571       0.04695031
94     330          2.71685106       1.21044261       0.04491009
95     330          2.69663947       1.27004596       0.05735889
96     330          2.66569966       1.24182016       0.04620803
97     330          2.60742838       1.16579132       0.02269819
98     330          2.51619288       1.12063312       0.00304087
99     330          2.42392898       1.11023899      -0.02198005
100    330          2.34786704       1.10281186      -0.03567376
101    330          2.30873681       1.08787804      -0.02466312
102    330          2.29432787       1.08991669      -0.00748031
103    330          2.29629024       1.10388155      -0.01861156
104    330          2.29270218       1.12745683      -0.07091590
105    330          2.27335271       1.16137596      -0.12857752
106    330          2.26940985       1.20228959      -0.16610242
107    330          2.29132589       1.26402294      -0.19623520
108    330          2.30557567       1.36190952      -0.24889659
109    330          2.30112257       1.47369393      -0.33798102
110    330          2.26334364       1.56355043      -0.44136145
111    330          2.23038699       1.60978547      -0.47146984
112    330          2.21951466       1.62889940      -0.41010672
113    330          2.21966579       1.63405429      -0.30762325
114    330          2.20613256       1.61215001      -0.22475391
115    330          2.19111987       1.56589367      -0.16442366
116    330          2.18511649       1.51813730      -0.10377594
117    330          2.16097666       1.50164756      -0.04123660
118    330          2.07833393       1.52023784      -0.06339328
119    330          1.98304494       1.55419516      -0.14373824
120    330          1.92128454       1.60741267      -0.20718175
121    330          1.93676162       1.66952240      -0.20854820
122    330          2.02431811       1.68933251      -0.16795889
123    330          2.15938176       1.66587092      -0.12542485
124    330          2.25258959       1.65662337      -0.11244709
125    330          2.27150426       1.70350576      -0.13913901
126    330          2.27012581       1.76589115      -0.18228971
127    330          2.30811108       1.79849812      -0.21022853
128    330          2.39462069       1.81921349      -0.22890723
129    330          2.47531755       1.84131970      -0.25410351
130    330          2.49595370       1.85704377      -0.29106348
131    330          2.47512139       1.87163851      -0.31506945
132    330          2.43798311       1.90949322      -0.32328414
133    330          2.43254407       1.95541513      -0.30976706
134    330          2.43984001       1.95569831      -0.29956050
135    330          2.44104731       1.90557593      -0.30194743
136    330          2.45139393       1.83382589      -0.30821284
137    330          2.50457161       1.75902842      -0.27169322
138    330          2.59261628       1.69624823      -0.20156985
139    330          2.70461659       1.64681144      -0.14586463
140    330          2.80492548       1.61514773      -0.15567704
141    330          2.86116981       1.62267041      -0.22024255
142    330          2.86388100       1.64245196      -0.27147473
143    330          2.86739056       1.67319344      -0.28830261
144    330          2.91771597       1.69784791      -0.30215386
145    330          3.01761820       1.70322445      -0.31945896
146    330          3.11608725       1.68956624      -0.34680346
147    330          3.15665866       1.65064300      -0.39551548
148    330          3.13228890       1.59544089      -0.45150400
149    330          3.08188945       1.55218247      -0.46113535
150    330          3.04056654       1.54407849      -0.41472443
151    330          3.00671231       1.56031231      -0.36698262
152    330          2.98366503       1.57593125      -0.36732006
153    330          2.98196850       1.54055402      -0.41588348
154    330          2.99144307       1.45035081      -0.45461982
155    330          2.97512548       1.35299004      -0.45760490
156    330          2.91031091       1.27600721      -0.44408755
157    330          2.82330975       1.19871874      -0.43168807
158    330          2.75150802       1.11155500      -0.40927758
159    330          2.70878363       1.04348506      -0.35753872
160    330          2.66889754       1.00890412      -0.30588613
161    330          2.62782468       0.98692430      -0.29372120
162    330          2.62401071       0.95771372      -0.30448037
163    330          2.66517556       0.91788614      -0.31712172
164    330          2.71472552       0.87369047      -0.33977251
165    330          2.74089637       0.83863125      -0.38163103
166    330          2.76227021       0.82818392      -0.41339263
167    330          2.79308332       0.84302594      -0.42742864
168    330          2.82824987       0.89028673      -0.42638266
169    330          2.83851418       0.97046550      -0.42407355
170    330          2.84787326       1.06185447      -0.42331344
171    330          2.89037406       1.12535540      -0.46157074
172    330          2.96663973       1.14670592      -0.55655564
173    330          3.04088310       1.16992501      -0.64036571
174    330          3.09066543       1.20841838      -0.67022723
175    330          3.10442832       1.25308708      -0.65005183
176    330          3.10683001       1.27806356      -0.61142867
177    330          3.12325859       1.26345286      -0.59437592
178    330          3.14477990       1.19562699      -0.60844511
179    330          3.15713261       1.10730510      -0.62045100
180    330          3.17328728       1.04748602      -0.60301921
181    330          3.19215761       1.04884779      -0.54432457
182    330          3.18986660       1.07306657      -0.48923070
183    330          3.18071161       1.07264841      -0.46687932
184    330          3.20807730       1.04254173      -0.46817975
185    330          3.27725364       1.00217736      -0.48054117
186    330          3.35860732       0.97135307      -0.49911376
187    330          3.42701370       0.95296974      -0.50906658
188    330          3.49594107       0.93527502      -0.51078824
189    330          3.56282321       0.89617392      -0.50482440
190    330          3.63750650       0.84175744      -0.47990275
191    330          3.71426392       0.79852275      -0.43492039
192    330          3.74495028       0.79059685      -0.40998702
193    330          3.70285408       0.80227637      -0.43842811
194    330          3.64221131       0.81031678      -0.51344189
195    330          3.61953648       0.81503812      -0.58438634
196    330          3.64142935       0.81327930      -0.63105375
197    330          3.67486679       0.81758472      -0.66724269
198    330          3.70695655       0.83758735      -0.71683209
199    330          3.72666072       0.86570239      -0.76840458
200    330          3.73124412       0.87891409      -0.81525854
201    330          3.73006902       0.86574875      -0.87673624
202    330          3.74345247       0.85523456      -0.95863630
203    330          3.75650514       0.86949625      -1.01956136
204    330          3.74304156       0.89681362      -1.02979512
205    330          3.69610294       0.91732034      -1.01286693
206    330          3.64312201       0.92689886      -1.01661495
207    330          3.60589953       0.93908914      -1.04642909
208    330          3.62444727       0.96969061      -1.06541270
209    330          3.69344589       1.02365105      -1.05248227
210    330          3.77759626       1.07592779      -1.02405960
211    330          3.83658910       1.11288503      -1.00544947
212    330          3.85767955       1.11815824      -1.00337812
213    330          3.84750732       1.07990917      -1.00476012
214    330          3.83665257       1.01728755      -1.00150937
215    330          3.84550104       0.96947015      -0.97427236
216    330          3.86210408       0.95426868      -0.94634696
217    330          3.85980561       0.95730036      -0.95891307
218    330          3.82636076       0.95592774      -0.99471274
219    330          3.79588489       0.93248715      -1.02109276
220    330          3.79340300       0.88253010      -1.03778581
221    330          3.80472862       0.82287013      -1.06692947
222    330          3.81342948       0.76382725      -1.07584109
223    330          3.82301723       0.72430038      -1.04903599
224    330          3.84572201       0.69683750      -1.02644319
225    330          3.88430208       0.66834468      -1.05317927
226    330          3.91909908       0.63876572      -1.12653903
227    330          3.93625767       0.60839349      -1.21464574
228    330          3.97690729       0.56947083      -1.29401455
229    330          4.04110829       0.51641724      -1.34028152
230    330          4.08250300       0.45393270      -1.36711797
231    330          4.09737498       0.41054606      -1.39055923
232    330          4.10266221       0.38772748      -1.40347345
233    330          4.09384269       0.39550136      -1.40531118
234    330          4.07916242       0.42294119      -1.40107665
235    330          4.09279437       0.46237451      -1.41515306
236    330          4.15259144       0.50505989      -1.43748405
237    330          4.22390435       0.54923157      -1.43529766
238    330          4.25003781       0.57737469      -1.41339723
239    330          4.23458929       0.57917897      -1.42478992
240    330          4.21823784       0.55555374      -1.49986684
241    330          4.24593976       0.52118525      -1.60370093
242    330          4.31390330       0.48686040      -1.68300100
243    330          4.43130229       0.46164119      -1.70846611
244    330          4.57017682       0.45010490      -1.69654128
245    330          4.67898640       0.44749668      -1.70349474
246    330          4.74080317       0.42235028      -1.75770053
247    330          4.77812209       0.37629114      -1.81201487
248    330          4.78771492       0.33909911      -1.82602350
249    330          4.76451824       0.31995404      -1.80654536
250    330          4.73473332       0.29589463      -1.78395039
251    330          4.72486352       0.27254739      -1.76789273
252    330          4.72401557       0.26607739      -1.78320940
253    330          4.73001930       0.27527225      -1.81955730
254    330          4.75323753       0.28102050      -1.85489093
255    330          4.77060705       0.26270463      -1.86003566
256    330          4.75130236       0.25806575      -1.85906416
257    330          4.69268903       0.28974280      -1.87697873
258    330          4.62741611       0.32571570      -1.89705980
259    330          4.58241532       0.37692723      -1.91023197
260    330          4.53294789       0.42495000      -1.91662539
261    330          4.49955914       0.45767929      -1.90385409
262    330          4.49756121       0.47363769      -1.86400489
263    330          4.51568239       0.51870391      -1.81248508
264    330          4.54912832       0.63428724      -1.75463881
265    330          4.57235159       0.77173548      -1.69511287
266    330          4.55266070       0.84254833      -1.66920901
267    330          4.51894700       0.81040334      -1.69217888
268    330          4.46949186       0.75007037      -1.71484014
269    330          4.39322940       0.75023356      -1.68690270
270    330          4.32614512       0.77356718      -1.62811315
271    330          4.30849348       0.76413141      -1.59613715
272    330          4.29598098       0.71558255      -1.63259739
273    330          4.26844142       0.67222108      -1.70072783
274    330          4.24070913       0.67842161      -1.74093723
275    330          4.21152325       0.71020673      -1.74933778
276    330          4.15511683       0.74788001      -1.76895421
277    330          4.08716091       0.76464964      -1.82966165
278    330          4.04908218       0.75611626      -1.90330041
279    330          4.08119429       0.72684174      -1.96022175
280    330          4.14795563       0.71775051      -1.98764830
281    330          4.20516291       0.75554238      -1.99231579
282    330          4.24080527       0.80782772      -2.00138485
283    330          4.26608939       0.82322018      -2.03186488
284    330          4.29251799       0.79052316      -2.06746542
285    330          4.33619838       0.76684407      -2.08291891
286    330          4.37385203       0.77466098      -2.07948174
287    330          4.38556474       0.80875300      -2.08392791
288    330          4.37463864       0.86491084      -2.09417830
289    330          4.37166307       0.91879567      -2.08494292
290    330          4.41358588       0.96586886      -2.04473050
291    330          4.49524262       1.00478121      -1.99151107
292    330          4.56895873       1.03275521      -1.96432865
293    330          4.60751051       1.04971141      -1.96133394
294    330          4.61563435       1.07739864      -1.96655466
295    330          4.61140337       1.09408378      -1.98481966
296    330          4.61288388       1.08788287      -2.00835808
297    330          4.64427392       1.06510101      -1.99908599
298    330          4.69981817       1.04085753      -1.95375310
299    330          4.73640719       1.03968050      -1.90647370
300    330          4.74177127       1.06787768      -1.87588576
301    330          4.71236811       1.09593087      -1.85959778
302    330          4.65526365       1.10097591      -1.86478658
303    330          4.60485890       1.09390283      -1.89936840
304    330          4.56406454       1.11665217      -1.92746802
305    330          4.52790746       1.13866445      -1.92972776
306    330          4.50281317       1.13528552      -1.91713870
307    330          4.49935418       1.08296879      -1.91154539
308    330          4.51163681       0.98199505      -1.90233426
309    330          4.52591284       0.86166885      -1.87601678
310    330          4.53928668       0.78902452      -1.85686836
311    330          4.53995732       0.79045980      -1.85900496
312    330          4.52817395       0.83768142      -1.87498338
313    330          4.51182606       0.88706858      -1.87715218
314    330          4.50262162       0.92337606      -1.87747891
315    330          4.51223699       0.95194462      -1.89581673
316    330          4.52279559       0.98242058      -1.92574186
317    330          4.51643137       1.01499652      -1.94958781
318    330          4.50352585       1.06309042      -1.96912775
319    330          4.50618617       1.10280457      -2.01807300
320    330          4.54037701       1.12734379      -2.09107630
321    330          4.58523095       1.14703736      -2.14405445
322    330          4.59806978       1.17740901      -2.12410551
323    330          4.55298640       1.22115894      -2.02925575
324    330          4.45513300       1.29000452      -1.89512172
325    330          4.33847751       1.38057304      -1.77458432
326    330          4.27755127       1.45515858      -1.70600461
327    330          4.29620146       1.46381735      -1.68470361
328    330          4.33508949       1.44148843      -1.69797361
329    330          4.35889793       1.44726857      -1.74703640
330    330          4.35700678       1.50930612      -1.77833931
331    330          4.33999198       1.57814831      -1.74744278
332    330          4.31737816       1.60050881      -1.66690697
333    330          4.29719158       1.55574794      -1.60775623
334    330          4.28976148       1.47119561      -1.57891837
335    330          4.28619987       1.40183567      -1.54085279
336    330          4.27984757       1.36779524      -1.51237953
337    330          4.28289563       1.35834934      -1.50904929
338    330          4.32709689       1.37268287      -1.54168891
339    330          4.41084143       1.39682990      -1.58533335
340    330          4.49591974       1.42180230      -1.60201270
341    330          4.55378871       1.44286180      -1.59680783
342    330          4.59680858       1.44364519      -1.59642846
343    330          4.64633970       1.43078812      -1.60537403
344    330          4.70628614       1.43056318      -1.59765503
345    330          4.77159350       1.45996925      -1.58317099
346    330          4.83781370       1.48275601      -1.58310782
347    330          4.89295944       1.49234566      -1.62797685
348    330          4.90860904       1.49460487      -1.69396361
349    330          4.90259135       1.52476137      -1.73916397
350    330          4.90374863       1.56551589      -1.73947682
351    330          4.90062612       1.61817541      -1.70893940
352    330          4.89664498       1.67167872      -1.66982235
353    330          4.89541414       1.69301874      -1.64151303
354    330          4.86675116       1.68073486      -1.61969475
355    330          4.81441897       1.66056172      -1.60422847
356    330          4.76589349       1.65092863      -1.59013598
357    330          4.73227657       1.64896782      -1.58079433
358    330          4.71675864       1.64565284      -1.57470151
359    330          4.71465875       1.66479688      -1.57406495
360    330          4.70072122       1.73961432      -1.57504147
361    330          4.67196589       1.84309717      -1.59571352
362    330          4.67660671       1.90659828      -1.61158457
363    330          4.73882289       1.92421852      -1.59263804
364    330          4.82581878       1.95448914      -1.52996419
365    330          4.90525357       2.01119917      -1.47925229
366    330          4.94202881       2.05346399      -1.47530221
367    330          4.93136956       2.06461207      -1.49122375
368    330          4.88616478       2.08654980      -1.50983778
369    330          4.81088709       2.14620338      -1.51758265
370    330          4.71785719       2.21548023      -1.52053680
371    330          4.63125558       2.25757837      -1.53487208
372    330          4.58586226       2.26481438      -1.54733752
373    330          4.60406604       2.26826201      -1.53299362
374    330          4.66356634       2.29363629      -1.50255767
375    330          4.71921782       2.33586646      -1.51127744
376    330          4.73781642       2.37224376      -1.57359428
377    330          4.73671419       2.41363646      -1.63235699
378    330          4.75193154       2.46859983      -1.61482055
379    330          4.78457431       2.52142767      -1.54254485
380    330          4.80808608       2.54589262      -1.49045056
381    330          4.79738322       2.52651328      -1.50370792
382    330          4.76341822       2.49606875      -1.54820979
383    330          4.72989343       2.48195533      -1.58069496
384    330          4.70928504       2.49550247      -1.59349341
385    330          4.71733431       2.54202932      -1.58455616
386    330          4.76192273       2.63593454      -1.55066227
387    330          4.82546445       2.74730620      -1.50361355
388    330          4.87679010       2.82375930      -1.48763607
389    330          4.91410730       2.86096072      -1.50938112
390    330          4.94630032       2.90922745      -1.52540828
391    330          4.95310103       2.99690028      -1.51169568
392    330          4.90898195       3.10974193      -1.48038053
393    330          4.86263658       3.22146214      -1.47804031
394    330          4.91387826       3.30153428      -1.53450233
395    330          5.01716940       3.34897908      -1.61180803
396    330          5.08411002       3.37193438      -1.65236441
397    330          5.08216380       3.38447696      -1.64798307
398    330          5.05140865       3.40786072      -1.63859577
399    330          5.02976769       3.46563951      -1.65125188
400    330          5.03352399       3.53875308      -1.66438946
401    330          5.05330216       3.59722397      -1.62440389
402    330          5.06504483       3.64064909      -1.53466219
403    330          5.01715958       3.68114888      -1.45719769
404    330          4.92909806       3.71776550      -1.44034609
405    330          4.86288584       3.75577849      -1.49058958
406    330          4.85836877       3.78496085      -1.53008391
407    330          4.90387310       3.78709967      -1.51081265
408    330          4.93288459       3.75605935      -1.44171201
409    330          4.88393399       3.69615040      -1.35969166
410    330          4.80800836       3.64145295      -1.30294225
411    330          4.80833032       3.62184132      -1.32784325
412    330          4.89785217       3.66974330      -1.41926572
413    330          4.98777356       3.76080998      -1.51315443
414    330          5.02401182       3.84305794      -1.55615523
415    330          5.00811203       3.89714729      -1.55561655
416    330          4.96933452       3.93638879      -1.56603014
417    330          4.92896995       3.97057632      -1.63776404
418    330          4.91125945       3.98584029      -1.72015461
419    330          4.90626772       3.99362026      -1.75494004
420    330          4.89640920       4.02033747      -1.73859482
421    330          4.88451918       4.06623134      -1.71747268
422    330          4.88521749       4.11701807      -1.71079034
423    330          4.91734219       4.15119543      -1.70751139
424    330          4.96972805       4.15285271      -1.68382650
425    330          4.98369761       4.12880168      -1.64070318
426    330          4.93156124       4.08063160      -1.60170235
427    330          4.85522382       4.05050287      -1.57109287
428    330          4.81740776       4.06316379      -1.52377347
429    330          4.84210986       4.10435170      -1.47197734
430    330          4.89918733       4.15512536      -1.42186142
431    330          4.94491980       4.20360388      -1.36618578
432    330          4.94217500       4.23283879      -1.29785734
433    330          4.88608865       4.23335943      -1.20927703
434    330          4.83390342       4.20015551      -1.11017069
435    330          4.82363161       4.18195581      -1.04795845
436    330          4.82716823       4.22268912      -1.01086435
437    330          4.81896963       4.29412338      -0.96875194
438    330          4.81299477       4.34021766      -0.91494998
439    330          4.79764748       4.35469153      -0.85151305
440    330          4.77445695       4.36415185      -0.78389773
441    330          4.74865427       4.38219280      -0.76242020
442    330          4.72970466       4.39798631      -0.77531062
443    330          4.71992250       4.42855824      -0.81606067
444    330          4.72755766       4.48503219      -0.86332701
445    330          4.73534915       4.51929911      -0.90580694
446    330          4.73683736       4.49927741      -0.93605149
447    330          4.73925939       4.45523598      -0.95950732
448    330          4.72329208       4.45168039      -0.96232874
449    330          4.70877952       4.49777023      -0.94420584
450    330          4.70292923       4.55334373      -0.90578751
451    330          4.70057945       4.58559112      -0.87175432
452    330          4.69953524       4.60013146      -0.85404837
453    330          4.69050566       4.61869117      -0.84857991
454    330          4.68094794       4.64761221      -0.84056339
455    330          4.69661523       4.65626213      -0.82691498
456    330          4.75504312       4.62603569      -0.82158152
457    330          4.82521551       4.57770950      -0.82014825
458    330          4.88965653       4.54508242      -0.82400160
459    330          4.94519844       4.53346308      -0.86242418
460    330          4.98817367       4.52985809      -0.91432805
461    330          5.00336011       4.52912868      -0.92472848
462    330          5.00573439       4.52589865      -0.87073314
463    330          5.01412522       4.50442347      -0.82311592
464    330          5.03160887       4.47024808      -0.84319820
465    330          5.01854651       4.44566235      -0.91296996
466    330          4.97439698       4.43461226      -0.97071441
467    330          4.92398987       4.42736726      -0.99351086
468    330          4.88036667       4.43486957      -1.02363469
469    330          4.84207027       4.43954579      -1.08528604
470    330          4.79894773       4.42275815      -1.17336032
471    330          4.77682196       4.41596676      -1.23881709
472    330          4.80322519       4.44917047      -1.25479900
473    330          4.87523427       4.47524906      -1.25274158
474    330          4.95756594       4.46650464      -1.24450563
475    330          5.00312980       4.44516632      -1.22356180
476    330          4.99746014       4.43812067      -1.17426249
477    330          4.96073013       4.44522177      -1.09934062
478    330          4.90979906       4.43126327      -1.03196215
479    330          4.86682237       4.39746685      -0.99850859
480    330          4.84303458       4.36647776      -0.99350911
481    330          4.84179301       4.36038272      -1.00308441
482    330          4.86116076       4.37220047      -1.03152597
483    330          4.90417673       4.38084523      -1.07340722
484    330          4.95001292       4.36779090      -1.10448294
485    330          4.95741770       4.33937781      -1.11537870
486    330          4.91396074       4.27987743      -1.13472849
487    330          4.83405820       4.19407414      -1.18612013
488    330          4.74157832       4.10277137      -1.25805167
489    330          4.65889465       4.03492785      -1.30101507
490    330          4.62587819       3.98690945      -1.28335350
491    330          4.65580624       3.95900372      -1.24601501
492    330          4.71995350       3.94902346      -1.22782064
493    330          4.77312352       3.96062291      -1.23050043
494    330          4.80882670       4.00025255      -1.23023339
495    330          4.85094785       4.03286289      -1.20377815
496    330          4.91406419       3.99834184      -1.17810484
497    330          4.98353049       3.94725721      -1.19597530
498    330          5.04245011       3.99101338      -1.21499247
499    330          5.10610496       4.10810820      -1.21981601
500    330          5.16329888       4.16457673      -1.21748077
501    330          5.17539703       4.11486345      -1.21911871
502    330          5.13837501       4.03830891      -1.23990550
503    330          5.08579123       4.02169181      -1.28296672
504    330          5.05574356       4.06388455      -1.32969666
505    330          5.07288463       4.11095419      -1.34258196
506    330          5.12080169       4.14688420      -1.32404490
507    330          5.16518516       4.18728306      -1.29961339
508    330          5.17778777       4.24936783      -1.31746494
509    330          5.16869165       4.30924581      -1.35589694
510    330          5.18221462       4.33425219      -1.35647735
511    330          5.24303723       4.32863263      -1.29193442
512    330          5.32404073       4.31239786      -1.23949705
513    330          5.37100659       4.30390463      -1.27346959
514    330          5.37675065       4.32522334      -1.38130491
515    330          5.39136929       4.38011306      -1.48305400
516    330          5.42120177       4.44964836      -1.54112561
517    330          5.45617065       4.48692574      -1.56265967
518    330          5.48321818       4.48985261      -1.55982627
519    330          5.50346238       4.50790015      -1.53918695
520    330          5.52157322       4.56174181      -1.53477306
521    330          5.53491449       4.62881844      -1.55128816
522    330          5.51311842       4.70105320      -1.57812535
523    330          5.49717837       4.77253384      -1.59521133
524    330          5.51025002       4.84470637      -1.58535622
525    330          5.55161097       4.89313488      -1.55391451
526    330          5.58329762       4.91875790      -1.54657401
527    330          5.60431725       4.92766063      -1.56529658
528    330          5.62524909       4.93960273      -1.58531466
529    330          5.64569193       4.96836344      -1.57284156
530    330          5.65647273       4.97865313      -1.53882022
531    330          5.66592125       4.94179926      -1.50633218
532    330          5.68295328       4.89100854      -1.47957903
533    330          5.70153167       4.87603216      -1.46357234
534    330          5.72621756       4.92018358      -1.45401575
535    330          5.77049757       4.99189088      -1.46699566
536    330          5.83277626       5.02794484      -1.50202645
537    330          5.91194961       5.02876362      -1.54427639
538    330          6.00634876       5.01799445      -1.57378181
539    330          6.08617987       5.01757409      -1.58651945
540    330          6.14966197       5.02445575      -1.57966546
541    330          6.18796736       5.03690942      -1.57547981
542    330          6.17812961       5.05907559      -1.61289461
543    330          6.13503513       5.09353237      -1.67875358
544    330          6.09844592       5.11867243      -1.71060792
545    330          6.09039955       5.12269238      -1.70617069
546    330          6.08774051       5.11266190      -1.68646293
547    330          6.07631247       5.12639737      -1.66300597
548    330          6.08244595       5.18114251      -1.62824987
549    330          6.09618761       5.25581929      -1.57063981
550    330          6.11297017       5.31033177      -1.49752167
551    330          6.14351290       5.34547944      -1.44016822
552    330          6.19578769       5.36027467      -1.40563840
553    330          6.25169412       5.35025234      -1.40026236
554    330          6.29455276       5.36194319      -1.39423526
555    330          6.30746190       5.41782853      -1.39309992
556    330          6.31013781       5.48673407      -1.39535950
557    330          6.30446617       5.52126830      -1.39318841
558    330          6.28738305       5.51780265      -1.35693882
559    330          6.26183466       5.49910849      -1.32552596
560    330          6.25521559       5.47614761      -1.34023929
561    330          6.27078707       5.45057125      -1.41315300
562    330          6.26451736       5.42705615      -1.49778452
563    330          6.21896968       5.42178316      -1.54795405
564    330          6.18264084       5.43577256      -1.53695719
565    330          6.19722307       5.47876671      -1.50545828
566    330          6.23683744       5.52328525      -1.52270615
567    330          6.24099804       5.52506995      -1.59009639
568    330          6.21452756       5.47610721      -1.65790400
569    330          6.17523713       5.45026652      -1.71124227
570    330          6.12290204       5.46235187      -1.74337857
571    330          6.09398095       5.47846373      -1.75275149
572    330          6.08645286       5.46414123      -1.73408774
573    330          6.04950605       5.43918643      -1.70915383
574    330          5.97193817       5.43817951      -1.70285243
575    330          5.91121392       5.46039303      -1.71748717
576    330          5.90166803       5.47622851      -1.69938459
577    330          5.92936492       5.47213740      -1.63635981
578    330          5.96453340       5.44995752      -1.56456473
579    330          6.01982524       5.41612583      -1.54901794
580    330          6.08222071       5.39776284      -1.58183501
581    330          6.11777471       5.37444250      -1.61200263
582    330          6.11541706       5.32242191      -1.59135263
583    330          6.10358499       5.27245069      -1.56142977
584    330          6.12076973       5.25473346      -1.53333907
585    330          6.16658644       5.22906327      -1.48915852
586    330          6.23046700       5.18994733      -1.42170647
587    330          6.26591459       5.15199400      -1.38377578
588    330          6.27947332       5.13029532      -1.42581131
589    330          6.30391142       5.14522585      -1.52695020
590    330          6.34069013       5.21833601      -1.60327413
591    330          6.36476928       5.31334203      -1.61989368
592    330          6.36924602       5.37084195      -1.61367214
593    330          6.35142489       5.36996822      -1.62372982
594    330          6.31584586       5.32298889      -1.63479952
595    330          6.26530176       5.26470426      -1.62165651
596    330          6.21969118       5.23507411      -1.58621511
597    330          6.21460441       5.23641472      -1.57910232
598    330          6.26121234       5.23993513      -1.60729026
599    330          6.31572931       5.19689734      -1.62156794
600    330          6.35005261       5.12427889      -1.57711136
601    330          6.37488849       5.07313390      -1.51046259
602    330          6.42389424       5.07497394      -1.47059488
603    330          6.47651313       5.10137171      -1.46346349
604    330          6.50598541       5.11001811      -1.45188478
605    330          6.49782346       5.10002499      -1.43978900
606    330          6.47084213       5.08701929      -1.45889437
607    330          6.43056539       5.08111031      -1.51709601
608    330          6.38652674       5.11231028      -1.54846870
609    330          6.34875412       5.17013728      -1.51998121
610    330          6.32232381       5.22562718      -1.48731784
611    330          6.31274977       5.23774088      -1.51936684
612    330          6.31748869       5.22744620      -1.56024692
613    330          6.31428803       5.23636748      -1.55085566
614    330          6.27782559       5.27516846      -1.50589474
615    330          6.19738176       5.30531506      -1.48116613
616    330          6.11580873       5.28197562      -1.47705865
617    330          6.09067948       5.22505578      -1.46698923
618    330          6.11817956       5.17404107      -1.44781015
619    330          6.16635031       5.14025024      -1.42736293
620    330          6.19421545       5.12397845      -1.40421026
621    330          6.18249011       5.12686417      -1.38001058
622    330          6.12823789       5.18750652      -1.34759262
623    330          6.06496069       5.30162876      -1.30909308
624    330          6.03542828       5.41251564      -1.28493091
625    330          6.05911147       5.45852760      -1.28404418
626    330          6.11895780       5.44456865      -1.29122096
627    330          6.16209527       5.43073805      -1.27787579
628    330          6.16083726       5.43549801      -1.23968093
629    330          6.11243909       5.44433493      -1.19249771
630    330          6.05227831       5.45088712      -1.16094337
631    330          6.02442308       5.47265173      -1.16034258
632    330          6.01583086       5.50391568      -1.16616827
633    330          6.00634154       5.51781867      -1.16228194
634    330          5.98542943       5.50865487      -1.17198847
635    330          5.94299692       5.47056068      -1.20338557
636    330          5.92373805       5.42184397      -1.22990745
637    330          5.93080830       5.36464464      -1.22523140
638    330          5.93556762       5.31000533      -1.20706136
639    330          5.92524028       5.27065941      -1.22006739
640    330          5.91036051       5.25001907      -1.23956322
641    330          5.90405411       5.24229270      -1.24429747
642    330          5.92068614       5.23418822      -1.23391406
643    330          5.93485479       5.22709369      -1.21508291
644    330          5.94627682       5.21714398      -1.20222473
645    330          5.95419549       5.21307597      -1.21711414
646    330          5.97082807       5.20735783      -1.25180089
647    330          5.99176055       5.19002137      -1.28980081
648    330          6.00399078       5.13381633      -1.34609409
649    330          6.00005692       5.06098051      -1.42340178
650    330          5.95797732       5.04042121      -1.49469042
651    330          5.85925066       5.07838530      -1.54558596
652    330          5.76986946       5.10312197      -1.58943134
653    330          5.75734157       5.09188344      -1.65985234
654    330          5.80722465       5.06011760      -1.77135459
655    330          5.86491521       5.02710344      -1.90154414
656    330          5.91569274       5.02195862      -1.97907104
657    330          5.96275193       5.04547280      -1.99696985
658    330          6.00269340       5.05256944      -1.99036285
659    330          6.03676783       5.02562982      -1.97773669
660    330          6.07420519       5.02139159      -1.96642892
661    330          6.09967668       5.03838604      -1.98131760
662    330          6.10123741       5.04239712      -2.01864443
663    330          6.09798697       5.03200053      -2.07390328
664    330          6.08077065       5.01220862      -2.14821025
665    330          6.03988116       4.98349907      -2.22654027
666    330          5.98156591       4.97268999      -2.27516532
667    330          5.95029036       5.01297688      -2.29090452
668    330          5.96842793       5.07836346      -2.29515790
669    330          6.01742617       5.11696728      -2.32060588
670    330          6.08125634       5.12892110      -2.36698448
671    330          6.15264716       5.13384505      -2.41184855
672    330          6.22599020       5.13442122      -2.43522059
673    330          6.27956392       5.13209991      -2.43757464
674    330          6.32303594       5.10643448      -2.44099154
675    330          6.38449449       5.07214304      -2.45759211
676    330          6.44127544       5.04409111      -2.47473555
677    330          6.47351771       5.03391016      -2.49623574
678    330          6.50006916       5.03258317      -2.52386631
679    330          6.52938180       5.01296949      -2.52974728
680    330          6.54903018       4.95624912      -2.50973753
681    330          6.56070439       4.88775728      -2.48270801
682    330          6.58189029       4.81417592      -2.43902808
683    330          6.59294061       4.73309815      -2.38074398
684    330          6.56765895       4.66473733      -2.33379232
685    330          6.51853084       4.63613219      -2.31234932
686    330          6.47473310       4.64288968      -2.31376298
687    330          6.47522649       4.65670768      -2.32635761
688    330          6.50997860       4.66843670      -2.34082726
689    330          6.55301268       4.66619641      -2.34166146
690    330          6.57010944       4.64684783      -2.31433489
691    330          6.56152994       4.61783129      -2.26131959
692    330          6.52089329       4.60028705      -2.20114439
693    330          6.45378385       4.59480570      -2.14679935
694    330          6.41295859       4.57851118      -2.09108552
695    330          6.43500018       4.54035375      -2.03134950
696    330          6.46329137       4.49686346      -1.99859181
697    330          6.45984748       4.47113327      -1.98986195
698    330          6.44695556       4.46565364      -1.98185830
699    330          6.45291762       4.46848528      -1.96498636
700    330          6.45292681       4.46561206      -1.93445953
701    330          6.42313723       4.47345584      -1.89579362
702    330          6.36515011       4.49723127      -1.88225866
703    330          6.33531427       4.49956921      -1.92324674
704    330          6.34424307       4.46108864      -1.99299767
705    330          6.37369865       4.42623012      -2.05089197
706    330          6.38911936       4.41869289      -2.09784458
707    330          6.36738717       4.42407501      -2.13664984
708    330          6.30061498       4.39638718      -2.14195001
709    330          6.21919144       4.34666374      -2.12638471
710    330          6.13456524       4.31660477      -2.15441918
711    330          6.07792699       4.32932569      -2.24238112
712    330          6.06934319       4.36766519      -2.34903102
713    330          6.08459267       4.40988280      -2.43159985
714    330          6.08572635       4.41917974      -2.46518651
715    330          6.06385879       4.39011388      -2.47987241
716    330          6.02880429       4.35440129      -2.47978300
717    330          5.98502099       4.35652863      -2.46927514
718    330          5.94156148       4.37605513      -2.46312187
719    330          5.91825941       4.40102148      -2.48165020
720    330          5.90612045       4.43656862      -2.51118030
721    330          5.89687347       4.47839592      -2.52642717
722    330          5.87959191       4.50923011      -2.51392634
723    330          5.84245060       4.50002533      -2.49655253
724    330          5.76477370       4.44930974      -2.47306623
725    330          5.65117691       4.40374459      -2.44863242
726    330          5.55007282       4.39578010      -2.44307741
727    330          5.50103184       4.41232373      -2.46022064
728    330          5.49126625       4.39694753      -2.47720196
729    330          5.49060558       4.33922224      -2.48871985
730    330          5.46789673       4.28934876      -2.48625701
731    330          5.41098421       4.27697722      -2.47025482
732    330          5.34109333       4.28900742      -2.44314078
733    330          5.29860541       4.30434132      -2.42526801
734    330          5.30455631       4.32771251      -2.42320770
735    330          5.33867986       4.35068246      -2.42378857
736    330          5.35697494       4.33598463      -2.41365256
737    330          5.34214706       4.27586080      -2.40430528
738    330          5.29805163       4.22941704      -2.40796422
739    330          5.26643091       4.24944366      -2.45956079
740    330          5.26412214       4.31043932      -2.53686971
741    330          5.26112816       4.35505048      -2.60165410
742    330          5.22951456       4.32210919      -2.63193460
743    330          5.17186242       4.24796258      -2.62836329
744    330          5.11001180       4.20258890      -2.60213181
745    330          5.07712311       4.19296967      -2.56985664
746    330          5.10668139       4.18865465      -2.55082156
747    330          5.18515311       4.19726539      -2.52117978
748    330          5.23122221       4.22026898      -2.45744172
749    330          5.23215759       4.22744188      -2.40008265
750    330          5.19576115       4.22694419      -2.39456674
751    330          5.14670240       4.24468603      -2.42750946
752    330          5.14356761       4.23689677      -2.50592058
753    330          5.20850250       4.20186255      -2.59710947
754    330          5.30503876       4.13555733      -2.63917882
755    330          5.35671948       4.06261051      -2.63810455
756    330          5.32442291       4.00288813      -2.63985876
757    330          5.24589852       4.00383392      -2.62833682
758    330          5.15501415       4.06856255      -2.62320524
759    330          5.08576846       4.15142654      -2.65161415
760    330          5.03177632       4.18312346      -2.68939696
761    330          5.00298018       4.15136657      -2.73138863
762    330          5.00013349       4.09650946      -2.76394734
763    330          4.99664333       4.07310185      -2.80200106
764    330          4.97410776       4.05875872      -2.82880901
765    330          4.91553861       4.01796459      -2.82093214
766    330          4.84085787       3.97977672      -2.78886642
767    330          4.78823615       3.97100570      -2.77287429
768    330          4.76354523       3.97762455      -2.76901762
769    330          4.76644073       3.99469748      -2.76497598
770    330          4.77671617       4.01305937      -2.77658728
771    330          4.78126792       4.02683917      -2.79291988
772    330          4.76529188       4.05567798      -2.78024867
773    330          4.72667087       4.10087369      -2.73173851
774    330          4.69473648       4.11706678      -2.70348238
775    330          4.67784521       4.10389538      -2.72077067
776    330          4.69100328       4.08688495      -2.75944879
777    330          4.71230214       4.09347688      -2.79095089
778    330          4.74549581       4.10294434      -2.79464789
779    330          4.80703660       4.10967876      -2.75494146
780    330          4.88423231       4.11510099      -2.67567010
781    330          4.95437058       4.14797587      -2.61471876
782    330          4.99711415       4.22589714      -2.61879368
783    330          5.01346296       4.30940181      -2.66274789
784    330          5.03572531       4.35187299      -2.68516616
785    330          5.04625109       4.35276572      -2.66587712
786    330          5.03173488       4.32200760      -2.62505785
787    330          5.02104217       4.28647984      -2.58133397
788    330          5.03257810       4.28772050      -2.53619017
789    330          5.03640805       4.34781043      -2.47884196
790    330          5.01343874       4.42161558      -2.43441811
791    330          4.99721240       4.47706458      -2.42328518
792    330          5.01184451       4.49755213      -2.43345536
793    330          5.04317044       4.48987820      -2.42052336
794    330          5.07699009       4.44862281      -2.37528382
795    330          5.11477883       4.38631380      -2.31110507
796    330          5.15404317       4.31910698      -2.24002731
797    330          5.16722736       4.25943446      -2.16156921
798    330          5.15829001       4.20887025      -2.09062304
799    330          5.11643408       4.18918235      -2.04670531
800    330          5.05270461       4.19981817      -2.03596479
801    330          4.99301776       4.19661033      -2.04114643
802    330          4.96328794       4.13551396      -2.04070226
803    330          4.94798880       4.02552063      -2.02352319
804    330          4.91565219       3.92014004      -2.00676709
805    330          4.85084741       3.84357596      -1.98534037
806    330          4.77398225       3.78886644      -1.98583682
807    330          4.72483994       3.78959688      -2.04127403
808    330          4.70645214       3.86106536      -2.13887694
809    330          4.69028995       3.93103942      -2.22343613
810    330          4.65202658       3.91136589      -2.28690631
811    330          4.60932008       3.82689208      -2.30477767
812    330          4.54990572       3.77859475      -2.29202414
813    330          4.47843838       3.78638729      -2.27970018
814    330          4.43630147       3.83118774      -2.30201398
815    330          4.40391471       3.88921164      -2.34308431
816    330          4.35030768       3.93403589      -2.39640423
817    330          4.28694464       3.92399680      -2.46409163
818    330          4.24430128       3.85026864      -2.52461116
819    330          4.23809717       3.74889512      -2.54884758
820    330          4.26764325       3.66889191      -2.53746270
821    330          4.31369017       3.63236666      -2.51744728
822    330          4.34768068       3.63344401      -2.48945063
823    330          4.36518785       3.64648737      -2.45237395
824    330          4.37884887       3.67398540      -2.44348979
825    330          4.37800975       3.71924668      -2.46639550
826    330          4.35245485       3.76132406      -2.50669462
827    330          4.32225825       3.77717205      -2.53793186
828    330          4.32228453       3.76319534      -2.54487311
829    330          4.35166089       3.73928529      -2.50251360
830    330          4.37439038       3.72683066      -2.44981304
831    330          4.36217002       3.72527652      -2.40831005
832    330          4.31262304       3.72213641      -2.38393728
833    330          4.25377564       3.72835550      -2.37369193
834    330          4.22121071       3.73312965      -2.39160304
835    330          4.21577902       3.72774955      -2.43074077
836    330          4.22702337       3.71510894      -2.47639317
837    330          4.25127693       3.71449981      -2.50467189
838    330          4.26129475       3.71776884      -2.51418568
839    330          4.22926262       3.70642631      -2.50189407
840    330          4.17436701       3.66991269      -2.46370767
841    330          4.12309749       3.62747435      -2.38349474
842    330          4.08588991       3.59477303      -2.30505452
843    330          4.09619078       3.59330071      -2.28182594
844    330          4.13176865       3.60579961      -2.32101546
845    330          4.14145434       3.61357194      -2.37398802
846    330          4.11473195       3.59125037      -2.39584540
847    330          4.08262499       3.54173846      -2.35145656
848    330          4.08039735       3.50035182      -2.25995751
849    330          4.08789875       3.46531699      -2.19231632
850    330          4.07379237       3.43838799      -2.19967775
851    330          4.04835440       3.44202440      -2.25319600
852    330          4.01718255       3.48827013      -2.29652019
853    330          3.98348400       3.54518750      -2.31699835
854    330          3.95873550       3.57293903      -2.34268104
855    330          3.96806977       3.56158388      -2.39872207
856    330          4.01689526       3.55869725      -2.46833883
857    330          4.06421635       3.59442898      -2.53231646
858    330          4.06765549       3.64471646      -2.58007711
859    330          4.04457374       3.67083684      -2.63191106
860    330          4.05539559       3.66450615      -2.67179252
861    330          4.11455335       3.62057067      -2.66588626
862    330          4.16263845       3.57664992      -2.61310268
863    330          4.17422814       3.55684241      -2.53134654
864    330          4.18156168       3.55924116      -2.45781478
865    330          4.22264220       3.54802688      -2.43195393
866    330          4.27591016       3.52698347      -2.44704033
867    330          4.32681190       3.51760367      -2.46170455
868    330          4.36836949       3.53816534      -2.45731641
869    330          4.38894088       3.58513254      -2.43455731
870    330          4.38448270       3.61397522      -2.41362485
871    330          4.38407516       3.59873775      -2.40967370
872    330          4.41731539       3.57807170      -2.42249367
873    330          4.45754946       3.59470073      -2.42781975
874    330          4.46428512       3.64657130      -2.39576906
875    330          4.47791002       3.69583914      -2.35262033
876    330          4.52083514       3.71811915      -2.35722061
877    330          4.56509829       3.70681731      -2.40887848
878    330          4.56086701       3.68022944      -2.45620859
879    330          4.49977853       3.66571897      -2.45754762
880    330          4.43678118       3.67226374      -2.43562670
881    330          4.41918617       3.68109075      -2.42663961
882    330          4.41663259       3.69051524      -2.43608368
883    330          4.41545971       3.70935923      -2.46766074
884    330          4.41922125       3.74023900      -2.49128582
885    330          4.44444175       3.77173181      -2.49437776
886    330          4.48710241       3.79527982      -2.50389896
887    330          4.53288006       3.82238796      -2.54107995
888    330          4.54486178       3.84786036      -2.57676365
889    330          4.51654288       3.86130955      -2.57204276
890    330          4.46654434       3.85312916      -2.52483536
891    330          4.43449877       3.82392872      -2.48073719
892    330          4.42784416       3.80987709      -2.50650022
893    330          4.43398373       3.84971521      -2.58999624
894    330          4.42333215       3.92971047      -2.66355353
895    330          4.38211478       3.99551171      -2.68848831
896    330          4.35311714       4.01860333      -2.69481470
897    330          4.35766911       3.99264835      -2.68290713
898    330          4.38474635       3.94848364      -2.64693601
899    330          4.43036117       3.91879694      -2.59701336
900    330          4.49655227       3.92125627      -2.53037144
901    330          4.55342880       3.96450230      -2.47755540
902    330          4.56916140       4.06701456      -2.47320828
903    330          4.54405537       4.17808664      -2.51026876
904    330          4.48976732       4.26222151      -2.53046613
905    330          4.45851471       4.29030194      -2.48873473
906    330          4.48770106       4.27288770      -2.40045086
907    330          4.53294621       4.21942460      -2.33532245
908    330          4.56193366       4.16762434      -2.28972023
909    330          4.55150497       4.17203965      -2.25407431
910    330          4.51917593       4.24565592      -2.20932679
911    330          4.49642936       4.33063438      -2.18140059
912    330          4.49750400       4.39324259      -2.18639110
913    330          4.52251436       4.40441481      -2.19766926
914    330          4.56640171       4.36699156      -2.14927073
915    330          4.63237480       4.30345318      -2.04583091
916    330          4.72164705       4.23304036      -1.92403511
917    330          4.81185270       4.16016630      -1.83272904
918    330          4.88145872       4.10673734      -1.78813516
919    330          4.92470737       4.10631093      -1.80128738
920    330          4.94316080       4.15704268      -1.83349560
921    330          4.95103565       4.21521407      -1.86298507
922    330          4.97629201       4.23389891      -1.87562379
923    330          5.03199046       4.19652504      -1.87384557
924    330          5.09407430       4.13293811      -1.86762541
925    330          5.15295400       4.06485168      -1.88162617
926    330          5.19549721       4.03276585      -1.92046364
927    330          5.20801325       4.05803664      -1.97499333
928    330          5.18167248       4.13290252      -2.02661980
929    330          5.12155212       4.20503860      -2.06494756
930    330          5.03555629       4.26769183      -2.10416426
931    330          4.95088879       4.32264448      -2.17433881
932    330          4.90122007       4.36061966      -2.25641767
933    330          4.87477971       4.38141861      -2.29405255
934    330          4.84483744       4.38544214      -2.27069371
935    330          4.79227468       4.39258865      -2.24152701
936    330          4.72642059       4.42704222      -2.22754160
937    330          4.68381024       4.46544235      -2.21587224
938    330          4.70605594       4.48778171      -2.20662032
939    330          4.79676244       4.49050531      -2.19128864
940    330          4.90804840       4.49967086      -2.17682849
941    330          5.01122958       4.50950000      -2.18312567
942    330          5.08678599       4.49621957      -2.18890743
943    330          5.13168069       4.44791188      -2.15935547
944    330          5.15953045       4.39163127      -2.10139478
945    330          5.18194847       4.34909803      -2.03946573
946    330          5.21152925       4.35310634      -1.98922236
947    330          5.22960116       4.39839624      -1.94604056
948    330          5.21532193       4.45353792      -1.91659449
949    330          5.20956897       4.49187025      -1.92288817
950    330          5.25790434       4.49241167      -1.97385874
951    330          5.34518753       4.44147697      -2.05525142
952    330          5.41219129       4.36422792      -2.14475313
953    330          5.43457879       4.29744028      -2.22090080
954    330          5.43611460       4.27911280      -2.25923933
955    330          5.43749024       4.28640734      -2.25036588
956    330          5.44665585       4.28619889      -2.21050606
957    330          5.48542100       4.27006197      -2.15597950
958    330          5.55103026       4.25575887      -2.11131611
959    330          5.62302364       4.26558509      -2.07023163
960    330          5.67667447       4.29918462      -2.01002978
961    330          5.69272188       4.35202450      -1.93419680
962    330          5.67336451       4.40194657      -1.86073521
963    330          5.64061443       4.44259370      -1.79927015
964    330          5.60689369       4.48373916      -1.77771615
965    330          5.58984084       4.54042692      -1.80790658
966    330          5.57297841       4.58212223      -1.84849626
967    330          5.56904622       4.60084366      -1.88243702
968    330          5.58436485       4.61359548      -1.92385647
969    330          5.60318362       4.67411487      -1.96080590
970    330          5.60572941       4.76700179      -1.98548613
971    330          5.60696057       4.86712754      -2.00670542
972    330          5.60227801       4.92212646      -2.02781339
973    330          5.59664354       4.91755844      -2.04324747
974    330          5.60437536       4.88592719      -2.04723928
975    330          5.64207195       4.87258616      -2.04539288
976    330          5.70757568       4.89013194      -2.06323015
977    330          5.79458667       4.89594957      -2.11010464
978    330          5.88690614       4.89367797      -2.16394362
979    330          5.94924704       4.90865465      -2.19928506
980    330          5.95703135       4.94865467      -2.20860830
981    330          5.90785107       4.96379663      -2.19019077
982    330          5.80837705       4.93262448      -2.17420437
983    330          5.72672177       4.87949038      -2.16587775
984    330          5.71438705       4.85872826      -2.16224908
985    330          5.75235119       4.87217006      -2.15067859
986    330          5.77141087       4.88614793      -2.11757384
987    330          5.74966140       4.85411839      -2.06625507
988    330          5.72156227       4.77933991      -2.06012379
989    330          5.70323526       4.70082643      -2.12559853
990    330          5.68329053       4.68285369      -2.21632069
991    330          5.65404650       4.73637680      -2.25387185
992    330          5.64664610       4.78519274      -2.23718538
993    330          5.67288269       4.75143089      -2.20684012
994    330          5.71788707       4.64171102      -2.18026446
995    330          5.72737902       4.53233555      -2.14020772
996    330          5.73197883       4.48017243      -2.07178455
997    330          5.75404508       4.48357751      -2.00416722
998    330          5.79294771       4.48677749      -1.98677588
999    330          5.83925728       4.44567944      -2.03039937
