1            0.00000000       0.00000000       0.00000000       0.00000000
2            0.00274963       0.00001022       0.00242766       0.00031176
3            0.00932076       0.00014368       0.00487801       0.00429906
4            0.01779638       0.00077230       0.00339411       0.01362998
5            0.02539501       0.00166243       0.00175976       0.02197281
6            0.03206557       0.00407355       0.00339028       0.02460174
7            0.03663272       0.00628402       0.01347778       0.01687092
8            0.04654088       0.00483274       0.03648793       0.00522020
9            0.06415630       0.00172900       0.06169647       0.00073083
10           0.07940230       0.00003059       0.07920778       0.00016393
11           0.08766965       0.00383286       0.08382962       0.00000717
12           0.09219253       0.01813984       0.07252032       0.00153237
13           0.10644560       0.03725041       0.06031518       0.00888001
14           0.13356521       0.06027706       0.05494299       0.01834516
15           0.17534560       0.09200108       0.05664681       0.02669771
16           0.22242572       0.13656666       0.05302687       0.03283220
17           0.27515507       0.17987991       0.04858722       0.04668793
18           0.31781358       0.20902581       0.04371225       0.06507552
19           0.34897997       0.22701281       0.03501917       0.08694799
20           0.38914301       0.25336761       0.02753397       0.10824143
21           0.44337702       0.28792223       0.02802208       0.12743271
22           0.50555180       0.31576572       0.04061040       0.14917568
23           0.57596183       0.32741094       0.07038294       0.17816795
24           0.63753288       0.31889812       0.10486940       0.21376537
25           0.67278409       0.29821566       0.11529615       0.25927228
26           0.69827676       0.28591836       0.09750964       0.31484876
27           0.69812148       0.28096321       0.07385928       0.34329899
28           0.66695019       0.26975726       0.05650139       0.34069154
29           0.57395821       0.23502197       0.04064896       0.29828727
30           0.47267844       0.18490510       0.02997842       0.25779492
31           0.39762000       0.14061716       0.02520667       0.23179616
32           0.34820040       0.11987484       0.02075808       0.20756749
33           0.30885409       0.11757094       0.01355893       0.17772422
34           0.25875684       0.11070984       0.00863793       0.13940907
35           0.19758151       0.08916126       0.00645633       0.10196393
36           0.14796656       0.06544119       0.00548486       0.07704051
37           0.12993533       0.05567877       0.00371484       0.07054172
38           0.14039152       0.06356474       0.00206744       0.07475934
39           0.17396160       0.09334699       0.00085729       0.07975732
40           0.21988131       0.14093514       0.00000810       0.07893807
41           0.26212092       0.18914799       0.00061810       0.07235483
42           0.26426369       0.20781404       0.00354739       0.05290226
43           0.23092320       0.19421735       0.00665804       0.03004781
44           0.18703786       0.16800635       0.00872819       0.01030332
45           0.18115833       0.16087939       0.01757522       0.00270372
46           0.25398133       0.21079737       0.04277991       0.00040404
47           0.39235072       0.31478632       0.07754068       0.00002372
48           0.53947052       0.44398374       0.09507478       0.00041199
49           0.63046774       0.54683024       0.08230520       0.00133230
50           0.67768509       0.61469161       0.05955190       0.00344158
51           0.70858695       0.65981462       0.04130558       0.00746675
52           0.71716784       0.66813763       0.03653760       0.01249261
53           0.73011093       0.66472138       0.04909827       0.01629129
54           0.79423231       0.69628633       0.07966991       0.01827608
55           0.89594434       0.75964244       0.11204700       0.02425490
56           0.99631517       0.83370338       0.12373895       0.03887283
57           1.08568055       0.90698351       0.11580989       0.06288715
58           1.14705792       0.95427963       0.09579319       0.09698510
59           1.19128976       0.97964449       0.06985679       0.14178848
60           1.23866380       1.00874108       0.04891406       0.18100866
61           1.30683802       1.07229013       0.04331658       0.19123131
62           1.33948622       1.13827224       0.04804977       0.15316422
63           1.32308693       1.17816944       0.05419246       0.09072503
64           1.24521817       1.15282954       0.04717121       0.04521742
65           1.16459609       1.09592388       0.03472440       0.03394780
66           1.09515313       1.02506679       0.02491974       0.04516660
67           1.03051942       0.94014945       0.01926957       0.07110040
68           0.98698935       0.86488439       0.01569183       0.10641313
69           0.98314638       0.82661451       0.01438129       0.14215058
70           1.02221286       0.81844219       0.01918201       0.18458866
71           1.09752112       0.84792262       0.02904784       0.22055067
72           1.12672471       0.86572918       0.04077635       0.22021919
73           1.06109166       0.82443707       0.04056198       0.19609261
74           0.94723338       0.75101752       0.02345820       0.17275767
75           0.85388300       0.66105578       0.00472355       0.18810367
76           0.82500079       0.57755277       0.00035663       0.24709139
77           0.85088303       0.50536082       0.01541881       0.33010339
78           0.90565113       0.45172937       0.04998701       0.40393475
79           0.96208497       0.40185264       0.08260612       0.47762622
80           0.98356936       0.35577178       0.08083787       0.54695970
81           0.92842858       0.29750826       0.05832829       0.57259203
82           0.83223048       0.24488321       0.03639200       0.55095527
83           0.80798547       0.23052757       0.02852778       0.54893011
84           0.90133678       0.25756488       0.04330159       0.60047030
85           1.07842442       0.30398141       0.08270335       0.69173966
86           1.25367568       0.34251649       0.13119703       0.77996217
87           1.33725060       0.34751525       0.17578426       0.81395109
88           1.40271031       0.34805850       0.22508812       0.82956369
89           1.53619935       0.38725216       0.27761706       0.87133013
90           1.68417024       0.43646572       0.30982840       0.93787613
91           1.77916254       0.48642547       0.28125168       1.01148539
92           1.77692651       0.52559538       0.21104235       1.04028878
93           1.74681516       0.56457368       0.14446749       1.03777400
94           1.79901215       0.60150879       0.11876344       1.07873992
95           1.93021936       0.63101806       0.13525613       1.16394518
96           2.07351096       0.66632127       0.17967275       1.22751695
97           2.13036930       0.69776167       0.20602933       1.22657829
98           2.11305822       0.72084472       0.20678763       1.18542586
99           2.15974973       0.77291944       0.20886519       1.17796511
100          2.24614505       0.82912257       0.22004032       1.19698216
101          2.25955275       0.83405183       0.20865285       1.21684808
102          2.17466950       0.80965480       0.16451249       1.20050222
103          2.30724208       0.88330768       0.15033739       1.27359700
104          2.63044850       1.01496802       0.17170541       1.44377508
105          2.88026139       1.07704991       0.18479192       1.61841956
106          2.96102016       1.08922350       0.18830595       1.68349071
107          3.01457630       1.11254125       0.19327236       1.70876269
108          2.99289828       1.12152010       0.21063049       1.66074769
109          2.83192046       1.06473500       0.24032862       1.52685685
110          2.71636770       1.04161922       0.29162993       1.38311856
111          2.87659843       1.15786948       0.40080297       1.31792597
112          2.94335153       0.66120900       1.17415034       1.10799219
113          3.17421953       0.79986183       1.15160630       1.22275140
114          3.33594922       0.94507938       1.11138065       1.27948919
115          3.43626203       1.05561569       1.09320312       1.28744322
116          3.45886198       1.10747733       1.06154558       1.28983907
117          3.35790167       1.08577671       0.97413931       1.29798565
118          3.23486705       1.05782204       0.89858287       1.27846214
119          3.18516959       1.06064488       0.88146142       1.24306329
120          3.27689231       1.07727824       0.88695616       1.31265791
121          3.45141863       1.09138123       0.88870763       1.47132977
122          3.57605822       1.12830627       0.85661368       1.59113826
123          3.54475501       1.18827295       0.79298690       1.56349516
124          3.36866448       1.21359701       0.68677066       1.46829681
125          3.19953058       1.21909692       0.55971253       1.42072113
126          3.14187960       1.22612629       0.46606723       1.44968607
127          3.14338030       1.27478391       0.40698263       1.46161376
128          3.09948623       1.35220880       0.37571031       1.37156712
129          3.02719897       1.38101294       0.36273642       1.28344961
130          2.94544554       1.32621791       0.36128979       1.25793784
131          2.86712076       1.20881583       0.35139259       1.30691234
132          2.73961750       1.05559510       0.33300802       1.35101438
133          2.56189463       0.89368657       0.29086176       1.37734630
134          2.28980455       0.73424277       0.23946434       1.31609744
135          2.01762332       0.58786233       0.21203336       1.21772763
136          1.77688244       0.44652565       0.20531966       1.12503712
137          1.60307082       0.32397635       0.20475584       1.07433863
138          1.50889213       0.24003937       0.20238565       1.06646710
139          1.46372354       0.19352454       0.18891487       1.08128413
140          1.41541985       0.16660154       0.16216178       1.08665653
141          1.38094222       0.14204789       0.15499226       1.08390208
142          1.38409105       0.11822916       0.17946255       1.08639934
143          1.39989442       0.09041641       0.23815410       1.07132391
144          1.42859919       0.07486236       0.31163531       1.04210152
145          1.45016235       0.06779837       0.38491874       0.99744523
146          1.49789066       0.07194348       0.43444364       0.99150354
147          1.53981246       0.08738543       0.45964508       0.99278195
148          1.58809782       0.11492695       0.45836652       1.01480435
149          1.61874188       0.13681397       0.43007339       1.05185452
150          1.60990962       0.14416742       0.38077650       1.08496570
151          1.61612908       0.15095933       0.35628860       1.10888115
152          1.63146996       0.17387431       0.34030812       1.11728754
153          1.65956599       0.21682738       0.33332696       1.10941165
154          1.68491205       0.26133892       0.34491707       1.07865606
155          1.72134869       0.31086412       0.35100177       1.05948280
156          1.74999559       0.37158959       0.32020041       1.05820558
157          1.71797584       0.40083286       0.24702797       1.07011502
158          1.70087940       0.38509783       0.18410481       1.13167676
159          1.67420843       0.35871364       0.13932041       1.17617439
160          1.68782504       0.32717057       0.10127560       1.25937887
161          1.78370624       0.30792470       0.08613534       1.38964620
162          1.88820660       0.28765505       0.08613578       1.51441576
163          1.95489864       0.28695979       0.07997840       1.58796046
164          1.98079512       0.30618766       0.06553789       1.60906957
165          1.97152465       0.33969563       0.05311657       1.57871244
166          1.90805794       0.37164084       0.04956889       1.48684822
167          1.84477134       0.40221487       0.04698920       1.39556727
168          1.76157427       0.42805818       0.03242667       1.30108943
169          1.66930726       0.43000574       0.02132483       1.21797669
170          1.62764646       0.40982422       0.02041278       1.19740946
171          1.61080804       0.35403918       0.02502158       1.23174727
172          1.61820224       0.30594084       0.03405606       1.27820535
173          1.64235261       0.29810130       0.05660178       1.28764953
174          1.68790865       0.33866711       0.08581330       1.26342824
175          1.74220425       0.40034862       0.09804385       1.24381178
176          1.80632662       0.44971243       0.08881473       1.26779946
177          1.89602491       0.48055897       0.08076048       1.33470545
178          2.02574404       0.51136860       0.08633192       1.42804352
179          2.13663358       0.52160332       0.09073599       1.52429427
180          2.21544028       0.55997341       0.08684561       1.56862126
181          2.35083907       0.65956971       0.09794977       1.59331959
182          2.57394641       0.79329674       0.13667697       1.64397270
183          2.75250514       0.90286398       0.16603972       1.68360144
184          2.76061862       0.95520251       0.15659663       1.64881948
185          2.67528760       0.97040960       0.13633152       1.56854649
186          2.63165763       0.99971864       0.13726291       1.49467608
187          2.64947503       1.06354801       0.15555066       1.43037636
188          2.61168586       1.10726994       0.17095556       1.33346036
189          2.54887198       1.10326840       0.18553847       1.26006511
190          2.55275191       1.07199487       0.22672218       1.25403486
191          2.69081315       1.05498821       0.31002019       1.32580475
192          2.81484856       1.05670610       0.40151816       1.35662430
193          2.88939190       1.08175133       0.49359023       1.31405034
194          2.95350702       1.16108105       0.57494132       1.21748465
195          2.98611076       1.23112153       0.64596389       1.10902534
196          2.94988747       1.21732734       0.69602175       1.03653838
197          2.88053611       1.16423722       0.72996647       0.98633242
198          2.82901300       1.11768197       0.74729680       0.96403423
199          2.78944592       1.08294757       0.74849262       0.95800573
200          2.74661305       1.02820861       0.73650523       0.98189920
201          2.68313588       0.95029764       0.73690121       0.99593704
202          2.58975028       0.82625958       0.77632634       0.98716435
203          2.44900265       0.68147320       0.83116795       0.93636150
204          2.32553986       0.56570700       0.88424550       0.87558736
205          2.26521036       0.49557807       0.94943946       0.82019283
206          2.34978696       0.46237343       1.07188918       0.81552435
207          2.59219129       0.43095108       1.25718968       0.90405053
208          2.92998293       0.39363498       1.49012521       1.04622274
209          3.28652146       0.37215983       1.74882018       1.16554145
210          3.57608749       0.38570293       1.97948315       1.21090142
211          3.73395256       0.41372982       2.08399499       1.23622775
212          3.78336970       0.45552083       2.04120203       1.28664683
213          3.84676497       0.51495401       1.97169044       1.36012052
214          3.91670923       0.58826662       1.90461487       1.42382774
215          3.99275246       0.67829634       1.80605509       1.50840103
216          4.09234220       0.78333340       1.72602483       1.58298397
217          4.23134884       0.91673526       1.71758662       1.59702696
218          4.50680942       1.07671777       1.84104222       1.58904943
219          4.85787548       1.24647047       2.05093513       1.56046988
220          5.22998133       1.41546623       2.25340914       1.56110596
221          5.50710447       1.55834377       2.36748010       1.58128060
222          5.61521037       1.61449274       2.39500924       1.60570838
223          5.56052840       1.60390518       2.37497713       1.58164610
224          5.49644380       1.62681918       2.33173554       1.53788908
225          5.47200832       1.66376369       2.31431818       1.49392645
226          5.56263565       1.67754213       2.42563156       1.45946195
227          5.68998046       1.67661935       2.64077629       1.37258482
228          5.82518657       1.73799784       2.81826193       1.26892680
229          6.00590513       1.88814770       2.93102960       1.18672782
230          6.35035037       2.09452159       3.11498613       1.14084265
231          6.71797614       2.25878602       3.36623263       1.09295749
232          6.92557265       2.30921978       3.58026322       1.03608965
233          6.98965548       2.31845903       3.70057668       0.97061977
234          7.00409939       2.34005561       3.76064216       0.90340162
235          6.98884517       2.36732886       3.80683250       0.81468382
236          7.06660034       2.44089034       3.90379757       0.72191243
237          7.29135826       2.56422862       4.06266021       0.66446942
238          7.59498915       2.67260302       4.29550251       0.62688363
239          7.91179500       2.77639829       4.53801930       0.59737741
240          8.23517253       2.94463026       4.73263426       0.55790801
241          8.57868818       3.16026255       4.92845950       0.48996613
242          8.96858062       3.34885366       5.20722219       0.41250477
243          9.35995447       3.45038460       5.52846050       0.38110937
244          9.66956383       3.47536811       5.79366363       0.40053208
245          9.92979375       3.43773301       6.06750622       0.42455452
246         10.11259265       3.38721892       6.30357753       0.42179620
247         10.25472730       3.39818782       6.44941518       0.40712430
248         10.41611824       3.50722500       6.53838662       0.37050662
249         10.60059448       3.70077647       6.59203674       0.30778127
250         10.79355867       3.90918650       6.63757865       0.24679352
251         11.01763180       4.15244674       6.65519762       0.20998744
252         11.33532766       4.42484199       6.72543611       0.18504956
253         11.50747400       4.63037588       6.73297884       0.14411928
254         11.45131763       4.72020579       6.63684045       0.09427139
255         11.22021931       4.68184176       6.47906050       0.05931705
256         10.93381297       4.56279654       6.32791739       0.04309904
257         10.70432569       4.46381419       6.20845766       0.03205384
258         10.45877086       4.37576317       6.05767945       0.02532825
259         10.19964811       4.30139138       5.87863914       0.01961759
260          9.95057496       4.23975213       5.69830160       0.01252123
261          9.89816861       4.26418225       5.62817163       0.00581472
262         10.02444514       4.44057071       5.58090914       0.00296529
263         10.06017667       4.64554142       5.41208355       0.00255170
264          9.83628692       4.69316331       5.13869597       0.00442764
265          9.46622841       4.57429169       4.88016964       0.01176708
266          9.06248956       4.36701427       4.67305839       0.02241690
267          8.55516826       4.04406280       4.48726068       0.02384477
268          7.96992669       3.62924217       4.32745837       0.01322615
269          7.42695606       3.18089561       4.23962451       0.00643593
270          7.04391328       2.83419390       4.20054731       0.00917207
271          6.84306837       2.62267252       4.20045558       0.01994027
272          6.94330417       2.59904852       4.31756007       0.02669559
273          7.27269620       2.75058673       4.50018598       0.02192349
274          7.52617655       2.87248547       4.64024969       0.01344139
275          7.46012660       2.85528480       4.59550757       0.00933423
276          7.06240652       2.73749212       4.31009035       0.01482404
277          6.47750427       2.53412243       3.90414995       0.03923189
278          5.95940691       2.26538459       3.60677498       0.08724734
279          5.69616952       2.05932912       3.48598041       0.15085999
280          5.64176398       1.92559559       3.48119923       0.23496916
281          5.64110960       1.84172264       3.48266138       0.31672558
282          5.63697625       1.80525126       3.46120529       0.37051970
283          5.66293112       1.80942661       3.47677560       0.37672891
284          5.63918962       1.77075475       3.52388956       0.34454531
285          5.57399193       1.68112392       3.57716526       0.31570275
286          5.48544596       1.50720825       3.67343874       0.30479897
287          5.36448950       1.26666575       3.76913973       0.32868402
288          5.22132159       1.03505466       3.79066418       0.39560275
289          5.14341138       0.87129627       3.80214936       0.46996575
290          5.11051863       0.76083037       3.84301019       0.50667806
291          5.14246371       0.67680933       3.91492432       0.55073006
292          5.18758028       0.62622696       3.93188634       0.62946698
293          5.24781683       0.62249032       3.89713390       0.72819260
294          5.42801749       0.69104205       3.89123767       0.84573777
295          5.78842219       0.81404113       3.97216037       1.00222069
296          6.11944532       0.91167088       4.03155981       1.17621463
297          6.06608747       0.86567434       3.84171176       1.35870136
298          5.70246812       0.72365105       3.47130493       1.50751214
299          5.43239377       0.62332481       3.17777075       1.63129821
300          5.40626709       0.63187549       3.03936054       1.73503107
301          5.50781741       0.70773106       2.97475898       1.82532737
302          5.61616012       0.79839700       2.91505297       1.90271015
303          5.62703114       0.87850941       2.79903925       1.94948248
304          5.51346413       0.92674029       2.59474652       1.99197733
305          5.26664399       0.91078318       2.31032810       2.04553271
306          4.98775667       0.80984798       2.01884180       2.15906689
307          4.80096443       0.70248003       1.81616349       2.28232090
308          4.62273611       0.61603913       1.70212154       2.30457545
309          4.40339178       0.57568780       1.65273967       2.17496431
310          4.23617988       0.56180661       1.63608954       2.03828372
311          4.11631417       0.56090996       1.65485087       1.90055335
312          4.03156599       0.53906158       1.68755312       1.80495130
313          3.99683336       0.49128847       1.73291744       1.77262745
314          4.03079717       0.45179483       1.75260315       1.82639918
315          4.00219577       0.41913612       1.70092556       1.88213408
316          3.89721804       0.37174253       1.59303848       1.93243703
317          3.97435419       0.36609382       1.55670266       2.05155771
318          4.14940065       0.37787870       1.60860676       2.16291519
319          4.25008108       0.37703869       1.67387637       2.19916603
320          4.23623799       0.38660840       1.70742428       2.14220531
321          4.11400286       0.40522754       1.70160394       2.00717138
322          3.98799769       0.40401187       1.67959060       1.90439523
323          3.99591172       0.40562775       1.64649217       1.94379180
324          4.15144695       0.43550371       1.63838815       2.07755509
325          4.36319157       0.48224518       1.66194403       2.21900236
326          4.58700519       0.53209166       1.75776929       2.29714424
327          4.75766942       0.56976993       1.88439092       2.30350857
328          4.81213242       0.59638690       1.98339404       2.23235148
329          4.76628238       0.59036509       2.02141179       2.15450550
330          4.69904581       0.55885343       2.01614594       2.12404644
331          4.60020292       0.53276582       1.95385815       2.11357896
332          4.46400510       0.53350194       1.84122285       2.08928032
333          4.33409287       0.53666363       1.70602103       2.09140822
334          4.29692255       0.51237635       1.57071895       2.21382725
335          4.32701631       0.45785988       1.45612233       2.41303410
336          4.42613872       0.42840151       1.39900373       2.59873348
337          4.54806357       0.44695866       1.40855968       2.69254523
338          4.54302802       0.48033880       1.39805985       2.66462937
339          4.49510177       0.51666492       1.39615817       2.58227869
340          4.42800931       0.55045484       1.36296098       2.51459348
341          4.35513486       0.55905273       1.30267870       2.49340342
342          4.24222238       0.54640248       1.17717079       2.51864911
343          4.17167125       0.54036140       1.03121226       2.60009759
344          4.17782091       0.56279903       0.88544095       2.72958092
345          4.24350481       0.60747251       0.80180352       2.83422878
346          4.28197035       0.62980872       0.81890520       2.83325643
347          4.24470836       0.62465034       0.90392942       2.71612859
348          4.14601660       0.60811736       0.98208869       2.55581055
349          4.07648496       0.58200127       1.00277206       2.49171163
350          4.04441198       0.52260935       0.98479528       2.53700735
351          3.95239959       0.44363464       0.91765510       2.59110985
352          3.85757288       0.39885491       0.89686573       2.56185224
353          3.87454239       0.42645864       0.92191116       2.52617259
354          4.06394966       0.48894419       0.99785325       2.57715222
355          4.21829461       0.52489979       1.06013707       2.63325775
356          4.20163806       0.53140742       1.06671166       2.60351898
357          4.07578264       0.56573752       1.04483372       2.46521140
358          4.00809289       0.63742894       1.03114989       2.33951406
359          4.00630686       0.69661460       1.02006423       2.28962804
360          4.08300164       0.71443519       1.01549577       2.35307068
361          4.22000341       0.71159511       1.04227070       2.46613760
362          4.27227488       0.73502435       1.01490846       2.52234208
363          4.14278486       0.73679861       0.93546700       2.47051925
364          3.99366227       0.72316677       0.86756581       2.40292968
365          3.97930797       0.70179328       0.88181787       2.39569682
366          3.94711111       0.66629137       0.92408985       2.35672989
367          3.85849781       0.61934972       0.97008350       2.26906459
368          3.75564325       0.56441348       1.00550999       2.18571978
369          3.71966135       0.50665978       1.04532797       2.16767359
370          3.71016137       0.46613112       1.09136629       2.15266396
371          3.74818889       0.43810716       1.14591495       2.16416678
372          3.73546424       0.39494826       1.15501917       2.18549681
373          3.63885930       0.34656957       1.10794714       2.18434259
374          3.54538223       0.30357885       1.06189154       2.17991184
375          3.49581346       0.26042428       1.04534691       2.19004227
376          3.51589041       0.21052202       1.06111751       2.24425088
377          3.54509262       0.16866883       1.07067784       2.30574595
378          3.57611758       0.15100740       1.06558086       2.35952932
379          3.61981089       0.15673062       1.05047902       2.41260125
380          3.70948855       0.16062674       1.01745763       2.53140418
381          3.78612057       0.15907304       0.93141699       2.69563054
382          3.82698028       0.17845120       0.85111173       2.79741735
383          3.81923202       0.20754178       0.75777157       2.85391866
384          3.75368775       0.21389383       0.67211010       2.86768383
385          3.70381685       0.19169068       0.61160862       2.90051756
386          3.74135164       0.16571566       0.55965282       3.01598316
387          3.79747683       0.14874703       0.49927002       3.14945978
388          3.73503771       0.13819435       0.42472071       3.17212265
389          3.63880311       0.14399107       0.37582391       3.11898813
390          3.63005759       0.16534446       0.37604115       3.08867198
391          3.69682169       0.19239679       0.40240707       3.10201784
392          3.79642971       0.22762355       0.42634984       3.14245632
393          3.86711955       0.26753157       0.43316818       3.16641981
394          3.89961019       0.30927939       0.44128987       3.14904094
395          3.92852673       0.35381584       0.47049497       3.10421592
396          3.86414214       0.37398228       0.49317666       2.99698319
397          3.63720760       0.36258595       0.49752696       2.77709470
398          3.34481317       0.32928803       0.51331400       2.50221114
399          3.22340012       0.29871109       0.57555251       2.34913652
400          3.28620821       0.27626612       0.67925325       2.33068883
401          3.32213255       0.25935830       0.75135574       2.31141851
402          3.23685710       0.25712599       0.73846651       2.24126461
403          3.09757209       0.27870841       0.68446275       2.13440094
404          3.02130168       0.32896289       0.61499301       2.07734578
405          2.89982597       0.36771451       0.51754924       2.01456223
406          2.73513081       0.37060319       0.42892415       1.93560347
407          2.61753644       0.35722174       0.39599697       1.86431773
408          2.60849311       0.36147294       0.41615187       1.83086830
409          2.64089351       0.36454037       0.45879009       1.81756305
410          2.54945898       0.33540399       0.46958261       1.74447238
411          2.34718639       0.27196915       0.44920150       1.62601573
412          2.10534549       0.19585952       0.41813403       1.49135193
413          1.94621348       0.12993272       0.40632970       1.40995106
414          1.91942062       0.09105939       0.40922566       1.41913558
415          2.00392981       0.07343959       0.42839503       1.50209519
416          2.10659307       0.05790568       0.45591373       1.59277366
417          2.09410398       0.04061214       0.46935251       1.58413933
418          1.97743205       0.02401125       0.47267865       1.48074215
419          1.83397510       0.01154222       0.49068469       1.33174820
420          1.75013696       0.00680378       0.51510604       1.22822715
421          1.76109442       0.00562122       0.52733125       1.22814195
422          1.82346310       0.00269321       0.50736670       1.31340319
423          1.92442324       0.00004206       0.49419351       1.43018767
424          2.04797035       0.00713732       0.54841615       1.49241687
425          2.18577722       0.02341603       0.67557728       1.48678391
426          2.34051720       0.03850439       0.82138759       1.48062521
427          2.46862966       0.05281214       0.88639167       1.52942585
428          2.51761627       0.06720906       0.83198643       1.61842078
429          2.52499432       0.08069006       0.72251258       1.72179168
430          2.48824341       0.08034277       0.64011997       1.76778066
431          2.47856127       0.06233106       0.62511482       1.79111538
432          2.47592044       0.03891755       0.68466998       1.75233291
433          2.48104551       0.02187184       0.80447948       1.65469419
434          2.50454882       0.01040194       0.95604538       1.53810150
435          2.53235312       0.00243517       1.09717478       1.43274317
436          2.53575456       0.00036775       1.19051425       1.34487257
437          2.53674384       0.01181641       1.27350119       1.25142624
438          2.57340149       0.04177414       1.36736946       1.16425790
439          2.59578915       0.07131952       1.40746170       1.11700793
440          2.54475373       0.08939981       1.33850373       1.11685019
441          2.41552795       0.11035482       1.19558785       1.10958528
442          2.32674628       0.14442160       1.09132839       1.09099629
443          2.31628056       0.19470588       1.10632952       1.01524517
444          2.33289214       0.26106074       1.20234400       0.86948740
445          2.35773648       0.34022099       1.31446624       0.70304925
446          2.32105893       0.38844226       1.33114502       0.60147166
447          2.20524707       0.37807278       1.22948352       0.59769077
448          2.08872586       0.37619530       1.06689695       0.64563361
449          2.02140707       0.40928480       0.93518955       0.67693272
450          1.95931200       0.43894607       0.87424944       0.64611650
451          1.84884726       0.44904759       0.82165128       0.57814839
452          1.74130770       0.46838829       0.75167338       0.52124604
453          1.74801629       0.53050574       0.70651768       0.51099287
454          1.91502321       0.65903160       0.72949289       0.52649873
455          2.14200805       0.78970300       0.79172019       0.56058486
456          2.29473800       0.84010603       0.82855859       0.62607338
457          2.30896864       0.80077859       0.80586317       0.70232688
458          2.29403374       0.74637451       0.79384746       0.75381177
459          2.30885943       0.70613866       0.80910493       0.79361584
460          2.28555349       0.65350545       0.83168437       0.80036366
461          2.21846855       0.61449623       0.84528897       0.75868335
462          2.19995270       0.61081507       0.90358251       0.68555512
463          2.20977334       0.63488140       0.97550629       0.59938566
464          2.22160221       0.66115103       1.06288341       0.49756777
465          2.23028987       0.68604456       1.14492868       0.39931663
466          2.29768258       0.69879919       1.26736426       0.33151912
467          2.38433439       0.69490280       1.36301929       0.32641230
468          2.47505630       0.65954479       1.48233433       0.33317718
469          2.51558956       0.62237810       1.59351848       0.29969297
470          2.44556999       0.59840063       1.62033459       0.22683477
471          2.37039306       0.59743748       1.62716141       0.14579417
472          2.39873898       0.62596943       1.69463364       0.07813590
473          2.48844454       0.63087432       1.82059775       0.03697247
474          2.58183884       0.59190242       1.97046771       0.01946871
475          2.69288520       0.55652828       2.12282604       0.01353088
476          2.81446690       0.56009285       2.24544510       0.00892896
477          2.92146308       0.58444140       2.33551991       0.00150177
478          2.96120637       0.59269574       2.36464517       0.00386546
479          2.95605198       0.56698606       2.36056140       0.02850451
480          2.89379809       0.51079796       2.33024798       0.05275214
481          2.74890023       0.45026042       2.24758328       0.05105653
482          2.53701603       0.37858991       2.12251454       0.03591158
483          2.29941964       0.30979475       1.96646338       0.02316150
484          2.15165721       0.27753534       1.85566749       0.01845438
485          2.11426376       0.28447752       1.80766191       0.02212433
486          2.12273395       0.30825944       1.77465599       0.03981851
487          2.13096671       0.32357039       1.74045732       0.06693900
488          2.12746818       0.34453238       1.70209547       0.08084032
489          2.16113626       0.40552032       1.67253690       0.08307905
490          2.21767738       0.46754671       1.67042470       0.07970598
491          2.22230255       0.54014806       1.61216742       0.06998706
492          2.18562725       0.66572935       1.48017289       0.03972501
493          2.15427614       0.81898625       1.32185730       0.01343259
494          2.14504615       0.95781503       1.18423961       0.00299151
495          2.13113778       1.06294269       1.06735877       0.00083631
496          2.14880434       1.13753848       1.00954943       0.00171643
497          2.24123287       1.19383162       1.04403721       0.00336405
498          2.39775910       1.25763909       1.13614002       0.00397999
499          2.49575425       1.36603416       1.12851562       0.00120446
500          2.50439963       1.49207654       1.01230524       0.00001785
501          2.50947400       1.61404043       0.89332187       0.00211169
502          2.54856738       1.69218918       0.85101166       0.00536655
503          2.62602414       1.73258754       0.88630993       0.00712668
504          2.70556457       1.76469691       0.93312824       0.00773943
505          2.73560938       1.79048814       0.93940067       0.00572057
506          2.70934683       1.78845102       0.91881114       0.00208466
507          2.63894144       1.73506595       0.90348394       0.00039156
508          2.58338731       1.68112099       0.90225140       0.00001492
509          2.59329432       1.67937252       0.91257325       0.00134855
510          2.66508108       1.76300119       0.89881236       0.00326754
511          2.66983204       1.85120850       0.81569188       0.00293167
512          2.56771492       1.88887063       0.67703084       0.00181344
513          2.40366199       1.82127457       0.57862988       0.00375754
514          2.26185472       1.69925415       0.55223454       0.01036602
515          2.17838012       1.57044823       0.58912454       0.01880734
516          2.18207431       1.54951930       0.61581426       0.01674075
517          2.24976349       1.62056370       0.61865014       0.01054965
518          2.25289065       1.68508352       0.56338808       0.00441905
519          2.14120731       1.67554618       0.46354439       0.00211675
520          1.98817471       1.61613057       0.36965082       0.00239333
521          1.92880230       1.62224597       0.30353358       0.00302275
522          1.94170720       1.68668083       0.25258759       0.00243877
523          1.90136441       1.69961085       0.20113688       0.00061668
524          1.74744451       1.60751744       0.13991851       0.00000856
525          1.56539765       1.48404649       0.08122921       0.00012194
526          1.46044247       1.41736866       0.04216819       0.00090563
527          1.48783907       1.46068696       0.02248637       0.00466574
528          1.56766295       1.53482816       0.01980971       0.01302507
529          1.58768206       1.54613038       0.02262887       0.01892282
530          1.56202070       1.51494835       0.02438944       0.02268291
531          1.55020073       1.50455413       0.01668825       0.02895834
532          1.57220372       1.53392798       0.00510345       0.03317229
533          1.57857287       1.53930612       0.00001655       0.03925020
534          1.55300726       1.50220059       0.00735570       0.04345096
535          1.53317588       1.45851743       0.02512733       0.04953111
536          1.58015137       1.48485981       0.04259624       0.05269532
537          1.66624480       1.57009471       0.05096649       0.04518361
538          1.69441789       1.60894323       0.04685306       0.03862160
539          1.64655550       1.56749376       0.04383933       0.03522241
540          1.59962853       1.51909221       0.04485582       0.03568049
541          1.59149798       1.49875858       0.05939947       0.03333993
542          1.61679004       1.49054920       0.09315292       0.03308792
543          1.65481199       1.48257002       0.14030495       0.03193702
544          1.79734418       1.56521996       0.20225034       0.02987387
545          2.00077623       1.72081990       0.25589019       0.02406615
546          2.17952088       1.85447249       0.30737483       0.01767356
547          2.29536546       1.90978315       0.37050893       0.01507338
548          2.40466635       1.94785751       0.44262076       0.01418808
549          2.49087165       1.98224028       0.49296126       0.01567012
550          2.45898539       1.93258394       0.50869291       0.01770854
551          2.35622025       1.82870055       0.50815193       0.01936777
552          2.32309626       1.77035117       0.53171795       0.02102714
553          2.46400333       1.82496210       0.61600371       0.02303752
554          2.74676446       1.99973775       0.72681243       0.02021428
555          3.06772554       2.21005080       0.84086622       0.01680852
556          3.24618515       2.28483851       0.94508832       0.01625832
557          3.32910993       2.26885796       1.03644712       0.02380485
558          3.35827924       2.25203011       1.07106413       0.03518500
559          3.33752367       2.25457375       1.03350283       0.04944709
560          3.24764201       2.18969649       0.98559648       0.07234903
561          3.14187330       2.07531721       0.96592120       0.10063490
562          3.06593533       1.97486843       0.96391804       0.12714885
563          3.06772958       1.98127732       0.95695819       0.12949407
564          3.16650614       2.08174017       0.94949042       0.13527555
565          3.26523634       2.21451637       0.93204609       0.11867388
566          3.19943179       2.19267325       0.90346401       0.10329453
567          3.24617290       2.21098313       0.94376035       0.09142941
568          3.51727191       2.36637710       1.07008118       0.08081363
569          3.82994019       2.50044147       1.25660255       0.07289617
570          4.05671710       2.56854812       1.41198025       0.07618874
571          4.09209892       2.57119695       1.42573589       0.09516607
572          4.05847701       2.57050881       1.36091018       0.12705802
573          3.94067983       2.54122281       1.24240010       0.15705692
574          3.73748796       2.45022961       1.10075792       0.18650043
575          3.56811403       2.35452161       0.99818602       0.21540640
576          3.55159717       2.32589527       0.98417588       0.24152602
577          3.65984263       2.32385057       1.06206591       0.27392614
578          3.74718658       2.30103907       1.13913108       0.30701643
579          3.80644369       2.30137116       1.17555784       0.32951469
580          3.80670495       2.29710435       1.16876383       0.34083678
581          3.87740587       2.32439751       1.19133697       0.36167139
582          4.04311652       2.43047904       1.24833496       0.36430253
583          4.30839396       2.57627263       1.35475078       0.37737055
584          4.54553690       2.66409610       1.46200544       0.41943535
585          4.63068038       2.67519210       1.47996972       0.47551856
586          4.57932873       2.65742352       1.40011362       0.52179159
587          4.53165806       2.67533673       1.30196169       0.55435965
588          4.51831444       2.72135053       1.21468483       0.58227908
589          4.53874483       2.76150144       1.15158780       0.62565559
590          4.65039812       2.83027706       1.16835932       0.65176174
591          4.87734102       2.93686434       1.25655818       0.68391850
592          5.07289926       2.99052103       1.33336179       0.74901644
593          5.06507256       2.93262269       1.29999495       0.83245493
594          4.81393318       2.73728412       1.18189541       0.89475365
595          4.53712753       2.54090684       1.05010295       0.94611774
596          4.48563038       2.46961178       0.96386250       1.05215611
597          4.57664444       2.42321691       0.95018301       1.20324452
598          4.66816201       2.33571935       0.97883008       1.35361258
599          4.71656880       2.22593142       1.00881880       1.48181858
600          4.71603294       2.10090235       1.00365662       1.61147398
601          4.53825884       1.93739928       0.91821479       1.68264477
602          4.12411978       1.76743693       0.79204495       1.56463791
603          3.77908666       1.73121980       0.70687042       1.34099645
604          3.65718742       1.80672586       0.67186201       1.17859955
605          3.61430345       1.83307776       0.58476243       1.19646326
606          3.62336255       1.85463305       0.44345790       1.32527159
607          3.75927970       1.99477653       0.32309974       1.44140343
608          3.93882536       2.15123136       0.27851772       1.50907628
609          3.99555256       2.15524849       0.27929974       1.56100433
610          3.88477178       2.02664041       0.25823250       1.59989887
611          3.67050262       1.86794258       0.20720661       1.59535343
612          3.41358669       1.74953291       0.13310468       1.53094910
613          3.10174221       1.65201552       0.06804582       1.38168087
614          2.77856580       1.56039683       0.02419338       1.19397559
615          2.52150656       1.45075330       0.00213919       1.06861407
616          2.39158083       1.33235546       0.00218059       1.05704478
617          2.40406388       1.21856298       0.00789282       1.17760808
618          2.40937944       1.12220755       0.00711052       1.28006137
619          2.39024037       1.10567414       0.00420892       1.28035731
620          2.43498851       1.24165072       0.00284740       1.19049039
621          2.59697192       1.48411625       0.00293165       1.10992403
622          2.74882202       1.69712588       0.00471319       1.04698295
623          2.84673847       1.80048738       0.01151468       1.03473641
624          2.96620855       1.84517802       0.02306205       1.09796848
625          3.06519529       1.82636886       0.03037533       1.20845110
626          3.12564766       1.73917146       0.03357493       1.35290127
627          3.19297534       1.64159644       0.04363482       1.50774408
628          3.25882721       1.56973002       0.05817465       1.63092255
629          3.31492313       1.55562426       0.07083853       1.68846034
630          3.41674626       1.65833354       0.07831322       1.68009949
631          3.49834921       1.84508136       0.07605467       1.57721317
632          3.57687151       2.01429543       0.07684032       1.48573576
633          3.59495331       2.03756514       0.07273429       1.48465389
634          3.59803865       1.97929924       0.05109351       1.56764590
635          3.60278585       1.95223306       0.03259001       1.61796278
636          3.69781868       2.02800385       0.02917225       1.64064258
637          3.88574117       2.20020250       0.03811351       1.64742516
638          4.02803284       2.36804283       0.04674514       1.61324487
639          4.07471397       2.47285909       0.04848789       1.55336699
640          4.03450521       2.49468170       0.04577564       1.49404787
641          3.93276274       2.43980845       0.04661658       1.44633770
642          3.77600619       2.36229692       0.04601069       1.36769858
643          3.60539376       2.31814529       0.03160129       1.25564718
644          3.46763886       2.29893625       0.01360269       1.15509992
645          3.45617139       2.25996633       0.01066559       1.18553947
646          3.55895729       2.21130711       0.03019801       1.31745216
647          3.77616940       2.24158397       0.07792835       1.45665707
648          3.99212650       2.37785763       0.12379021       1.49047865
649          4.14790904       2.53356399       0.14270503       1.47164002
650          4.13400290       2.55591654       0.13595428       1.44213208
651          3.92884106       2.43320733       0.10298490       1.39264883
652          3.71887158       2.33533854       0.07232588       1.31120715
653          3.61063630       2.33853384       0.06264142       1.20946104
654          3.55611329       2.34267605       0.08187158       1.13156566
655          3.49700334       2.30587065       0.11696960       1.07416310
656          3.50549695       2.32895047       0.15158644       1.02496004
657          3.58438389       2.40918760       0.19598036       0.97921593
658          3.67831128       2.43160414       0.28307332       0.96363382
659          3.73994139       2.40065362       0.38240071       0.95688706
660          3.68679960       2.29691272       0.42662301       0.96326387
661          3.51283753       2.17517704       0.40467135       0.93298914
662          3.25160336       2.05200302       0.33985168       0.85974867
663          2.99033582       1.91288332       0.28324513       0.79420737
664          2.75839577       1.75990200       0.24487562       0.75361815
665          2.58649947       1.65576375       0.23672345       0.69401227
666          2.56739760       1.69750039       0.27152643       0.59837078
667          2.73026772       1.88773533       0.33467087       0.50786151
668          2.96786389       2.14054175       0.39124618       0.43607595
669          3.19985593       2.37275064       0.44088227       0.38622302
670          3.35288514       2.52112440       0.49225216       0.33950858
671          3.35853450       2.54894451       0.49831442       0.31127557
672          3.18545719       2.45622711       0.41764668       0.31158340
673          2.91874124       2.29866843       0.29816768       0.32190513
674          2.73476197       2.19025458       0.21991908       0.32458831
675          2.72591793       2.17921019       0.20963906       0.33706868
676          2.94640386       2.34034645       0.25712857       0.34892884
677          3.37394110       2.67540912       0.33683253       0.36169945
678          3.83292507       3.07202067       0.40863982       0.35226458
679          4.22683472       3.44970452       0.43098394       0.34614626
680          4.44632402       3.69881094       0.36743140       0.38008168
681          4.55198081       3.84801077       0.25836431       0.44560573
682          4.66759340       3.97372896       0.16881769       0.52504675
683          4.82200435       4.10409192       0.12828541       0.58962701
684          4.96036572       4.17501134       0.12466242       0.66069196
685          5.12110463       4.24278370       0.13073769       0.74758324
686          5.26585180       4.35590647       0.11845132       0.79149401
687          5.40499499       4.59582828       0.10246659       0.70670012
688          5.64659779       4.97991448       0.09355537       0.57312794
689          6.17432256       5.55662398       0.10102298       0.51667560
690          6.89821051       6.25538861       0.10588851       0.53693339
691          7.41330936       6.76061101       0.09253867       0.56015968
692          7.53129202       6.91939783       0.06522186       0.54667233
693          7.33709781       6.77134528       0.04525184       0.52050069
694          7.00235831       6.46710162       0.04727766       0.48797903
695          6.58716339       6.08045459       0.06514133       0.44156747
696          6.25969046       5.80846194       0.07993045       0.37129808
697          6.20354072       5.82058607       0.07157295       0.31138170
698          6.43103878       6.10707192       0.05884685       0.26512001
699          6.75520734       6.47919933       0.05454318       0.22146484
700          6.93730770       6.71179229       0.05798083       0.16753458
701          6.90914167       6.74287255       0.05770154       0.10856759
702          6.77669380       6.66744739       0.04943787       0.05980854
703          6.59801639       6.52720589       0.03724879       0.03356170
704          6.39323431       6.34347919       0.02931388       0.02044124
705          6.19383985       6.15463979       0.02374178       0.01545828
706          6.05602705       6.02458444       0.01661124       0.01483138
707          5.94737816       5.92284940       0.01149747       0.01303128
708          5.79376946       5.76690168       0.01404005       0.01282773
709          5.59921385       5.56117747       0.02802026       0.01001612
710          5.38273297       5.34115136       0.03767835       0.00390325
711          5.12286731       5.09148984       0.03118390       0.00019357
712          4.84895897       4.83333322       0.01546655       0.00015920
713          4.66402144       4.65568483       0.00419116       0.00414546
714          4.53805953       4.51894477       0.00027625       0.01883851
715          4.48318363       4.44217453       0.00001842       0.04099069
716          4.51963649       4.45575025       0.00006292       0.06382333
717          4.65974006       4.58195293       0.00018077       0.07760635
718          4.80354745       4.72451357       0.00050142       0.07853245
719          4.94984069       4.86045861       0.00176985       0.08761223
720          5.17535136       5.04605786       0.00595495       0.12333855
721          5.44571216       5.23553258       0.01293548       0.19724409
722          5.65519557       5.33987521       0.01752951       0.29779085
723          5.74805310       5.31373653       0.01833051       0.41598606
724          5.74499843       5.18094796       0.01351364       0.55053683
725          5.68909993       4.97497675       0.00420308       0.70992009
726          5.69125018       4.78716082       0.00001960       0.90406976
727          5.78254365       4.66537860       0.00478876       1.11237629
728          5.93977946       4.67651775       0.00947244       1.25378927
729          6.15784772       4.81753544       0.00881292       1.33149936
730          6.35878298       4.98841008       0.00848488       1.36188802
731          6.38641841       4.99052778       0.01165473       1.38423590
732          6.21155386       4.74706307       0.01709310       1.44739768
733          5.96778259       4.38856805       0.01595837       1.56325617
734          5.83942246       4.11084972       0.01549342       1.71307932
735          5.76569659       3.90481277       0.02240304       1.83848078
736          5.66207156       3.75369871       0.03263441       1.87573845
737          5.45085718       3.62408793       0.03137427       1.79539499
738          5.17727926       3.49793351       0.01662602       1.66271973
739          4.94998572       3.40704760       0.00944009       1.53349804
740          4.82376829       3.40296476       0.01648482       1.40431871
741          4.70214830       3.41165890       0.04004805       1.25044135
742          4.47725333       3.33806833       0.06055854       1.07862646
743          4.18766771       3.20062426       0.06050287       0.92654058
744          3.81456099       2.93462561       0.04329335       0.83664203
745          3.32975943       2.54256843       0.03158938       0.75560161
746          2.93021518       2.19503408       0.02753560       0.70764550
747          2.77548199       2.00409114       0.02806535       0.74332550
748          2.78452312       1.92546606       0.04242655       0.81663051
749          2.93385252       1.96957897       0.09130088       0.87297268
750          3.19395405       2.10072323       0.18680554       0.90642529
751          3.40975806       2.23826204       0.29036064       0.88113539
752          3.47461385       2.33734682       0.34842074       0.78884629
753          3.36689461       2.35879271       0.34619224       0.66190967
754          3.16279663       2.30540947       0.28632627       0.57106089
755          2.90302181       2.16991711       0.19946331       0.53364140
756          2.58697405       1.90203495       0.14178099       0.54315811
757          2.28014720       1.55919140       0.13266095       0.58829484
758          2.13555173       1.31457167       0.15011484       0.67086521
759          2.11675539       1.20244489       0.17660546       0.73770504
760          2.13299399       1.20381760       0.20143344       0.72774294
761          2.17487081       1.31471229       0.21773797       0.64242056
762          2.21231322       1.45796132       0.19664428       0.55770763
763          2.15798196       1.50157019       0.13895833       0.51745345
764          1.99099227       1.40642959       0.08281622       0.50174646
765          1.83536609       1.25229202       0.07632536       0.50674872
766          1.75474301       1.09865584       0.12281803       0.53326914
767          1.79453163       0.99133153       0.17155775       0.63164234
768          1.91962716       0.94628361       0.18192025       0.79142330
769          2.09893278       0.96486317       0.16498073       0.96908888
770          2.23243719       1.01083306       0.15575837       1.06584575
771          2.32065541       1.08121877       0.14913097       1.09030567
772          2.41394516       1.20190281       0.12296064       1.08908172
773          2.46457561       1.32520706       0.08037118       1.05899737
774          2.44858782       1.37377263       0.05158086       1.02323433
775          2.43153972       1.34874393       0.05854978       1.02424601
776          2.38728504       1.23757778       0.09187905       1.05782821
777          2.37309148       1.09171468       0.14941342       1.13196339
778          2.46898520       0.96420284       0.22321199       1.28157037
779          2.60826110       0.90523181       0.27658641       1.42644288
780          2.63545970       0.88421269       0.26194202       1.48930499
781          2.54499315       0.90742485       0.18145584       1.45611246
782          2.50049620       0.97875161       0.09470957       1.42703502
783          2.54155670       1.09784569       0.04463399       1.39907702
784          2.58796116       1.19277867       0.02594505       1.36923745
785          2.61967628       1.20325562       0.02621193       1.39020873
786          2.64970413       1.10940091       0.03564566       1.50465756
787          2.62412022       0.97590881       0.04010491       1.60810650
788          2.59606743       0.89809444       0.03255734       1.66541565
789          2.62416851       0.89625481       0.02263809       1.70527562
790          2.67653036       0.96858250       0.01647607       1.69147179
791          2.71432198       1.11220512       0.00999028       1.59212657
792          2.67458903       1.24550466       0.00328279       1.42580159
793          2.61154121       1.31204885       0.00086660       1.29862576
794          2.60942093       1.32417946       0.00318562       1.28205585
795          2.63070226       1.28588390       0.01331875       1.33149961
796          2.59599355       1.23395002       0.02630886       1.33573467
797          2.51928780       1.20521646       0.02546486       1.28860648
798          2.42139522       1.20919920       0.00912068       1.20307534
799          2.36292499       1.25071996       0.00022494       1.11198008
800          2.35353150       1.33400467       0.01860978       1.00091705
801          2.36366067       1.44489708       0.04973757       0.86902602
802          2.38030203       1.58085663       0.06343589       0.73600952
803          2.38881479       1.70773748       0.04663544       0.63444186
804          2.36308126       1.79777315       0.01856002       0.54674810
805          2.30018666       1.83772643       0.00192985       0.46053038
806          2.30721646       1.89202765       0.00023443       0.41495438
807          2.41659749       1.99625544       0.00023271       0.42010934
808          2.51866022       2.09876156       0.00154465       0.41835400
809          2.55040506       2.13755924       0.01303263       0.39981319
810          2.59686282       2.15195741       0.02206504       0.42284037
811          2.68105033       2.18201747       0.01061753       0.48841534
812          2.84941539       2.24811546       0.00000037       0.60129956
813          3.02358311       2.30603820       0.00837277       0.70917214
814          3.13374470       2.34688318       0.01760755       0.76925396
815          3.23293042       2.42384756       0.01021509       0.79886777
816          3.35340584       2.59753144       0.00008964       0.75578476
817          3.50265604       2.80227972       0.01314167       0.68723465
818          3.65537981       2.92340968       0.03972776       0.69224237
819          3.77065744       2.94060214       0.04605390       0.78400139
820          3.91939466       2.97552461       0.03747333       0.90639673
821          4.04099387       3.04744063       0.02826968       0.96528355
822          4.04963345       3.04006442       0.02469286       0.98487618
823          3.94653166       2.90131193       0.02251510       1.02270463
824          3.83550747       2.75324281       0.02328228       1.05898239
825          3.80196726       2.71613581       0.02874526       1.05708619
826          3.84375327       2.77779479       0.03468811       1.03127037
827          3.83196999       2.76273182       0.03650334       1.03273484
828          3.74284245       2.65717721       0.03776843       1.04789681
829          3.68393272       2.57550144       0.04760943       1.06082185
830          3.82020222       2.63135378       0.07113646       1.11771197
831          4.09510731       2.76138465       0.09289124       1.24083142
832          4.34674357       2.87152383       0.09288383       1.38233591
833          4.46386921       2.92436827       0.07857051       1.46093043
834          4.43475038       2.90354985       0.05953751       1.47166302
835          4.31547575       2.82837317       0.04976482       1.43733776
836          4.19429971       2.75443125       0.05452529       1.38534317
837          4.19704423       2.77308018       0.07437307       1.34959099
838          4.29353178       2.83898917       0.10219557       1.35234704
839          4.41497146       2.91670011       0.12293854       1.37533281
840          4.51613273       2.99218853       0.10790406       1.41604014
841          4.66496366       3.11965302       0.06322862       1.48208202
842          4.84689472       3.28203329       0.02945250       1.53540893
843          4.93014098       3.38443718       0.01808767       1.52761613
844          4.84849601       3.33619339       0.01928227       1.49302035
845          4.56693013       3.19238941       0.02810409       1.34643663
846          4.13889917       3.01795268       0.04292819       1.07801830
847          3.77605039       2.89179619       0.05100090       0.83325330
848          3.52644688       2.80668273       0.04575799       0.67400616
849          3.38137567       2.76527845       0.02747197       0.58862525
850          3.35888465       2.77226656       0.00795308       0.57866501
851          3.41266543       2.77553391       0.00005927       0.63707225
852          3.43835894       2.69281339       0.00607683       0.73946872
853          3.34617189       2.49704566       0.00913737       0.83998886
854          3.21877784       2.29148887       0.00582009       0.92146889
855          3.18488386       2.19166615       0.00122562       0.99199210
856          3.28871493       2.23044867       0.00073796       1.05752830
857          3.49197759       2.34525046       0.00621370       1.14051342
858          3.74314499       2.52379300       0.00696729       1.21238470
859          4.03134901       2.74898443       0.00309817       1.27926641
860          4.28985024       2.93892011       0.00006457       1.35086556
861          4.52343228       3.09025196       0.00643390       1.42674642
862          4.79377884       3.29852287       0.02221627       1.47303970
863          5.12600969       3.62366159       0.04521544       1.45713266
864          5.45777594       3.98180478       0.05943135       1.41653981
865          5.69058469       4.21186522       0.05429352       1.42442595
866          5.80242360       4.28605775       0.04277416       1.47359169
867          5.90735561       4.32680332       0.03314825       1.54740404
868          6.05537930       4.39256752       0.02518972       1.63762206
869          6.19792275       4.49941244       0.02387189       1.67463841
870          6.25726161       4.56651209       0.02816611       1.66258341
871          6.27514656       4.63325349       0.04457182       1.59732125
872          6.26183096       4.71396254       0.07036246       1.47750596
873          6.22135061       4.80535752       0.09379032       1.32220276
874          6.23994713       4.95785248       0.09146404       1.19063060
875          6.30420851       5.11890032       0.07550419       1.10980399
876          6.37669899       5.23492007       0.06409356       1.07768537
877          6.37960366       5.20048171       0.06170581       1.11741614
878          6.19791148       4.92577893       0.06307164       1.20906091
879          5.84821723       4.44179541       0.06649208       1.33992973
880          5.50931825       3.99602159       0.08336493       1.42993173
881          5.28958216       3.77354611       0.11664237       1.39939368
882          5.18140047       3.78639928       0.14582305       1.24917814
883          5.12435327       3.89733068       0.14820629       1.07881630
884          5.01533306       3.84611403       0.13626488       1.03295415
885          4.81143204       3.57247654       0.14455550       1.09440001
886          4.59993289       3.24671485       0.18800324       1.16521481
887          4.46056957       3.05767484       0.24594467       1.15695006
888          4.33795510       2.98360858       0.26039934       1.09394718
889          4.15465487       2.92892929       0.23359366       0.99213192
890          4.03147334       2.90984231       0.19407728       0.92755375
891          3.91444755       2.87620984       0.16894239       0.86929532
892          3.74046899       2.77404541       0.15202258       0.81440100
893          3.59874917       2.65492207       0.14325194       0.80057516
894          3.50763272       2.55478611       0.13606577       0.81678084
895          3.49130640       2.52398771       0.13711174       0.83020695
896          3.58150574       2.57560826       0.15072717       0.85517031
897          3.68371887       2.61411658       0.15943174       0.91017055
898          3.74462438       2.59357909       0.15515014       0.99589514
899          3.80148177       2.57506713       0.16585421       1.06056044
900          3.89545803       2.60507238       0.21194760       1.07843805
901          4.00081947       2.58921324       0.27385552       1.13775071
902          4.04474449       2.46752970       0.31369880       1.26351599
903          4.07604487       2.37061500       0.31777285       1.38765702
904          4.17549712       2.44163357       0.30093343       1.43293012
905          4.33672911       2.57248193       0.29962696       1.46462023
906          4.49152147       2.65820540       0.29953327       1.53378280
907          4.59095946       2.64710996       0.28959202       1.65425747
908          4.67002781       2.62091094       0.25835653       1.79076034
909          4.66746107       2.58786978       0.23108629       1.84850501
910          4.56908307       2.50356326       0.21293461       1.85258521
911          4.44160098       2.34842780       0.19988722       1.89328596
912          4.33025006       2.17093888       0.17589114       1.98342003
913          4.27833145       2.06200008       0.15849534       2.05783604
914          4.28102892       2.00239741       0.16157729       2.11705422
915          4.40908846       1.98265316       0.19266551       2.23376979
916          4.51715783       1.96217912       0.20098164       2.35399708
917          4.50792103       1.93092891       0.15600839       2.42098373
918          4.45731269       1.90319319       0.08892163       2.46519787
919          4.46417093       1.87278097       0.04085227       2.55053769
920          4.40697973       1.79139248       0.01179347       2.60379377
921          4.28842452       1.69572536       0.00074193       2.59195723
922          4.22857526       1.61425052       0.00010381       2.61422093
923          4.34797422       1.60776101       0.00016513       2.74004808
924          4.57809831       1.63419345       0.00080630       2.94309856
925          4.65812141       1.56934117       0.00628483       3.08249541
926          4.52303934       1.37786710       0.01971717       3.12545506
927          4.28942257       1.18339378       0.03770164       3.06832715
928          4.14771284       1.03932803       0.06514999       3.04323482
929          4.13060660       0.97158898       0.08834209       3.07067553
930          4.08424420       0.91720687       0.09558199       3.07145534
931          3.90904724       0.84079545       0.09963937       2.96861242
932          3.71511431       0.78993942       0.08193207       2.84324282
933          3.64737293       0.75834402       0.06098041       2.82804850
934          3.67967844       0.73760443       0.05989575       2.88217826
935          3.66157791       0.69780097       0.07053821       2.89323873
936          3.64319135       0.65718715       0.07592731       2.91007690
937          3.61547465       0.62306234       0.06697449       2.92543782
938          3.51930464       0.58099930       0.04771627       2.89058908
939          3.37152546       0.50830225       0.02605381       2.83716940
940          3.24436931       0.43268299       0.00792891       2.80375742
941          3.15783818       0.38039530       0.00052745       2.77691542
942          3.13146396       0.35059506       0.00000403       2.78086488
943          3.14958681       0.34442874       0.00007346       2.80508460
944          3.23476870       0.37408654       0.00121909       2.85946308
945          3.35718597       0.43322728       0.00769153       2.91626716
946          3.46129301       0.49657303       0.02392543       2.94079455
947          3.52922796       0.53075563       0.05614108       2.94233124
948          3.52500902       0.53247733       0.09851681       2.89401489
949          3.45943029       0.50750280       0.11637146       2.83555602
950          3.33093971       0.47424609       0.10429685       2.75239677
951          3.19889150       0.44468944       0.09987707       2.65432500
952          3.07807827       0.45373347       0.12509000       2.49925480
953          3.07041513       0.51868948       0.18031473       2.37141092
954          3.18264774       0.62245589       0.27198986       2.28820199
955          3.31761096       0.69957051       0.37593452       2.24210593
956          3.37612340       0.71822286       0.44684095       2.21105959
957          3.32994602       0.70040809       0.43672001       2.19281792
958          3.21853772       0.67507254       0.38490223       2.15856295
959          3.09875482       0.64174764       0.35474396       2.10226322
960          3.02368594       0.63083365       0.37635684       2.01649545
961          3.03437827       0.68556590       0.44713229       1.90168008
962          3.09767419       0.76870461       0.56162428       1.76734531
963          3.14350827       0.83502770       0.68565824       1.62282233
964          3.07021642       0.84535664       0.73946389       1.48539590
965          2.94227535       0.84842549       0.71782251       1.37602735
966          2.84827144       0.87597182       0.67598872       1.29631090
967          2.80498462       0.90501298       0.64413625       1.25583540
968          2.74777887       0.90669474       0.62663962       1.21444451
969          2.66547903       0.89668896       0.61350459       1.15528548
970          2.63251725       0.91030463       0.63478856       1.08742406
971          2.66399704       0.95942387       0.69406416       1.01050901
972          2.70709446       1.01624565       0.74572641       0.94512240
973          2.73881216       1.05130684       0.78305220       0.90445312
974          2.78660744       1.06984827       0.81739873       0.89936044
975          2.82045766       1.07688048       0.83920275       0.90437443
976          2.80705051       1.08296391       0.81544147       0.90864513
977          2.74435941       1.09142809       0.76051613       0.89241518
978          2.70684064       1.13398392       0.70237913       0.87047760
979          2.76390489       1.24605557       0.69948761       0.81836172
980          2.87195781       1.38051970       0.76758447       0.72385365
981          2.93426454       1.42595231       0.88228186       0.62603037
982          2.89855322       1.37686226       0.95811927       0.56357169
983          2.80722011       1.33581631       0.94478369       0.52662011
984          2.79123807       1.39027172       0.87474722       0.52621913
985          2.96435865       1.54059641       0.85154705       0.57221520
986          3.25327795       1.70700541       0.91159289       0.63467965
987          3.50080717       1.77583673       1.05472335       0.67024709
988          3.71091258       1.74264326       1.27053642       0.69773291
989          3.88826208       1.68274927       1.48012454       0.72538827
990          4.00700795       1.67493865       1.60801289       0.72405641
991          3.99349691       1.63819853       1.64960714       0.70569123
992          3.88021135       1.52101019       1.68954753       0.66965363
993          3.75616651       1.39657034       1.74923256       0.61036361
994          3.70658726       1.34367903       1.83221577       0.53069246
995          3.73269732       1.36915009       1.89668780       0.46685944
996          3.74599403       1.41204154       1.92807855       0.40587395
997          3.70628772       1.43159378       1.94249466       0.33219929
998          3.64280001       1.40447002       1.99687999       0.24145000
999          3.62242009       1.31262822       2.13918346       0.17060841
1000         3.66790372       1.18725472       2.34929534       0.13135366
