0      481         -0.44358876      -0.67930477      -0.99611366
1      481         -0.46103596      -0.62128190      -1.00792449
2      481         -0.43317483      -0.57955448      -1.04599888
3      481         -0.38174437      -0.53850349      -1.09849792
4      481         -0.33980058      -0.48379171      -1.17353097
5      481         -0.32413617      -0.41745640      -1.24489717
6      481         -0.31585561      -0.34753123      -1.28469743
7      481         -0.30726383      -0.26871495      -1.27560324
8      481         -0.32627833      -0.19972654      -1.26373605
9      481         -0.38075623      -0.14320067      -1.34630028
10     481         -0.46031974      -0.10097407      -1.43324985
11     481         -0.52200628      -0.05557453      -1.48806779
12     481         -0.55178933      -0.00028277      -1.49068040
13     481         -0.53826521       0.04601503      -1.48932266
14     481         -0.50796665       0.05498056      -1.48362604
15     481         -0.50419274       0.03463363      -1.44942387
16     481         -0.51851461       0.01993047      -1.39659424
17     481         -0.52840736       0.02194176      -1.37013574
18     481         -0.52925117       0.04920308      -1.32857658
19     481         -0.54210297       0.06360348      -1.29872707
20     481         -0.56064845       0.04271000      -1.26369895
21     481         -0.58287068       0.03401059      -1.24106951
22     481         -0.58581285       0.02569678      -1.22546492
23     481         -0.57594734       0.01260052      -1.21603992
24     481         -0.56386126      -0.02402985      -1.20815419
25     481         -0.55767117      -0.08609269      -1.21681510
26     481         -0.55820470      -0.13408260      -1.25842892
27     481         -0.56241827      -0.16464627      -1.30004196
28     481         -0.59141013      -0.19021558      -1.28102051
29     481         -0.63981512      -0.20347105      -1.20924098
30     481         -0.66568757      -0.24122360      -1.13504538
31     481         -0.66833512      -0.32276479      -1.08097824
32     481         -0.68361614      -0.43772633      -1.04193943
33     481         -0.71678515      -0.56141944      -1.00793402
34     481         -0.75762176      -0.63852132      -1.00164589
35     481         -0.78865920      -0.67496374      -0.99107885
36     481         -0.80075915      -0.67430007      -1.00734665
37     481         -0.76820452      -0.66104263      -0.96813706
38     481         -0.74610539      -0.65741196      -0.93849314
39     481         -0.79998517      -0.66986640      -0.99213257
40     481         -0.88411854      -0.66584474      -1.09311638
41     481         -0.88111569      -0.64665849      -1.12405137
42     481         -0.80949550      -0.62204502      -1.11241477
43     481         -0.72342022      -0.61616316      -1.11814615
44     481         -0.69681675      -0.62114773      -1.17017504
45     481         -0.70650134      -0.64195044      -1.19893440
46     481         -0.70053917      -0.65720990      -1.18337694
47     481         -0.70653556      -0.66761058      -1.14370661
48     481         -0.70908225      -0.67044526      -1.09769972
49     481         -0.68244669      -0.67346602      -1.02601199
50     481         -0.68983777      -0.67478040      -0.98834464
51     481         -0.72588986      -0.66495715      -1.02097770
52     481         -0.73746682      -0.65848912      -1.04133449
53     481         -0.71968508      -0.66508972      -1.03279839
54     481         -0.67276183      -0.69241428      -1.01566330
55     481         -0.60689972      -0.72553479      -1.00484653
56     481         -0.55915866      -0.76464371      -1.02607556
57     481         -0.52313595      -0.81022831      -1.05512597
58     481         -0.51446451      -0.85417516      -1.07667441
59     481         -0.53884408      -0.88940034      -1.06512370
60     481         -0.59694178      -0.90285911      -1.03473624
61     481         -0.67364916      -0.90190521      -1.00850009
62     481         -0.75541804      -0.89153387      -0.99168996
63     481         -0.81804391      -0.88078049      -0.96035864
64     481         -0.84083511      -0.87759567      -0.90887296
65     481         -0.83768985      -0.89582968      -0.86283534
66     481         -0.84070849      -0.93843637      -0.85623274
67     481         -0.87107729      -0.96822267      -0.88522602
68     481         -0.89629204      -0.97156129      -0.91954201
69     481         -0.88181434      -0.97546376      -0.92550818
70     481         -0.84027980      -0.98776385      -0.87520938
71     481         -0.83480807      -0.98687724      -0.78209569
72     481         -0.87084374      -0.94661456      -0.66051699
73     481         -0.90901002      -0.89895126      -0.55121631
74     481         -0.91866987      -0.90226519      -0.48045998
75     481         -0.91787251      -0.96594516      -0.45825390
76     481         -0.92358061      -1.05243705      -0.44608205
77     481         -0.94124013      -1.11943470      -0.42213085
78     481         -0.96280103      -1.15045034      -0.39042542
79     481         -0.97171529      -1.14744434      -0.36639768
80     481         -0.96456668      -1.12455021      -0.35683052
81     481         -0.94637235      -1.10472410      -0.34425036
82     481         -0.92875870      -1.09769320      -0.32324755
83     481         -0.89973763      -1.11404386      -0.31061909
84     481         -0.86400587      -1.14211016      -0.32406422
85     481         -0.83647655      -1.19830816      -0.35927186
86     481         -0.85201558      -1.27765681      -0.40235043
87     481         -0.88786839      -1.34494158      -0.41115499
88     481         -0.91143315      -1.38701582      -0.40693743
89     481         -0.90344202      -1.40000653      -0.40096084
90     481         -0.88932471      -1.38636583      -0.39649236
91     481         -0.87910614      -1.33831032      -0.37798735
92     481         -0.86303497      -1.26826460      -0.34459560
93     481         -0.85148943      -1.22015837      -0.33400050
94     481         -0.87477625      -1.21311847      -0.36081849
95     481         -0.92849189      -1.23915365      -0.40226716
96     481         -0.98928157      -1.26382922      -0.45074119
97     481         -1.04829256      -1.28559047      -0.51525587
98     481         -1.10307390      -1.31177014      -0.57998314
99     481         -1.14240617      -1.33171294      -0.63500662
100    481         -1.17529784      -1.31414920      -0.70221182
101    481         -1.20618788      -1.24583099      -0.79221556
102    481         -1.23345047      -1.14163836      -0.87031028
103    481         -1.25457759      -1.04867095      -0.90718841
104    481         -1.24899144      -0.98768959      -0.90756253
105    481         -1.20946481      -0.97310226      -0.89314610
106    481         -1.15306319      -0.99708850      -0.86546808
107    481         -1.11208461      -1.02080960      -0.82714361
108    481         -1.09246825      -1.00398158      -0.80979824
109    481         -1.08789795      -0.94491665      -0.82517472
110    481         -1.09042456      -0.86825089      -0.85538015
111    481         -1.10243505      -0.80040009      -0.90224757
112    481         -1.11866327      -0.73446800      -0.96679461
113    481         -1.12428979      -0.68132054      -1.04540884
114    481         -1.11792715      -0.67585132      -1.10896166
115    481         -1.09756029      -0.71549797      -1.15152855
116    481         -1.06269935      -0.76069930      -1.18497246
117    481         -1.00498230      -0.78527125      -1.22084820
118    481         -0.96045294      -0.79328353      -1.25816484
119    481         -0.95046300      -0.78731776      -1.28211263
120    481         -0.95419201      -0.75589161      -1.29335330
121    481         -0.97576626      -0.68899932      -1.29791953
122    481         -1.00637774      -0.60675887      -1.31389300
123    481         -1.04187732      -0.53735615      -1.33075131
124    481         -1.07001405      -0.48755778      -1.33893316
125    481         -1.10204934      -0.46284395      -1.33796162
126    481         -1.12257290      -0.48096548      -1.32468625
127    481         -1.12164630      -0.54026435      -1.30153133
128    481         -1.10086286      -0.60697981      -1.27117582
129    481         -1.09219774      -0.65680825      -1.22492765
130    481         -1.10923523      -0.67454794      -1.15333377
131    481         -1.13808006      -0.67237988      -1.05682547
132    481         -1.15378351      -0.65739140      -0.96661307
133    481         -1.14472029      -0.64299187      -0.91349809
134    481         -1.13644922      -0.64416128      -0.90202353
135    481         -1.14552125      -0.67064756      -0.90505705
136    481         -1.18650487      -0.72776860      -0.89887567
137    481         -1.26569067      -0.81215852      -0.89827640
138    481         -1.35625973      -0.90096267      -0.91825398
139    481         -1.43851772      -0.94504899      -0.96180491
140    481         -1.49452389      -0.91858879      -1.01227921
141    481         -1.53586901      -0.84734584      -1.06239630
142    481         -1.55959800      -0.79366550      -1.10339317
143    481         -1.55086582      -0.78943776      -1.15080452
144    481         -1.51063461      -0.82995571      -1.20709620
145    481         -1.47954328      -0.89151344      -1.27128756
146    481         -1.48855447      -0.94623040      -1.32253598
147    481         -1.54141479      -0.97515015      -1.36328205
148    481         -1.59376314      -0.96575032      -1.39834409
149    481         -1.63130412      -0.92630838      -1.44970451
150    481         -1.65217259      -0.86940222      -1.50451954
151    481         -1.65868097      -0.82909298      -1.54760797
152    481         -1.63571020      -0.83489537      -1.59473211
153    481         -1.60675106      -0.88452135      -1.63368123
154    481         -1.60714055      -0.93967638      -1.64093360
155    481         -1.64076440      -0.98124077      -1.59914151
156    481         -1.70174584      -0.99146357      -1.52839010
157    481         -1.75720272      -0.97445425      -1.46649347
158    481         -1.80917211      -0.93419500      -1.42391553
159    481         -1.84001817      -0.88167726      -1.41886914
160    481         -1.83304966      -0.82839607      -1.45728733
161    481         -1.78437311      -0.78312245      -1.50494459
162    481         -1.72890431      -0.76640556      -1.53289103
163    481         -1.69561638      -0.78486251      -1.54483573
164    481         -1.67558529      -0.83806814      -1.55647253
165    481         -1.65474999      -0.88653103      -1.56954443
166    481         -1.67088960      -0.87461211      -1.57008293
167    481         -1.73694630      -0.79106691      -1.55078825
168    481         -1.79302999      -0.66954754      -1.52032241
169    481         -1.80998874      -0.57787943      -1.49120588
170    481         -1.77741902      -0.55252035      -1.47735572
171    481         -1.71312498      -0.54579558      -1.45699377
172    481         -1.64566867      -0.53717275      -1.42255068
173    481         -1.58501099      -0.55502631      -1.38898807
174    481         -1.51743157      -0.61314149      -1.35475989
175    481         -1.45544801      -0.69234768      -1.30265577
176    481         -1.42617287      -0.74197341      -1.23749792
177    481         -1.44941155      -0.76240726      -1.19404485
178    481         -1.51341187      -0.75435755      -1.16206679
179    481         -1.58234815      -0.73203819      -1.12336520
180    481         -1.62629086      -0.70247680      -1.08700198
181    481         -1.65099741      -0.67217404      -1.06852293
182    481         -1.67485187      -0.66259984      -1.05503168
183    481         -1.69171880      -0.67649607      -1.03023543
184    481         -1.70149913      -0.71036728      -1.00049207
185    481         -1.69336054      -0.73160250      -0.98040693
186    481         -1.68117714      -0.70785048      -0.96234623
187    481         -1.72411700      -0.64989409      -0.97069879
188    481         -1.83020155      -0.61589215      -0.98259154
189    481         -1.96576944      -0.63547434      -0.97943469
190    481         -2.07877009      -0.68530664      -1.01337893
191    481         -2.14747249      -0.71829800      -1.07622317
192    481         -2.20700689      -0.72651943      -1.13300433
193    481         -2.24561434      -0.73589655      -1.14767287
194    481         -2.26045093      -0.75950287      -1.11616421
195    481         -2.25461773      -0.79381478      -1.08782296
196    481         -2.22602309      -0.79819485      -1.07489880
197    481         -2.18493520      -0.74999464      -1.05780932
198    481         -2.15714390      -0.68789954      -1.02733801
199    481         -2.17749126      -0.67282703      -0.99696683
200    481         -2.25742295      -0.71447596      -1.00365801
201    481         -2.36381465      -0.78108033      -1.02432409
202    481         -2.43872586      -0.84011747      -1.02478143
203    481         -2.45839136      -0.88136407      -0.99334783
204    481         -2.43975009      -0.92366066      -0.96001435
205    481         -2.37585572      -0.98332128      -0.92166697
206    481         -2.29809009      -1.03056688      -0.85832477
207    481         -2.24451034      -1.03593533      -0.76352950
208    481         -2.23165220      -1.02309790      -0.69099884
209    481         -2.23971773      -1.03991171      -0.68659645
210    481         -2.24620281      -1.07588233      -0.71281252
211    481         -2.24890823      -1.08269471      -0.73316172
212    481         -2.25024492      -1.05664960      -0.75068818
213    481         -2.23044878      -1.02758690      -0.77522122
214    481         -2.18019191      -1.00401987      -0.78949468
215    481         -2.11769760      -0.98146926      -0.79024439
216    481         -2.04187089      -0.97669665      -0.77475903
217    481         -1.96544114      -1.01145130      -0.75099258
218    481         -1.92917114      -1.07031175      -0.70778267
219    481         -1.94074048      -1.11462189      -0.64218227
220    481         -1.94203904      -1.13122067      -0.58252340
221    481         -1.88430322      -1.13227398      -0.55393683
222    481         -1.80768109      -1.11425497      -0.55900811
223    481         -1.79092763      -1.07191625      -0.57633345
224    481         -1.81882586      -1.04288784      -0.59831922
225    481         -1.84532620      -1.04600620      -0.61663962
226    481         -1.85037209      -1.07481783      -0.61037024
227    481         -1.86478072      -1.11868897      -0.60271448
228    481         -1.93403422      -1.13988797      -0.60642806
229    481         -1.99613145      -1.13919398      -0.61914898
230    481         -2.01531731      -1.15631634      -0.66451977
231    481         -2.02695888      -1.17968846      -0.72784835
232    481         -2.05554090      -1.19698002      -0.78362310
233    481         -2.08377435      -1.20332898      -0.84578844
234    481         -2.09114302      -1.17388931      -0.89767507
235    481         -2.06340502      -1.10270947      -0.90951107
236    481         -2.01938171      -1.04637125      -0.88572943
237    481         -1.99301790      -1.06565723      -0.83441857
238    481         -2.03687996      -1.14684537      -0.76947412
239    481         -2.11947653      -1.22058232      -0.71633088
240    481         -2.17833009      -1.23809686      -0.68167570
241    481         -2.22979549      -1.20294698      -0.67186802
242    481         -2.24319953      -1.17360186      -0.67918246
243    481         -2.21387461      -1.16447874      -0.69844601
244    481         -2.17836765      -1.15771725      -0.71809997
245    481         -2.17184423      -1.14639439      -0.71909462
246    481         -2.19111741      -1.15019222      -0.70602626
247    481         -2.20693159      -1.18357112      -0.69196267
248    481         -2.20996815      -1.24711890      -0.67319427
249    481         -2.20102481      -1.30933515      -0.64503217
250    481         -2.16788081      -1.29160669      -0.59917871
251    481         -2.12186616      -1.19922342      -0.53686325
252    481         -2.08771760      -1.11306846      -0.48147763
253    481         -2.06880859      -1.07796645      -0.44945290
254    481         -2.04930719      -1.09450035      -0.43644207
255    481         -2.00543180      -1.13092211      -0.41625309
256    481         -1.95829899      -1.16078631      -0.36546356
257    481         -1.90362203      -1.17419138      -0.30957845
258    481         -1.84261048      -1.19838685      -0.25770624
259    481         -1.77207930      -1.23735885      -0.21500205
260    481         -1.69646728      -1.28754332      -0.18208720
261    481         -1.60740351      -1.31030042      -0.17538583
262    481         -1.51787187      -1.27898209      -0.18425729
263    481         -1.46516495      -1.19372671      -0.19661313
264    481         -1.45287741      -1.07956486      -0.20949760
265    481         -1.46632339      -0.96428085      -0.23589155
266    481         -1.50189829      -0.90508147      -0.27260688
267    481         -1.54963133      -0.91590171      -0.29679184
268    481         -1.59891088      -0.95217263      -0.29150785
269    481         -1.62398395      -0.95527238      -0.25547338
270    481         -1.62956002      -0.89528726      -0.21658001
271    481         -1.62214935      -0.79614343      -0.19131342
272    481         -1.59589726      -0.67899108      -0.18625424
273    481         -1.56541799      -0.57359686      -0.17047680
274    481         -1.53975014      -0.49550462      -0.15737453
275    481         -1.53769006      -0.45612634      -0.14493434
276    481         -1.54421109      -0.41802732      -0.13720377
277    481         -1.56715562      -0.39621257      -0.13501923
278    481         -1.59908997      -0.40932177      -0.15167178
279    481         -1.60813136      -0.43096024      -0.18852856
280    481         -1.58428104      -0.42433654      -0.22230792
281    481         -1.54102502      -0.37039162      -0.25375930
282    481         -1.52950427      -0.30008621      -0.27528302
283    481         -1.56056889      -0.23386063      -0.28191619
284    481         -1.58663343      -0.19201380      -0.25764972
285    481         -1.58254934      -0.18565266      -0.21342917
286    481         -1.56463595      -0.20881648      -0.17748268
287    481         -1.52711305      -0.22828338      -0.16421321
288    481         -1.45453253      -0.25436657      -0.20526151
289    481         -1.35200350      -0.29211407      -0.27664554
290    481         -1.28454491      -0.35589998      -0.30821790
291    481         -1.27736729      -0.39322951      -0.31879078
292    481         -1.33624289      -0.39031295      -0.29333455
293    481         -1.39724591      -0.35251370      -0.23500355
294    481         -1.42098022      -0.32639805      -0.16949097
295    481         -1.41815558      -0.35896751      -0.14740482
296    481         -1.39262431      -0.43719945      -0.18015108
297    481         -1.33737950      -0.53122613      -0.22359346
298    481         -1.27013053      -0.60336465      -0.24436153
299    481         -1.25308837      -0.64736088      -0.21811831
300    481         -1.28576440      -0.63171763      -0.18289187
301    481         -1.34249937      -0.59858991      -0.11352455
302    481         -1.38173919      -0.56474306      -0.04108234
303    481         -1.42795033      -0.53876071       0.01109172
304    481         -1.46214450      -0.49837953       0.04474210
305    481         -1.46310312      -0.43990370       0.05722498
306    481         -1.43288693      -0.38561061       0.04887232
307    481         -1.39984643      -0.32576828       0.04182954
308    481         -1.40150083      -0.24150976       0.07028915
309    481         -1.43476771      -0.15428925       0.12147303
310    481         -1.50859779      -0.11101209       0.17897241
311    481         -1.58396370      -0.10648682       0.22795012
312    481         -1.63190999      -0.10489602       0.28492118
313    481         -1.64624339      -0.07280227       0.34019519
314    481         -1.62825744      -0.00235106       0.38141956
315    481         -1.56350420       0.07102895       0.43579238
316    481         -1.49366511       0.11276707       0.52630964
317    481         -1.46155656       0.09708941       0.62854615
318    481         -1.48236877       0.05871734       0.72869240
319    481         -1.54455323       0.04031647       0.81936543
320    481         -1.59516258       0.04943127       0.90283562
321    481         -1.59924582       0.07040569       0.92825138
322    481         -1.56464332       0.10208363       0.88867959
323    481         -1.51751228       0.12490164       0.82095840
324    481         -1.47494151       0.15804515       0.76532795
325    481         -1.44195113       0.19485292       0.73652180
326    481         -1.43939239       0.25235318       0.71387118
327    481         -1.46510170       0.31878523       0.69073173
328    481         -1.51818834       0.38215628       0.64741585
329    481         -1.60300042       0.42598444       0.60788318
330    481         -1.68255642       0.43684504       0.58097144
331    481         -1.71868880       0.40048222       0.55779941
332    481         -1.72150969       0.35560726       0.52807465
333    481         -1.69937378       0.36205232       0.49844681
334    481         -1.64857220       0.42078643       0.45357624
335    481         -1.59274546       0.50572096       0.39034306
336    481         -1.56094100       0.55626938       0.31688208
337    481         -1.55842470       0.54423279       0.24689424
338    481         -1.57223197       0.48858807       0.20224193
339    481         -1.57387549       0.43590202       0.20054310
340    481         -1.57219308       0.38346756       0.23441923
341    481         -1.57738878       0.34527785       0.26618081
342    481         -1.58704435       0.33940870       0.28850916
343    481         -1.58492141       0.38053774       0.31158608
344    481         -1.57866300       0.41697405       0.33776738
345    481         -1.57592302       0.40200912       0.35475298
346    481         -1.56754509       0.36093728       0.35648857
347    481         -1.54015580       0.32764682       0.36681977
348    481         -1.49846936       0.31789933       0.37953822
349    481         -1.46132836       0.30867467       0.40403358
350    481         -1.45161398       0.31696925       0.43810116
351    481         -1.45901954       0.33933478       0.46721524
352    481         -1.46959061       0.37968808       0.48562104
353    481         -1.48174452       0.41259440       0.49281959
354    481         -1.50435655       0.44108774       0.48980944
355    481         -1.53217871       0.45197555       0.46773034
356    481         -1.55387380       0.44175073       0.42748978
357    481         -1.55629915       0.41173246       0.36629181
358    481         -1.55366645       0.37906491       0.29544210
359    481         -1.54221190       0.36655024       0.22605299
360    481         -1.53124740       0.38352108       0.16430058
361    481         -1.54060533       0.43508583       0.10605620
362    481         -1.59550225       0.49380533       0.04855622
363    481         -1.66858176       0.55042461      -0.01280626
364    481         -1.71406262       0.58293602      -0.08047455
365    481         -1.71698064       0.58635021      -0.17626046
366    481         -1.72031388       0.54551346      -0.29903899
367    481         -1.74293168       0.48797930      -0.41884639
368    481         -1.77813517       0.44600843      -0.49752668
369    481         -1.81260360       0.48125438      -0.54903155
370    481         -1.82263973       0.57268919      -0.61420588
371    481         -1.82546481       0.61971688      -0.71754192
372    481         -1.83051987       0.61300711      -0.85783388
373    481         -1.82431198       0.65823363      -0.96142892
374    481         -1.81312365       0.75657856      -1.04201868
375    481         -1.82130656       0.85209997      -1.07664792
376    481         -1.84238149       0.86667907      -1.12070520
377    481         -1.87829065       0.80895255      -1.13849617
378    481         -1.92095488       0.77512042      -1.12569994
379    481         -1.96061109       0.79923734      -1.09374194
380    481         -1.97953157       0.82788548      -1.07995806
381    481         -1.97804430       0.83865529      -1.10643595
382    481         -1.95745449       0.81216362      -1.15036643
383    481         -1.94097882       0.75079536      -1.17235748
384    481         -1.92070316       0.65090455      -1.17429597
385    481         -1.90473962       0.57500431      -1.16404245
386    481         -1.89868424       0.56931351      -1.12145411
387    481         -1.88499378       0.56475879      -1.06801549
388    481         -1.86170052       0.54053178      -0.99267859
389    481         -1.83718107       0.47476349      -0.95700432
390    481         -1.81445352       0.37381601      -0.95105000
391    481         -1.79830747       0.32486415      -0.92409110
392    481         -1.81622553       0.34758328      -0.84011915
393    481         -1.86626970       0.35820984      -0.76631048
394    481         -1.92310043       0.32727622      -0.74771170
395    481         -1.94569400       0.27119221      -0.74368948
396    481         -1.91882194       0.19868706      -0.70927776
397    481         -1.86182169       0.14093130      -0.62823309
398    481         -1.79409010       0.08300750      -0.54930899
399    481         -1.74981425      -0.00100818      -0.50118155
400    481         -1.72384062      -0.07296868      -0.47375980
401    481         -1.71422783      -0.06736576      -0.44263283
402    481         -1.72513835      -0.01121821      -0.42814262
403    481         -1.76243378       0.04376165      -0.45965906
404    481         -1.79415261       0.07831366      -0.50997356
405    481         -1.78660910       0.09598417      -0.54204626
406    481         -1.74267941       0.07838365      -0.56018490
407    481         -1.69217639       0.01078197      -0.58496429
408    481         -1.66841638      -0.05300921      -0.60290798
409    481         -1.66576610      -0.11082337      -0.62363317
410    481         -1.67215858      -0.15533008      -0.66337761
411    481         -1.69279537      -0.17457703      -0.71649966
412    481         -1.72178778      -0.22579754      -0.77133493
413    481         -1.72760754      -0.28333405      -0.78971997
414    481         -1.73087127      -0.32804885      -0.77983265
415    481         -1.72569801      -0.36101206      -0.73921946
416    481         -1.71769187      -0.38291803      -0.64534840
417    481         -1.74233535      -0.40579415      -0.55942252
418    481         -1.78608022      -0.47418115      -0.51787903
419    481         -1.80681089      -0.56391786      -0.49668822
420    481         -1.77039552      -0.65399800      -0.50366282
421    481         -1.72274037      -0.73465661      -0.51614810
422    481         -1.67327914      -0.76820887      -0.51502616
423    481         -1.66053378      -0.77112489      -0.49061297
424    481         -1.67427172      -0.76259814      -0.46298617
425    481         -1.68805462      -0.75832801      -0.43768204
426    481         -1.68146290      -0.73413510      -0.44156699
427    481         -1.66682242      -0.70642877      -0.48051452
428    481         -1.63455377      -0.71315249      -0.53080175
429    481         -1.56370482      -0.73118546      -0.55409800
430    481         -1.47671737      -0.73310912      -0.54604645
431    481         -1.39940995      -0.73158293      -0.53145752
432    481         -1.37331530      -0.71643000      -0.50104785
433    481         -1.38160438      -0.68975423      -0.45543150
434    481         -1.38994204      -0.68288167      -0.40312130
435    481         -1.37341382      -0.67865491      -0.36310192
436    481         -1.34365219      -0.66913023      -0.35318483
437    481         -1.30170365      -0.63190940      -0.39100901
438    481         -1.25973110      -0.58222935      -0.43324695
439    481         -1.22699840      -0.54272334      -0.46420261
440    481         -1.20195454      -0.50974220      -0.49112035
441    481         -1.18653507      -0.50158839      -0.53314392
442    481         -1.16722469      -0.51514710      -0.56829021
443    481         -1.16246137      -0.55973859      -0.56734410
444    481         -1.15458930      -0.62830738      -0.51989786
445    481         -1.14474627      -0.70665641      -0.44786613
446    481         -1.12899430      -0.75605349      -0.37587877
447    481         -1.11904892      -0.78122402      -0.32628716
448    481         -1.10204143      -0.77764603      -0.28764172
449    481         -1.10641700      -0.78487012      -0.25836439
450    481         -1.14362666      -0.80261871      -0.23611858
451    481         -1.20631807      -0.84445237      -0.20886234
452    481         -1.24547176      -0.89803592      -0.19111675
453    481         -1.27756914      -0.95468079      -0.17117667
454    481         -1.32347313      -1.02348337      -0.16405739
455    481         -1.32408551      -1.10886971      -0.16578601
456    481         -1.25818378      -1.20338699      -0.19350315
457    481         -1.16536191      -1.28537220      -0.22593226
458    481         -1.09729726      -1.34698069      -0.22491034
459    481         -1.07316781      -1.38166398      -0.18890530
460    481         -1.06717860      -1.40015586      -0.14595528
461    481         -1.06134843      -1.41897682      -0.10450196
462    481         -1.03480219      -1.46558118      -0.05992077
463    481         -0.99278071      -1.52660361      -0.02180807
464    481         -0.94943187      -1.59107915       0.00197196
465    481         -0.90755181      -1.64641707       0.00309573
466    481         -0.86867892      -1.69855121      -0.00791695
467    481         -0.84770060      -1.76291321       0.00896465
468    481         -0.82910996      -1.84449632       0.05533583
469    481         -0.79732173      -1.92012413       0.08673822
470    481         -0.77505880      -1.96514904       0.12471282
471    481         -0.78287854      -1.97155643       0.15058928
472    481         -0.80276700      -1.98239916       0.15959467
473    481         -0.81300857      -2.04173734       0.15301227
474    481         -0.81420529      -2.10927994       0.14115607
475    481         -0.81062709      -2.14643764       0.12078760
476    481         -0.81358124      -2.15329512       0.10244549
477    481         -0.83278410      -2.13265684       0.09962434
478    481         -0.86503223      -2.11249507       0.09322815
479    481         -0.90770076      -2.14945337       0.08504767
480    481         -0.95910385      -2.24084121       0.08070944
481    481         -0.99185434      -2.34580055       0.10724422
482    481         -0.99144720      -2.41621721       0.13904524
483    481         -0.96894255      -2.44843742       0.12778657
484    481         -0.97223659      -2.47721727       0.06872267
485    481         -1.03275282      -2.51187889       0.02029944
486    481         -1.13309900      -2.55174054      -0.00256183
487    481         -1.21796941      -2.56823918      -0.01845884
488    481         -1.26831355      -2.56472163      -0.01180009
489    481         -1.31416174      -2.56324489       0.00309353
490    481         -1.38287890      -2.61306125       0.00836125
491    481         -1.46205307      -2.69306807      -0.00778676
492    481         -1.51245253      -2.76189496      -0.02869341
493    481         -1.54437349      -2.79805108      -0.05064205
494    481         -1.56186609      -2.81270433      -0.05055116
495    481         -1.56366617      -2.79520357      -0.03637113
496    481         -1.52903178      -2.75359211      -0.00784086
497    481         -1.48038780      -2.70886125       0.01691691
498    481         -1.45330802      -2.70678750       0.02877754
499    481         -1.46178043      -2.77311669       0.03132572
500    481         -1.48404904      -2.84312002       0.02892303
501    481         -1.51663660      -2.89550186       0.05643564
502    481         -1.54498732      -2.92448914       0.09610679
503    481         -1.56372571      -2.94179779       0.12446909
504    481         -1.56098777      -2.92766220       0.14635283
505    481         -1.54565715      -2.88983305       0.16260830
506    481         -1.51722481      -2.84364713       0.14431950
507    481         -1.49146704      -2.80968924       0.09094062
508    481         -1.49250370      -2.78808067       0.02877357
509    481         -1.49042197      -2.77808964      -0.01290254
510    481         -1.46021290      -2.78507803      -0.03620368
511    481         -1.42509756      -2.83066163      -0.03610511
512    481         -1.39325921      -2.88573243      -0.01681652
513    481         -1.35991463      -2.90957887       0.03609920
514    481         -1.32697786      -2.91776680       0.08209090
515    481         -1.29760542      -2.93151348       0.10056014
516    481         -1.28655768      -2.96064115       0.09202154
517    481         -1.26487878      -2.97715954       0.06939177
518    481         -1.23015512      -2.99208290       0.03983327
519    481         -1.21769793      -3.01411730       0.01338027
520    481         -1.23830243      -3.06637008       0.00403048
521    481         -1.27386208      -3.12163146       0.00011767
522    481         -1.31362728      -3.17190804      -0.01274886
523    481         -1.35572952      -3.20467052      -0.04754156
524    481         -1.38800877      -3.21443882      -0.09180864
525    481         -1.39558682      -3.20757317      -0.14683847
526    481         -1.40312752      -3.18479245      -0.18117867
527    481         -1.42327901      -3.14189566      -0.18358798
528    481         -1.43138351      -3.10812542      -0.17731227
529    481         -1.39345507      -3.10819070      -0.19906021
530    481         -1.33436928      -3.13113765      -0.24150264
531    481         -1.30493693      -3.16444061      -0.27562197
532    481         -1.30532199      -3.20495145      -0.29064941
533    481         -1.31365234      -3.25773246      -0.30160081
534    481         -1.32833543      -3.30391074      -0.32540114
535    481         -1.33279534      -3.34555966      -0.36924818
536    481         -1.31844359      -3.36474742      -0.43580335
537    481         -1.31396055      -3.35483796      -0.49289199
538    481         -1.33912854      -3.32467568      -0.50641820
539    481         -1.38528672      -3.28752941      -0.49035889
540    481         -1.41281467      -3.24844470      -0.49749800
541    481         -1.40957312      -3.20975780      -0.54607071
542    481         -1.42281935      -3.16672827      -0.60639778
543    481         -1.48815533      -3.13348591      -0.64113029
544    481         -1.59321304      -3.10854097      -0.66002562
545    481         -1.68430826      -3.08562532      -0.66944301
546    481         -1.74912525      -3.04895260      -0.67229822
547    481         -1.78659553      -2.99572705      -0.66083473
548    481         -1.78860323      -2.94084389      -0.64157287
549    481         -1.75993408      -2.92139809      -0.62724969
550    481         -1.73828838      -2.94649618      -0.62059193
551    481         -1.73581617      -2.97246722      -0.60724879
552    481         -1.75826271      -2.96783881      -0.59654838
553    481         -1.79642879      -2.91903210      -0.58384582
554    481         -1.83384306      -2.87891034      -0.57718421
555    481         -1.85113142      -2.85761035      -0.58100254
556    481         -1.84050043      -2.85112462      -0.58815940
557    481         -1.81545622      -2.82677957      -0.59166852
558    481         -1.80128774      -2.77563476      -0.59347722
559    481         -1.80880236      -2.70714490      -0.58898245
560    481         -1.81806916      -2.64559275      -0.57407543
561    481         -1.80078275      -2.59821592      -0.57494589
562    481         -1.77073959      -2.55239771      -0.59445523
563    481         -1.74445884      -2.49061695      -0.60823437
564    481         -1.73606161      -2.40005187      -0.61798164
565    481         -1.73071370      -2.31574965      -0.63664781
566    481         -1.71183375      -2.25268918      -0.65434065
567    481         -1.68513981      -2.22968236      -0.66028696
568    481         -1.65423774      -2.23317703      -0.65276464
569    481         -1.60844966      -2.24487316      -0.63560071
570    481         -1.54053086      -2.24084723      -0.63972446
571    481         -1.47621420      -2.24234892      -0.66601095
572    481         -1.43321104      -2.24409953      -0.68668774
573    481         -1.40665796      -2.23657717      -0.67778614
574    481         -1.38704278      -2.23360088      -0.65254666
575    481         -1.37507010      -2.24472898      -0.63477938
576    481         -1.36966484      -2.25377460      -0.61876707
577    481         -1.37130889      -2.25137497      -0.60116173
578    481         -1.36197157      -2.26155288      -0.60318924
579    481         -1.34711372      -2.28016432      -0.62077973
580    481         -1.33686412      -2.30374477      -0.61867919
581    481         -1.32295878      -2.32319541      -0.60345412
582    481         -1.30495348      -2.34761505      -0.59334210
583    481         -1.29226356      -2.39135947      -0.57482214
584    481         -1.28119778      -2.43230673      -0.54742925
585    481         -1.23442704      -2.48962379      -0.55421597
586    481         -1.14982035      -2.54132386      -0.57403180
587    481         -1.04964681      -2.58871605      -0.59092073
588    481         -0.97733943      -2.62894047      -0.59559161
589    481         -0.93531790      -2.66046194      -0.58744137
590    481         -0.90400340      -2.70277698      -0.54113497
591    481         -0.87504599      -2.75641531      -0.49548790
592    481         -0.85071719      -2.78386035      -0.48139878
593    481         -0.81090777      -2.77564281      -0.50394408
594    481         -0.76124715      -2.77729202      -0.53456903
595    481         -0.73933035      -2.82097042      -0.55009079
596    481         -0.74231204      -2.86741460      -0.56530389
597    481         -0.72857802      -2.87953823      -0.57788661
598    481         -0.69275961      -2.87997205      -0.59871400
599    481         -0.65365087      -2.88024713      -0.61601073
600    481         -0.62362491      -2.86836905      -0.62827066
601    481         -0.59633912      -2.83931181      -0.61447545
602    481         -0.58743025      -2.81397515      -0.60761690
603    481         -0.58836233      -2.81522951      -0.62438392
604    481         -0.56893272      -2.85667686      -0.65820356
605    481         -0.54836597      -2.91009592      -0.69029625
606    481         -0.55536542      -2.93957221      -0.70915177
607    481         -0.58171710      -2.92162938      -0.71676436
608    481         -0.58898572      -2.88034468      -0.71257674
609    481         -0.56771875      -2.85145994      -0.70996454
610    481         -0.55091142      -2.85663126      -0.71860555
611    481         -0.55593304      -2.88030299      -0.75025465
612    481         -0.56734936      -2.87546372      -0.78047503
613    481         -0.57965607      -2.83496043      -0.79451499
614    481         -0.61388178      -2.79024385      -0.79609660
615    481         -0.67138536      -2.78979897      -0.78949515
616    481         -0.72019906      -2.81875347      -0.78786316
617    481         -0.72141053      -2.83741173      -0.79003064
618    481         -0.68531271      -2.79867253      -0.78510208
619    481         -0.65253578      -2.73642801      -0.76837814
620    481         -0.64191004      -2.68403069      -0.76592091
621    481         -0.63004553      -2.66789417      -0.76904890
622    481         -0.62506484      -2.65353624      -0.71954320
623    481         -0.63517964      -2.61037794      -0.65913382
624    481         -0.65264672      -2.54522070      -0.60175165
625    481         -0.66122815      -2.46504467      -0.54547431
626    481         -0.66292803      -2.40740828      -0.50038192
627    481         -0.66274977      -2.37845569      -0.49753600
628    481         -0.65612107      -2.37575790      -0.51074223
629    481         -0.62900375      -2.37044083      -0.50407009
630    481         -0.59491212      -2.37696676      -0.46079292
631    481         -0.58766563      -2.39657296      -0.40880162
632    481         -0.60856562      -2.43792046      -0.36746129
633    481         -0.64015808      -2.47308398      -0.34698665
634    481         -0.66972720      -2.48891642      -0.33613335
635    481         -0.71501673      -2.48040023      -0.31773340
636    481         -0.74862394      -2.46688813      -0.28892287
637    481         -0.77281642      -2.42340732      -0.27357160
638    481         -0.76206195      -2.36664330      -0.30626480
639    481         -0.75090571      -2.34950577      -0.36699881
640    481         -0.76328696      -2.37656627      -0.42307901
641    481         -0.80701970      -2.42551351      -0.46114726
642    481         -0.87632314      -2.46041819      -0.49923641
643    481         -0.94606908      -2.45448069      -0.54455188
644    481         -0.98780386      -2.41312318      -0.61741538
645    481         -1.01062912      -2.36985257      -0.70491807
646    481         -1.04425648      -2.34876615      -0.80820099
647    481         -1.11206741      -2.35052485      -0.87876530
648    481         -1.19584855      -2.36219615      -0.93244406
649    481         -1.26970602      -2.40299404      -0.98354291
650    481         -1.32753865      -2.46229336      -1.02900532
651    481         -1.38173672      -2.50128480      -1.05840109
652    481         -1.43865249      -2.51977718      -1.06652317
653    481         -1.47812969      -2.53552421      -1.07446969
654    481         -1.49594294      -2.54369757      -1.09716829
655    481         -1.53401412      -2.54627260      -1.13796194
656    481         -1.61574178      -2.54895762      -1.17817557
657    481         -1.71965928      -2.55478905      -1.23398185
658    481         -1.81183485      -2.54771331      -1.27897717
659    481         -1.87390829      -2.53123028      -1.30429633
660    481         -1.90383288      -2.54990458      -1.29055194
661    481         -1.91297588      -2.62177553      -1.24444567
662    481         -1.89242752      -2.72462673      -1.18574969
663    481         -1.85343517      -2.83926938      -1.15823942
664    481         -1.82437556      -2.96497313      -1.17393367
665    481         -1.82901016      -3.10232701      -1.19993329
666    481         -1.86115799      -3.21782595      -1.20586532
667    481         -1.88296868      -3.29419014      -1.19339975
668    481         -1.89662919      -3.35905315      -1.16387658
669    481         -1.87600795      -3.41469753      -1.11523598
670    481         -1.81688551      -3.44551001      -1.06564699
671    481         -1.73040410      -3.44867160      -1.01481257
672    481         -1.63684653      -3.46576685      -0.98698355
673    481         -1.54518521      -3.50475737      -0.97821990
674    481         -1.47633089      -3.53980583      -0.99322782
675    481         -1.41976691      -3.54357429      -1.00585525
676    481         -1.38405639      -3.51720135      -1.00380184
677    481         -1.37025056      -3.46449949      -0.97727778
678    481         -1.34841765      -3.40251996      -0.93587342
679    481         -1.30398382      -3.34179656      -0.88504310
680    481         -1.25293782      -3.29393615      -0.83223701
681    481         -1.19853129      -3.28465865      -0.80178463
682    481         -1.15103311      -3.31051593      -0.81475509
683    481         -1.12021553      -3.32509758      -0.84446965
684    481         -1.07048301      -3.33111872      -0.87655294
685    481         -1.04354703      -3.35585542      -0.91024660
686    481         -1.05359424      -3.38352476      -0.93982111
687    481         -1.06320137      -3.41284993      -0.96697590
688    481         -1.07265859      -3.43772230      -0.98099919
689    481         -1.09864048      -3.44915470      -0.97725278
690    481         -1.12288857      -3.43384435      -0.95651399
691    481         -1.11180415      -3.37524733      -0.93126599
692    481         -1.07809335      -3.28819880      -0.92046785
693    481         -1.03834475      -3.21878877      -0.93725454
694    481         -0.99881238      -3.17996073      -0.96998005
695    481         -0.95206389      -3.13503885      -1.00071293
696    481         -0.92249716      -3.08825081      -1.04279191
697    481         -0.92133333      -3.04385888      -1.07355372
698    481         -0.95208525      -3.01560284      -1.08824506
699    481         -0.99439305      -2.99474242      -1.09877910
700    481         -1.03402530      -2.97575320      -1.10338135
701    481         -1.07419471      -2.96969310      -1.11645476
702    481         -1.10295347      -2.97746597      -1.14809917
703    481         -1.11834557      -2.96436502      -1.18404093
704    481         -1.12510856      -2.91230644      -1.19826058
705    481         -1.11224825      -2.84306948      -1.20216141
706    481         -1.07490371      -2.77981048      -1.20649802
707    481         -1.03881594      -2.73315156      -1.19589607
708    481         -1.02517839      -2.69688738      -1.16705248
709    481         -1.02045649      -2.65962515      -1.14358525
710    481         -1.02296386      -2.62512357      -1.13970903
711    481         -1.03252252      -2.61135624      -1.13933982
712    481         -1.05284593      -2.63659907      -1.12828912
713    481         -1.07624545      -2.66035351      -1.10718900
714    481         -1.08694832      -2.66213645      -1.09406807
715    481         -1.07056549      -2.64689488      -1.08707800
716    481         -1.05391720      -2.61899691      -1.08110615
717    481         -1.04950231      -2.56033832      -1.05726003
718    481         -1.05018677      -2.48892347      -1.02571420
719    481         -1.02689496      -2.42875705      -0.99386009
720    481         -0.97518822      -2.39576858      -0.98438468
721    481         -0.93348691      -2.38137283      -0.99865595
722    481         -0.92258260      -2.37690408      -1.03322429
723    481         -0.93930264      -2.37538639      -1.05713717
724    481         -0.96561096      -2.38008084      -1.05359061
725    481         -0.98099631      -2.38406422      -1.03621884
726    481         -0.97759733      -2.37598965      -1.03520956
727    481         -0.94843417      -2.37121369      -1.05021576
728    481         -0.89868160      -2.37194163      -1.05570566
729    481         -0.85121088      -2.36669271      -1.03644073
730    481         -0.82562836      -2.34401645      -0.99393442
731    481         -0.82349113      -2.30983884      -0.94199384
732    481         -0.82747314      -2.27730252      -0.88550223
733    481         -0.81996998      -2.23082406      -0.84806843
734    481         -0.81814584      -2.16661258      -0.81873184
735    481         -0.82191343      -2.10750988      -0.78926032
736    481         -0.82268044      -2.07868267      -0.76560285
737    481         -0.80012907      -2.08023307      -0.73725615
738    481         -0.75874135      -2.07320847      -0.67822399
739    481         -0.71738823      -2.05851610      -0.61809209
740    481         -0.71297300      -2.07542750      -0.59488427
741    481         -0.73884357      -2.10215000      -0.61535043
742    481         -0.74631869      -2.10784264      -0.63658337
743    481         -0.75593988      -2.08155380      -0.65674823
744    481         -0.79045731      -2.06210933      -0.67830344
745    481         -0.87436454      -2.06555593      -0.71222370
746    481         -0.97536419      -2.06485658      -0.73804587
747    481         -1.06394427      -2.04694213      -0.73909370
748    481         -1.13424165      -2.02304674      -0.74381397
749    481         -1.18683762      -2.00314832      -0.76199275
750    481         -1.20888092      -1.98417714      -0.79620255
751    481         -1.18471656      -1.96941249      -0.83577624
752    481         -1.13972888      -1.96156968      -0.89191823
753    481         -1.09832977      -1.96256454      -0.95264328
754    481         -1.10134847      -1.96862528      -1.02552508
755    481         -1.13172586      -1.97000414      -1.09925879
756    481         -1.14791502      -1.96483722      -1.17998484
757    481         -1.15407135      -1.95711528      -1.25111804
758    481         -1.15831736      -1.94098878      -1.30607588
759    481         -1.16364925      -1.90984203      -1.34636663
760    481         -1.15899649      -1.89809849      -1.37407690
761    481         -1.16499003      -1.91081882      -1.40539778
762    481         -1.16038665      -1.91582107      -1.44948914
763    481         -1.13597121      -1.88762287      -1.52013532
764    481         -1.11092713      -1.83106523      -1.59128163
765    481         -1.09942712      -1.80023086      -1.66142541
766    481         -1.08432593      -1.80467965      -1.72603419
767    481         -1.05002379      -1.82632885      -1.77664985
768    481         -1.01559996      -1.83718058      -1.78741316
769    481         -0.98607980      -1.84121407      -1.76111971
770    481         -0.97113703      -1.85027094      -1.73374787
771    481         -0.94304941      -1.85447028      -1.71916271
772    481         -0.90205151      -1.85170342      -1.71414088
773    481         -0.87710433      -1.83863277      -1.70336045
774    481         -0.87663563      -1.82029790      -1.68970722
775    481         -0.87144706      -1.80009081      -1.66970652
776    481         -0.84106312      -1.78764631      -1.65651774
777    481         -0.79585054      -1.79003688      -1.64434377
778    481         -0.73690329      -1.81735508      -1.62924367
779    481         -0.64080717      -1.85121796      -1.61797569
780    481         -0.51489687      -1.86879134      -1.61588642
781    481         -0.42680997      -1.87601486      -1.61930852
782    481         -0.39990670      -1.90021613      -1.61963673
783    481         -0.41751206      -1.92946462      -1.60595565
784    481         -0.45196024      -1.92734081      -1.55737642
785    481         -0.48364833      -1.90410187      -1.49570580
786    481         -0.48721868      -1.90076616      -1.46021053
787    481         -0.45141497      -1.93268510      -1.44531907
788    481         -0.39888069      -1.95025223      -1.45525472
789    481         -0.37305986      -1.93271974      -1.46685063
790    481         -0.35476665      -1.90323643      -1.47340774
791    481         -0.34619606      -1.88779846      -1.46977132
792    481         -0.36013202      -1.88529792      -1.46456699
793    481         -0.40088788      -1.87097349      -1.46533642
794    481         -0.43407600      -1.85243659      -1.46730719
795    481         -0.43062257      -1.87592680      -1.45329000
796    481         -0.40057767      -1.93146706      -1.43201039
797    481         -0.36230646      -1.97281090      -1.43137567
798    481         -0.32408652      -1.97329335      -1.42280446
799    481         -0.29118791      -1.96149759      -1.39130343
800    481         -0.27709669      -1.94089091      -1.33881439
801    481         -0.27756531      -1.91919223      -1.31453306
802    481         -0.28948143      -1.96644634      -1.31387784
803    481         -0.29415361      -2.06079019      -1.34892785
804    481         -0.31223795      -2.16611521      -1.38042918
805    481         -0.34237582      -2.26285008      -1.37968825
806    481         -0.37223032      -2.34825473      -1.37270444
807    481         -0.35585860      -2.41473112      -1.36653594
808    481         -0.30356677      -2.44999413      -1.37442679
809    481         -0.26393620      -2.44774809      -1.38529899
810    481         -0.26068325      -2.44075251      -1.39256692
811    481         -0.29056419      -2.44580288      -1.38140079
812    481         -0.35436209      -2.45347351      -1.37397305
813    481         -0.44533273      -2.44207142      -1.36245396
814    481         -0.52753185      -2.42589680      -1.34955658
815    481         -0.56513201      -2.42296844      -1.34446894
816    481         -0.57189763      -2.42456545      -1.37938645
817    481         -0.57737736      -2.41487000      -1.44486404
818    481         -0.57766424      -2.38217869      -1.52092780
819    481         -0.57625961      -2.34321788      -1.56665442
820    481         -0.58140536      -2.31301866      -1.56320413
821    481         -0.59784302      -2.29880959      -1.55643091
822    481         -0.62501047      -2.29702487      -1.54447029
823    481         -0.70460656      -2.27833374      -1.51459039
824    481         -0.84628489      -2.24665897      -1.44442131
825    481         -0.96741783      -2.21440275      -1.40809415
826    481         -1.01426792      -2.19856630      -1.46461175
827    481         -1.01359675      -2.18696197      -1.57381852
828    481         -1.01181553      -2.17120515      -1.65654931
829    481         -1.02738049      -2.14581937      -1.69041155
830    481         -1.06219095      -2.12356431      -1.70484534
831    481         -1.10360054      -2.10490234      -1.72661419
832    481         -1.14383740      -2.10004978      -1.76224722
833    481         -1.17731494      -2.12028441      -1.77788253
834    481         -1.21262468      -2.14334571      -1.76324941
835    481         -1.24892513      -2.12740520      -1.72677486
836    481         -1.29462731      -2.06983219      -1.68710529
837    481         -1.35544083      -1.98860578      -1.64157963
838    481         -1.41468839      -1.93027092      -1.58329105
839    481         -1.43939882      -1.92635543      -1.51888074
840    481         -1.42336027      -1.94969978      -1.46894729
841    481         -1.40178437      -1.96053707      -1.42438656
842    481         -1.41157203      -1.93877019      -1.36912567
843    481         -1.42301804      -1.90031870      -1.33081538
844    481         -1.42662742      -1.84045093      -1.33148049
845    481         -1.44230242      -1.78547832      -1.34945462
846    481         -1.47534231      -1.73280253      -1.33516127
847    481         -1.50222714      -1.67511032      -1.28522868
848    481         -1.51171089      -1.61961569      -1.25442923
849    481         -1.51934379      -1.58691891      -1.26983710
850    481         -1.54073277      -1.60642134      -1.31779753
851    481         -1.54649166      -1.62828890      -1.35663598
852    481         -1.53005074      -1.63024540      -1.37460090
853    481         -1.51671368      -1.59570687      -1.40463148
854    481         -1.53752177      -1.53885288      -1.43373137
855    481         -1.61098631      -1.48019915      -1.44267024
856    481         -1.69911174      -1.42606336      -1.42862762
857    481         -1.75324464      -1.36341653      -1.40623858
858    481         -1.76795040      -1.29594635      -1.40931834
859    481         -1.75610305      -1.26590217      -1.44703290
860    481         -1.72255802      -1.26757530      -1.51091789
861    481         -1.67427484      -1.30061656      -1.56464839
862    481         -1.63972175      -1.32558703      -1.62280274
863    481         -1.66773490      -1.32277136      -1.67557496
864    481         -1.74020110      -1.27870279      -1.70872551
865    481         -1.79320780      -1.20617670      -1.70995432
866    481         -1.80961433      -1.15144206      -1.68379321
867    481         -1.83057398      -1.13044703      -1.65893818
868    481         -1.87120314      -1.14767352      -1.66118609
869    481         -1.88516202      -1.18040887      -1.69916134
870    481         -1.84113290      -1.22478532      -1.72603864
871    481         -1.78140884      -1.25820934      -1.72472494
872    481         -1.74998776      -1.25774762      -1.70515977
873    481         -1.74267861      -1.23332374      -1.66340339
874    481         -1.75164836      -1.20253404      -1.61820704
875    481         -1.78157556      -1.14528527      -1.58495189
876    481         -1.84634902      -1.06958250      -1.52877531
877    481         -1.91582225      -1.01238515      -1.47920390
878    481         -1.93738696      -1.00551936      -1.47588960
879    481         -1.90867756      -1.06113247      -1.50030203
880    481         -1.87721531      -1.13098446      -1.50075103
881    481         -1.85532152      -1.15578970      -1.46838530
882    481         -1.85247379      -1.12944524      -1.42885586
883    481         -1.87055279      -1.07746484      -1.37549251
884    481         -1.90779293      -1.02360176      -1.31938083
885    481         -1.97072867      -1.01606463      -1.27930083
886    481         -2.03992595      -1.03534984      -1.29076865
887    481         -2.07837075      -1.05455162      -1.35527568
888    481         -2.08038856      -1.06385253      -1.43979976
889    481         -2.07523257      -1.06340715      -1.51579908
890    481         -2.06770270      -1.05460754      -1.57763504
891    481         -2.04253847      -1.04467932      -1.64194207
892    481         -2.01280601      -1.02360781      -1.72329460
893    481         -2.00876773      -0.96921722      -1.80113340
894    481         -2.03488931      -0.89982975      -1.84919811
895    481         -2.05414170      -0.84909000      -1.86922735
896    481         -2.04927581      -0.85328681      -1.89857206
897    481         -2.04041030      -0.89949252      -1.94122991
898    481         -2.03993605      -0.95466071      -1.97073865
899    481         -2.03551551      -0.98355286      -1.96289826
900    481         -2.02479916      -0.97911560      -1.94909149
901    481         -2.02201111      -0.94865732      -1.93114434
902    481         -2.03711842      -0.91743099      -1.89192229
903    481         -2.07858281      -0.92324598      -1.83647709
904    481         -2.12605640      -0.97352759      -1.81000286
905    481         -2.16757829      -1.04813329      -1.80341556
906    481         -2.19976109      -1.13220462      -1.78325176
907    481         -2.23611613      -1.22003755      -1.72878334
908    481         -2.29305263      -1.30386722      -1.65639459
909    481         -2.35638626      -1.37649605      -1.58345719
910    481         -2.38810760      -1.39179406      -1.50949554
911    481         -2.37305963      -1.35855542      -1.46012391
912    481         -2.34131483      -1.29503819      -1.44967311
913    481         -2.32900623      -1.23590046      -1.46005201
914    481         -2.32581661      -1.20001521      -1.48094178
915    481         -2.30333091      -1.19295332      -1.52065911
916    481         -2.27640709      -1.22423912      -1.57886409
917    481         -2.27211992      -1.27035410      -1.64397674
918    481         -2.28245579      -1.32827301      -1.69534240
919    481         -2.28383354      -1.38917019      -1.71297726
920    481         -2.29667485      -1.43915591      -1.69233256
921    481         -2.33736175      -1.44586118      -1.65402047
922    481         -2.39013371      -1.41711804      -1.60925814
923    481         -2.42341054      -1.37698597      -1.60133468
924    481         -2.43422807      -1.36557807      -1.65370131
925    481         -2.42539141      -1.38521527      -1.74409915
926    481         -2.39662162      -1.42565135      -1.82742345
927    481         -2.36228173      -1.47425430      -1.91336737
928    481         -2.32465925      -1.51619804      -2.01153940
929    481         -2.26985155      -1.50434984      -2.10976135
930    481         -2.20555852      -1.45359887      -2.18894750
931    481         -2.15494186      -1.39793553      -2.25005129
932    481         -2.15293938      -1.36915591      -2.30044007
933    481         -2.20860419      -1.37284817      -2.32870239
934    481         -2.28768254      -1.36978409      -2.34117254
935    481         -2.34061547      -1.33380913      -2.32457216
936    481         -2.34856274      -1.25309141      -2.28207870
937    481         -2.34509413      -1.16274213      -2.22921719
938    481         -2.36049979      -1.09823229      -2.20346387
939    481         -2.36391865      -1.07814887      -2.21663191
940    481         -2.35091437      -1.10056784      -2.25765867
941    481         -2.33909897      -1.14490943      -2.30323614
942    481         -2.36673746      -1.17503892      -2.32950138
943    481         -2.43588613      -1.17670939      -2.32574722
944    481         -2.50347328      -1.14873158      -2.30331524
945    481         -2.54949545      -1.09362058      -2.27478391
946    481         -2.58090849      -1.03216151      -2.23986068
947    481         -2.60119889      -0.99373814      -2.19001050
948    481         -2.58405753      -0.98842354      -2.13698514
949    481         -2.51743909      -1.00039732      -2.10487290
950    481         -2.43131895      -0.99591322      -2.09598932
951    481         -2.35989656      -0.98612864      -2.11513693
952    481         -2.31014250      -0.98235261      -2.13296812
953    481         -2.28224675      -0.98391205      -2.13566808
954    481         -2.26996746      -0.96691549      -2.12584225
955    481         -2.27794909      -0.93164455      -2.10700576
956    481         -2.30362861      -0.88765361      -2.08636628
957    481         -2.32968206      -0.84346669      -2.08666873
958    481         -2.34907997      -0.82365208      -2.11627428
959    481         -2.36006296      -0.81614043      -2.15584637
960    481         -2.37343205      -0.77336580      -2.18731425
961    481         -2.38077412      -0.69053020      -2.18991732
962    481         -2.39055872      -0.61326900      -2.17878137
963    481         -2.42316009      -0.56245277      -2.16513022
964    481         -2.46912166      -0.51390967      -2.16833370
965    481         -2.49225139      -0.44726383      -2.18027612
966    481         -2.48840804      -0.37278635      -2.19490778
967    481         -2.48681001      -0.31454981      -2.18899119
968    481         -2.48978870      -0.27631873      -2.17243655
969    481         -2.49369422      -0.24767791      -2.15165903
970    481         -2.50767122      -0.21256974      -2.13976308
971    481         -2.55217205      -0.16662942      -2.14446733
972    481         -2.60407945      -0.11759891      -2.13988198
973    481         -2.62460735      -0.07316934      -2.11995772
974    481         -2.61586116      -0.04691757      -2.07720651
975    481         -2.60036451      -0.04683354      -2.03957662
976    481         -2.59020810      -0.08454630      -1.99857552
977    481         -2.59631878      -0.14043550      -1.97719518
978    481         -2.63646639      -0.16418578      -1.95547526
979    481         -2.69468057      -0.14314556      -1.93730120
980    481         -2.74419958      -0.11711834      -1.91788196
981    481         -2.76744930      -0.12193773      -1.90759334
982    481         -2.78553761      -0.14974070      -1.91748309
983    481         -2.82843230      -0.18507020      -1.91434054
984    481         -2.89289997      -0.22289705      -1.89683709
985    481         -2.95876649      -0.27334021      -1.88084768
986    481         -3.00687392      -0.30537644      -1.87728103
987    481         -3.05632765      -0.30822054      -1.85229741
988    481         -3.11292203      -0.30491752      -1.81635119
989    481         -3.15305616      -0.31600068      -1.79041745
990    481         -3.17025033      -0.31482617      -1.79210407
991    481         -3.17525596      -0.29398753      -1.80054442
992    481         -3.18109526      -0.28178837      -1.81513659
993    481         -3.18949442      -0.31658543      -1.84369600
994    481         -3.19646982      -0.39263134      -1.86830389
995    481         -3.21076052      -0.45390406      -1.88126787
996    481         -3.22507213      -0.48685259      -1.88616820
997    481         -3.25176716      -0.50330000      -1.90447448
998    481         -3.27281324      -0.53328271      -1.91327787
999    481         -3.30079058      -0.56227035      -1.93250412
1000   481         -3.33751692      -0.54554408      -1.94735908
