0      508         10.08849970      -2.84775630       1.76078876
1      508         10.09169654      -2.89702754       1.74313212
2      508         10.10048646      -2.91759908       1.69522151
3      508         10.11628996      -2.90601528       1.64404127
4      508         10.12927261      -2.88970585       1.61255646
5      508         10.15232406      -2.90598240       1.60393935
6      508         10.16777152      -2.96385013       1.63090065
7      508         10.15801764      -3.03877445       1.68853782
8      508         10.13008097      -3.09614404       1.73375496
9      508         10.08296863      -3.12919506       1.74798522
10     508         10.02658958      -3.13728975       1.76346571
11     508          9.95381548      -3.11705227       1.79993429
12     508          9.89549605      -3.09334779       1.85502259
13     508          9.84298583      -3.08215552       1.89623306
14     508          9.78518291      -3.08576220       1.92418311
15     508          9.71895044      -3.07803194       1.94198533
16     508          9.66437718      -3.06818140       1.97686267
17     508          9.63130629      -3.05683105       2.01588779
18     508          9.61204109      -3.03489040       2.05565821
19     508          9.58514336      -3.01368992       2.08978942
20     508          9.55191585      -3.01515427       2.11776594
21     508          9.52656935      -3.04927652       2.14702144
22     508          9.51630136      -3.11305414       2.18288821
23     508          9.52378905      -3.17159175       2.22313643
24     508          9.54240844      -3.18730917       2.26997662
25     508          9.55378636      -3.16002163       2.32190262
26     508          9.55844007      -3.11952694       2.34670598
27     508          9.56911809      -3.08545651       2.34447664
28     508          9.60370905      -3.04937218       2.30694558
29     508          9.65849377      -3.02089908       2.26852385
30     508          9.71351015      -3.00652239       2.24224090
31     508          9.74227024      -2.99183293       2.21638451
32     508          9.74561351      -2.96419911       2.18236227
33     508          9.75576882      -2.94069678       2.13416400
34     508          9.78990088      -2.92810757       2.08010667
35     508          9.83268494      -2.92181615       2.03835048
36     508          9.85253621      -2.90870577       2.02638568
37     508          9.83637921      -2.89322537       2.03421030
38     508          9.78297230      -2.87703574       2.04320215
39     508          9.71308641      -2.85060249       2.04174795
40     508          9.65358823      -2.82289462       2.02977729
41     508          9.63263345      -2.78819630       1.99079368
42     508          9.64779872      -2.76615951       1.93413181
43     508          9.67861392      -2.75433151       1.86229403
44     508          9.68740197      -2.71518475       1.81278607
45     508          9.62937295      -2.64092324       1.78088961
46     508          9.52744149      -2.56929502       1.75591866
47     508          9.42217865      -2.53941431       1.74049115
48     508          9.34901999      -2.56086747       1.72428812
49     508          9.30447699      -2.60372371       1.70212381
50     508          9.27620996      -2.64451856       1.67437838
51     508          9.27110284      -2.65660818       1.64901841
52     508          9.27319523      -2.62617501       1.63315143
53     508          9.25406197      -2.56549771       1.62559972
54     508          9.21692501      -2.51302208       1.60504891
55     508          9.17542611      -2.49599082       1.56362681
56     508          9.13614288      -2.50744778       1.51001566
57     508          9.11162733      -2.53825155       1.44936445
58     508          9.09872978      -2.58345195       1.38424065
59     508          9.08413867      -2.62659106       1.33533764
60     508          9.05298527      -2.63962994       1.32348874
61     508          9.02160128      -2.62855373       1.36942676
62     508          9.00306456      -2.61496357       1.45958280
63     508          9.01480070      -2.63056697       1.54814487
64     508          9.04163587      -2.66141145       1.57653946
65     508          9.07604388      -2.68989641       1.54826442
66     508          9.11888666      -2.70894142       1.49414218
67     508          9.15850809      -2.72248928       1.43457851
68     508          9.17931627      -2.72783429       1.38376014
69     508          9.18382175      -2.70925715       1.33115094
70     508          9.16767256      -2.67732204       1.29116054
71     508          9.15805401      -2.64582476       1.29151359
72     508          9.18051453      -2.64635624       1.31796531
73     508          9.22188703      -2.69459561       1.34514749
74     508          9.27544633      -2.77902821       1.32707956
75     508          9.32853077      -2.86664085       1.26370588
76     508          9.37761235      -2.97192879       1.18624251
77     508          9.41639155      -3.07133406       1.12523015
78     508          9.45458122      -3.13516910       1.06968369
79     508          9.49203362      -3.13207631       1.02122152
80     508          9.54305652      -3.08926881       1.00409065
81     508          9.59364294      -3.03852317       1.01852515
82     508          9.60836683      -3.01665800       1.01989058
83     508          9.58099120      -3.05584665       0.98588857
84     508          9.53715461      -3.13533820       0.92907988
85     508          9.50325062      -3.20996760       0.87763409
86     508          9.49899546      -3.26702264       0.85859638
87     508          9.49853487      -3.32219083       0.84998489
88     508          9.46620382      -3.37465008       0.82733810
89     508          9.42784418      -3.40437861       0.79234871
90     508          9.39105761      -3.37808797       0.75506246
91     508          9.36352013      -3.30714976       0.74084328
92     508          9.33711852      -3.22784509       0.74207683
93     508          9.31292972      -3.19237702       0.72216471
94     508          9.29413325      -3.21552814       0.68192585
95     508          9.27221466      -3.27163452       0.65285512
96     508          9.25317840      -3.30166084       0.65327881
97     508          9.23947395      -3.30249538       0.67201612
98     508          9.20934133      -3.30477401       0.67544775
99     508          9.17793802      -3.31684085       0.66672196
100    508          9.17523532      -3.30454164       0.65768039
101    508          9.18869150      -3.25335769       0.66511444
102    508          9.14865520      -3.23548996       0.63225121
103    508          9.08104349      -3.26212981       0.55921684
104    508          9.05068955      -3.27763061       0.48861756
105    508          9.04484099      -3.28169864       0.46329475
106    508          9.03372899      -3.28738382       0.45359226
107    508          9.02948124      -3.30670128       0.47208876
108    508          9.05663973      -3.33798953       0.52512827
109    508          9.06790222      -3.38778401       0.58472815
110    508          9.01245626      -3.48084632       0.61277919
111    517         10.90164729      -1.76417412       0.70817668
112    517         10.98284965      -1.77462709       0.65500786
113    517         11.06065163      -1.79353590       0.62964368
114    517         11.11593130      -1.80219276       0.62613321
115    517         11.14086719      -1.81744296       0.62507794
116    517         11.13050580      -1.86077134       0.62149703
117    517         11.11700446      -1.89982019       0.63009776
118    517         11.11837585      -1.90889453       0.64586128
119    517         11.12641985      -1.90597280       0.61507592
120    517         11.13319163      -1.90504339       0.54780493
121    517         11.15071732      -1.92222203       0.49938547
122    517         11.17857903      -1.95725818       0.51039076
123    517         11.19013349      -2.01904003       0.54905578
124    517         11.19262692      -2.09961692       0.56884869
125    517         11.19580557      -2.16506513       0.55675966
126    517         11.21756299      -2.20980440       0.55181657
127    517         11.25134483      -2.23480417       0.58964952
128    517         11.26366477      -2.24548027       0.62789441
129    517         11.24011505      -2.24668244       0.63921048
130    517         11.18796131      -2.25497254       0.61758609
131    517         11.11592128      -2.27068783       0.59845732
132    517         11.03384967      -2.30844029       0.58718478
133    517         10.94537937      -2.35840536       0.61357586
134    517         10.85522151      -2.38728550       0.65728179
135    517         10.75672545      -2.39463417       0.70011109
136    517         10.65768890      -2.39525675       0.72428568
137    517         10.57843783      -2.39788337       0.72808982
138    517         10.52841394      -2.41311292       0.72094063
139    517         10.49666822      -2.44506314       0.71836057
140    517         10.46539211      -2.45406574       0.71968258
141    517         10.43234437      -2.42412609       0.71848394
142    517         10.38919292      -2.35974595       0.72574098
143    517         10.36210956      -2.28951324       0.73995502
144    517         10.34888091      -2.22733810       0.76206696
145    517         10.35672251      -2.18863291       0.76504605
146    517         10.38410996      -2.16978500       0.76440432
147    517         10.42750847      -2.17072859       0.75341378
148    517         10.45838342      -2.19195649       0.73518917
149    517         10.46819355      -2.23068540       0.71917189
150    517         10.47703455      -2.25085715       0.70775450
151    517         10.50548208      -2.26439696       0.70377053
152    517         10.55414697      -2.27041155       0.70750264
153    517         10.59971288      -2.26045989       0.72220508
154    517         10.64605160      -2.25530228       0.73147695
155    517         10.69808119      -2.28189376       0.73209756
156    517         10.72161332      -2.35073722       0.72632512
157    517         10.70906221      -2.41868193       0.69698579
158    517         10.68742677      -2.47449981       0.67627302
159    517         10.66048796      -2.52951803       0.63856825
160    517         10.64340933      -2.55426807       0.58195620
161    517         10.62483453      -2.55426732       0.53017275
162    517         10.62418598      -2.56495178       0.50064573
163    517         10.64184196      -2.59175260       0.49229770
164    517         10.67133384      -2.61728597       0.50432052
165    517         10.69812322      -2.62511559       0.54142490
166    517         10.72270382      -2.63098637       0.57944746
167    517         10.74276125      -2.66768223       0.62013569
168    517         10.74424793      -2.70172605       0.65716895
169    517         10.72867485      -2.70488301       0.66652670
170    517         10.68351162      -2.68957418       0.65094766
171    517         10.64161889      -2.66321347       0.63021132
172    517         10.63448624      -2.60984501       0.62604230
173    517         10.67045082      -2.55481722       0.63676552
174    517         10.72123078      -2.53463676       0.64552566
175    517         10.75910572      -2.54973830       0.63482275
176    517         10.78172331      -2.56357241       0.60549423
177    517         10.80360011      -2.55393336       0.56578101
178    517         10.81072080      -2.54653214       0.52616563
179    517         10.83681341      -2.55306050       0.50834265
180    517         10.90063867      -2.53478702       0.49852112
181    517         10.97917177      -2.47805782       0.47861377
182    517         11.03869125      -2.44027658       0.46325208
183    517         11.06584432      -2.45203338       0.47672510
184    517         11.07359340      -2.47852532       0.50837250
185    517         11.08835901      -2.47726621       0.53821930
186    517         11.11978434      -2.45335719       0.56480533
187    517         11.14076865      -2.43428858       0.60603322
188    517         11.13886554      -2.41701453       0.63826254
189    517         11.12387155      -2.37160277       0.64095178
190    517         11.11562589      -2.29096173       0.60935281
191    517         11.11646181      -2.21410169       0.59604660
192    517         11.12857245      -2.14519653       0.61446841
193    517         11.16603441      -2.08950745       0.65739189
194    517         11.19805886      -2.04403751       0.70768604
195    517         11.19182528      -2.01347712       0.74268347
196    517         11.16749795      -1.99337555       0.76764606
197    517         11.14570449      -1.98329300       0.77893631
198    517         11.12914737      -1.98260162       0.78201109
199    517         11.10250592      -1.98955747       0.76988049
200    517         11.06333181      -1.98932680       0.76282231
201    517         10.99748792      -1.96666247       0.76722731
202    517         10.91401360      -1.93607217       0.79313102
203    517         10.84063466      -1.90741301       0.82506051
204    517         10.79247276      -1.87336446       0.85514378
205    517         10.76848016      -1.81243549       0.85772489
206    517         10.74496834      -1.72651160       0.80997304
207    517         10.71590306      -1.62704945       0.73793846
208    517         10.69854874      -1.52532665       0.68118631
209    517         10.70954956      -1.44081524       0.66037910
210    517         10.73171803      -1.40415144       0.64893097
211    517         10.76342253      -1.41904988       0.62648420
212    517         10.80610266      -1.44358735       0.59454671
213    517         10.85548511      -1.46767845       0.56754623
214    517         10.91208718      -1.50386081       0.53261897
215    517         10.97356094      -1.53397366       0.50262185
216    517         11.04596263      -1.53718901       0.49705344
217    517         11.12614982      -1.49090619       0.50021372
218    517         11.20495412      -1.41564767       0.51160107
219    517         11.27823338      -1.34662035       0.51134650
220    517         11.33683610      -1.30909451       0.50329896
221    517         11.35912661      -1.30017456       0.49362327
222    517         11.35495348      -1.30666022       0.50315364
223    517         11.36396792      -1.32075416       0.52067220
224    517         11.37836934      -1.32646797       0.53852592
225    517         11.38369935      -1.29031238       0.55270683
226    517         11.38334307      -1.22270975       0.58921511
227    517         11.40683116      -1.16898832       0.63432225
228    517         11.46259857      -1.13573130       0.67141838
229    517         11.53574591      -1.08282397       0.69268640
230    517         11.59142552      -1.01302672       0.71534269
231    517         11.60811142      -0.95559795       0.74290387
232    517         11.61114839      -0.92406800       0.77558839
233    517         11.61822373      -0.90851878       0.81031434
234    517         11.62711234      -0.89664572       0.85819039
235    517         11.65083460      -0.87195328       0.91113446
236    517         11.68982060      -0.83215212       0.94563882
237    517         11.72330948      -0.77519689       0.96902893
238    517         11.75475247      -0.71749357       0.98788682
239    517         11.80449220      -0.67229445       1.01385636
240    517         11.86621243      -0.62774290       1.06081295
241    517         11.91848704      -0.56582243       1.11852342
242    517         11.94602079      -0.49648845       1.14344820
243    517         11.95273362      -0.44075326       1.12791272
244    517         11.94261216      -0.38452545       1.10921028
245    517         11.92893957      -0.33706366       1.11133037
246    517         11.93191713      -0.30818642       1.12272583
247    517         11.96125836      -0.29072939       1.15209621
248    517         12.01223993      -0.28026010       1.20600838
249    517         12.06566598      -0.27140643       1.26400559
250    517         12.12625502      -0.26798933       1.30254490
251    517         12.19203054      -0.25441172       1.33061489
252    517         12.24033052      -0.25295788       1.38115831
253    517         12.26110316      -0.27154970       1.45375230
254    517         12.25225610      -0.30235643       1.51723784
255    517         12.22457005      -0.33222109       1.55318568
256    517         12.20127375      -0.35607862       1.58175290
257    517         12.18033219      -0.38652095       1.60164026
258    517         12.16247930      -0.42316579       1.62072595
259    517         12.14756554      -0.46064474       1.64889047
260    517         12.15348935      -0.47537951       1.68453446
261    517         12.19576587      -0.48536151       1.70633429
262    517         12.24385151      -0.52136778       1.71027442
263    517         12.25487070      -0.58088710       1.69424826
264    517         12.22725908      -0.63864570       1.65231259
265    517         12.17823994      -0.68603051       1.61106601
266    517         12.09948523      -0.72944077       1.60637123
267    517         11.99355670      -0.76750190       1.64578378
268    517         11.87200625      -0.78872145       1.68056451
269    517         11.77200613      -0.79823262       1.66501786
270    517         11.70796644      -0.79825500       1.61957874
271    517         11.70065618      -0.76988237       1.59740091
272    517         11.74698899      -0.72639212       1.61272293
273    517         11.78334054      -0.69363242       1.64485177
274    517         11.77825850      -0.70404280       1.66417493
275    517         11.74303653      -0.77168059       1.63903474
276    517         11.68039242      -0.87186411       1.56271834
277    517         11.59361916      -0.94860518       1.46541215
278    517         11.52353598      -0.98067826       1.37238177
279    517         11.47615801      -0.98195909       1.27605258
280    517         11.44560052      -0.98156730       1.19800498
281    517         11.43209609      -0.98732482       1.15208547
282    517         11.43364899      -0.98314492       1.14700630
283    517         11.41919679      -0.97055371       1.17380894
284    517         11.38508133      -0.95641676       1.19891444
285    517         11.31618380      -0.93113460       1.20870274
286    517         11.21396216      -0.90632906       1.18747905
287    517         11.10587606      -0.90079349       1.13181917
288    517         11.02193222      -0.89784621       1.07524828
289    517         10.96075561      -0.88739659       1.04897554
290    517         10.91118392      -0.86913953       1.01867687
291    517         10.87984473      -0.86485783       0.96739921
292    517         10.87748026      -0.87364032       0.90744674
293    517         10.91978909      -0.87513427       0.84114874
294    517         10.99074198      -0.85472836       0.75967903
295    517         11.04331428      -0.83988185       0.67625447
296    517         11.01891592      -0.88772779       0.59515530
297    517         10.93917652      -0.98461247       0.53298090
298    517         10.87800892      -1.06512601       0.48356591
299    517         10.88340566      -1.10438011       0.44358298
300    517         10.92976723      -1.12300734       0.40974199
301    517         10.98203034      -1.14040368       0.38140116
302    517         11.02578803      -1.17472335       0.36455007
303    517         11.05117321      -1.23693461       0.34941449
304    517         11.04284931      -1.32777995       0.33056755
305    517         10.98841524      -1.42689677       0.29141240
306    517         10.92664052      -1.50010520       0.25005354
307    517         10.87338130      -1.54310250       0.24270594
308    517         10.84724063      -1.56216707       0.28601274
309    517         10.83803730      -1.56865914       0.33310402
310    517         10.83743892      -1.56134623       0.38218318
311    517         10.82270783      -1.54869775       0.41730400
312    517         10.78941943      -1.53135308       0.42938820
313    517         10.76065655      -1.52389711       0.40934539
314    517         10.73590693      -1.54356093       0.38887984
315    517         10.69820662      -1.58560002       0.37066753
316    517         10.69355657      -1.60007739       0.32846278
317    517         10.70321809      -1.57944768       0.29010348
318    517         10.70253446      -1.55397256       0.27783022
319    517         10.71027812      -1.54107184       0.29716131
320    517         10.72507455      -1.54330088       0.34404200
321    517         10.72411898      -1.55176610       0.38079049
322    517         10.72538882      -1.56459919       0.36658942
323    517         10.74842675      -1.56776093       0.31941612
324    517         10.78293845      -1.55859222       0.27115714
325    517         10.81794583      -1.52194738       0.24515548
326    517         10.84333076      -1.47502511       0.24305737
327    517         10.86076060      -1.43942607       0.26668318
328    517         10.85685189      -1.42599268       0.29296537
329    517         10.83606470      -1.42784576       0.30337789
330    517         10.81840779      -1.44995154       0.30697345
331    517         10.81891187      -1.49083963       0.31535446
332    517         10.82107299      -1.54160890       0.31461857
333    517         10.80430439      -1.59447303       0.27289520
334    517         10.76515314      -1.64105736       0.20739438
335    517         10.74302358      -1.66496142       0.14872999
336    517         10.75704937      -1.66092873       0.11989107
337    517         10.78156449      -1.66536049       0.12841951
338    517         10.80729377      -1.66616493       0.15384175
339    517         10.83042614      -1.68029710       0.17504178
340    517         10.83619799      -1.70640679       0.18173733
341    517         10.82769012      -1.76278128       0.17376352
342    517         10.82359248      -1.83227008       0.14830695
343    517         10.83869903      -1.90677758       0.10864442
344    517         10.86790493      -1.95232148       0.07727197
345    517         10.88210459      -1.94282249       0.07756078
346    517         10.87884794      -1.89700427       0.11272062
347    517         10.86831850      -1.85675242       0.16209850
348    517         10.85138978      -1.84637123       0.18227312
349    517         10.81141695      -1.85538778       0.16799017
350    517         10.75455874      -1.88981314       0.15109629
351    517         10.72004931      -1.90072635       0.16021004
352    517         10.74153771      -1.88759425       0.17139498
353    517         10.78774514      -1.84883025       0.15543764
354    517         10.81299938      -1.81812672       0.13805719
355    517         10.81747667      -1.81493896       0.14724639
356    517         10.84065495      -1.82558522       0.19068959
357    517         10.88689117      -1.83230079       0.23124175
358    517         10.92313411      -1.83777401       0.24763707
359    517         10.93374238      -1.84003820       0.22681657
360    517         10.93206067      -1.82683970       0.19039467
361    517         10.94583531      -1.84032965       0.17260046
362    517         10.94686944      -1.88056087       0.18900021
363    517         10.93889183      -1.91632417       0.21065016
364    517         10.92623073      -1.90870472       0.21298489
365    517         10.90476643      -1.88646038       0.22562431
366    517         10.87548745      -1.86282813       0.25444730
367    517         10.83977427      -1.84500509       0.28237076
368    517         10.80030008      -1.82534348       0.28848662
369    517         10.77123766      -1.80307152       0.29359281
370    517         10.75039634      -1.77728213       0.28967803
371    517         10.71694879      -1.77303812       0.28244617
372    517         10.67720130      -1.79516562       0.28283660
373    517         10.63947960      -1.81727508       0.28433631
374    517         10.59881752      -1.82533422       0.28090962
375    517         10.54732649      -1.81765072       0.26270636
376    517         10.49919281      -1.81302066       0.24232047
377    517         10.47709640      -1.81548654       0.22471281
378    517         10.48439188      -1.82282751       0.20753371
379    517         10.48928236      -1.83906525       0.16975005
380    517         10.48733932      -1.88265683       0.11895121
381    517         10.51093455      -1.92519913       0.08824060
382    517         10.54406724      -1.97725554       0.07143425
383    517         10.55098627      -2.02793309       0.06736506
384    517         10.52632464      -2.06570220       0.05769817
385    517         10.49558158      -2.09965683       0.02413014
386    517         10.47417706      -2.14116588      -0.01388298
387    517         10.46024471      -2.19605030      -0.02025662
388    517         10.46796125      -2.23471151      -0.00527696
389    517         10.49512540      -2.23453436       0.00332696
390    517         10.52713028      -2.21340067      -0.00046586
391    517         10.56559880      -2.19480160      -0.01190871
392    517         10.60573424      -2.18960117      -0.01865492
393    517         10.64462863      -2.18345978      -0.01376497
394    517         10.68332391      -2.16182994      -0.00108976
395    517         10.70004061      -2.14549092       0.02960905
396    517         10.69065080      -2.14240039       0.09432703
397    517         10.66233594      -2.13129695       0.17895086
398    517         10.63504438      -2.08910453       0.22809945
399    517         10.61410994      -2.02358808       0.23412939
400    517         10.59777202      -1.98094851       0.24045376
401    517         10.59557562      -1.98841556       0.26370339
402    517         10.61642811      -2.02043366       0.29982985
403    517         10.66205257      -2.06354140       0.31948873
404    517         10.69489438      -2.12834735       0.34143601
405    517         10.69727157      -2.19283329       0.36952909
406    517         10.68618000      -2.21847340       0.39538855
407    517         10.68972590      -2.20265796       0.40769294
408    517         10.69227149      -2.17041585       0.41261850
409    517         10.66764043      -2.16249532       0.44000400
410    517         10.61000632      -2.17753134       0.48563554
411    517         10.53105989      -2.20112346       0.53957955
412    517         10.44896152      -2.21031634       0.57337516
413    517         10.39026018      -2.20804882       0.56951399
414    517         10.35949710      -2.19323737       0.53518883
415    517         10.32913570      -2.17254246       0.49873739
416    517         10.29002423      -2.16266323       0.50216279
417    517         10.24345533      -2.16024001       0.54393127
418    517         10.19593441      -2.14726741       0.60677481
419    517         10.17098471      -2.13004742       0.65253466
420    517         10.16347448      -2.12158053       0.65257310
421    517         10.14039582      -2.13545952       0.61475072
422    517         10.08201401      -2.14476732       0.56488422
423    517         10.00401703      -2.10720505       0.53914361
424    517          9.93547672      -2.02582122       0.54145127
425    517          9.89227434      -1.94145194       0.54397932
426    517          9.85869079      -1.90627254       0.52408918
427    517          9.82925259      -1.93562340       0.48861708
428    517          9.80443975      -1.99774890       0.44861816
429    517          9.80505170      -2.04768132       0.43120963
430    517          9.83883780      -2.05711427       0.42246317
431    517          9.89122438      -2.02030843       0.43703164
432    517          9.94060838      -1.95082850       0.47443959
433    517          9.98650979      -1.86998057       0.52058656
434    517         10.03915223      -1.80029519       0.56381626
435    517         10.10767639      -1.75664941       0.60110235
436    517         10.19720301      -1.71926120       0.64211712
437    517         10.29288692      -1.67841056       0.68178093
438    517         10.35555685      -1.66139139       0.70390280
439    517         10.38749771      -1.69081908       0.70397743
440    517         10.42069666      -1.75432690       0.70742022
441    517         10.46852812      -1.80308966       0.71628108
442    517         10.52975459      -1.79593430       0.75319501
443    517         10.59944073      -1.75124182       0.82832568
444    517         10.67178436      -1.70125456       0.92230844
445    517         10.71175106      -1.69400372       0.98524272
446    517         10.70337593      -1.73893552       0.98768413
447    517         10.70184732      -1.81484926       0.95727547
448    517         10.72825340      -1.88070431       0.93802955
449    517         10.75102975      -1.91274323       0.95697504
450    517         10.75860983      -1.94130648       1.00042806
451    517         10.77288869      -1.98076531       1.03881505
452    517         10.81685795      -2.00721024       1.04595111
453    517         10.90030731      -1.99365274       1.03518644
454    517         10.97715205      -1.95796970       1.01206661
455    517         11.00507268      -1.93750436       0.96954077
456    517         10.98336203      -1.95005748       0.92273931
457    517         10.95242939      -1.95677512       0.89256542
458    517         10.92882027      -1.94825370       0.86993757
459    517         10.89689654      -1.93578899       0.86615830
460    517         10.87239780      -1.92836032       0.88976445
461    517         10.87004629      -1.89718673       0.93280620
462    517         10.88529415      -1.86007908       0.98658875
463    517         10.90161164      -1.81679393       1.05540392
464    517         10.91677777      -1.77774290       1.12887371
465    517         10.92444180      -1.72198356       1.18501179
466    517         10.92210800      -1.68027213       1.18946372
467    517         10.90062333      -1.63024477       1.18357374
468    517         10.87740914      -1.58540988       1.21334655
469    517         10.86206329      -1.57483266       1.28451702
470    517         10.86144050      -1.57215393       1.37895873
471    517         10.87968200      -1.54597535       1.48126076
472    517         10.88277567      -1.49846102       1.56850650
473    517         10.85785165      -1.44402281       1.62125845
474    517         10.83450793      -1.39076418       1.64446643
475    517         10.83689321      -1.34927537       1.66629558
476    517         10.85298737      -1.31951551       1.72203605
477    517         10.85836705      -1.31001602       1.82296159
478    517         10.84148447      -1.31134444       1.92962156
479    517         10.80320101      -1.32124132       1.99046710
480    517         10.75951417      -1.34856209       1.98674568
481    517         10.70379630      -1.39087108       1.95029228
482    517         10.64509179      -1.44544985       1.91297780
483    517         10.61531593      -1.48552743       1.89663565
484    517         10.62186404      -1.50326312       1.90953125
485    517         10.64371087      -1.51559415       1.96033452
486    517         10.65733218      -1.52849237       2.01951448
487    517         10.67546851      -1.54311249       2.04511309
488    517         10.72530447      -1.55449032       2.04902313
489    517         10.77227357      -1.55530719       2.04311123
490    517         10.82344736      -1.57804475       2.02533944
491    517         10.90442209      -1.63113274       1.96010011
492    517         10.99347829      -1.69803577       1.87668782
493    517         11.06717995      -1.75952856       1.81548343
494    517         11.11949082      -1.81462573       1.78970785
495    517         11.15505419      -1.84299293       1.80221864
496    517         11.18112572      -1.82597491       1.81878916
497    517         11.20994479      -1.78185761       1.82387591
498    517         11.25727434      -1.78544014       1.79549414
499    517         11.31000555      -1.84162249       1.75656401
500    517         11.35894861      -1.90259924       1.71483558
501    517         11.38934142      -1.92525337       1.68753204
502    517         11.40477761      -1.90631595       1.67636912
503    517         11.41691865      -1.88177067       1.67281473
504    517         11.42659093      -1.87852946       1.68515432
505    517         11.42582951      -1.88920993       1.71513065
506    517         11.40571872      -1.89723858       1.74100090
507    517         11.38508020      -1.89788715       1.76465098
508    517         11.38440576      -1.89246930       1.79751141
509    517         11.41628025      -1.89969915       1.81795112
510    517         11.44909093      -1.94459968       1.81493365
511    517         11.46286160      -2.02493746       1.80337329
512    517         11.43804576      -2.08707905       1.82208753
513    517         11.39205413      -2.10463145       1.86260242
514    517         11.34167496      -2.08021181       1.89792862
515    517         11.33329659      -2.06301796       1.89017482
516    517         11.36151333      -2.06121314       1.86350024
517    517         11.38660737      -2.09716448       1.82726467
518    517         11.38292860      -2.16691536       1.80679691
519    517         11.35977094      -2.23976714       1.80971040
520    517         11.36217390      -2.29681748       1.81576826
521    517         11.38722247      -2.34517537       1.81017271
522    517         11.39219094      -2.39927344       1.78562185
523    517         11.35637881      -2.47369947       1.76371493
524    517         11.30671417      -2.56274891       1.74974600
525    517         11.27903263      -2.64240736       1.73069515
526    517         11.29708853      -2.69780175       1.69248254
527    517         11.32738152      -2.70700932       1.64666132
528    517         11.33193461      -2.69732736       1.62322853
529    517         11.31933208      -2.69158511       1.61018029
530    517         11.31510238      -2.71857328       1.59061725
531    517         11.32701816      -2.77631787       1.57865614
532    517         11.32918746      -2.85182485       1.56267212
533    517         11.31414263      -2.93352170       1.55233981
534    517         11.29619065      -3.00627234       1.53823290
535    517         11.30704794      -3.05414486       1.53123414
536    517         11.34153390      -3.07351389       1.54822440
537    517         11.35694096      -3.06421197       1.56426497
538    517         11.34049561      -3.05713473       1.57311241
539    517         11.32101429      -3.05954822       1.57189595
540    517         11.31273766      -3.09147636       1.57819652
541    517         11.30938020      -3.15296594       1.57888790
542    517         11.30610802      -3.22232933       1.58207945
543    517         11.33958721      -3.29747882       1.58794816
544    517         11.40029995      -3.35361220       1.60565609
545    517         11.45028988      -3.40217025       1.62784683
546    517         11.47044874      -3.45645075       1.63801506
547    517         11.48415636      -3.51305380       1.64167504
548    517         11.49642025      -3.54986830       1.63560842
549    517         11.47867377      -3.56098341       1.62771533
550    517         11.44079425      -3.56060406       1.62162063
551    517         11.41904514      -3.57694623       1.61578139
552    517         11.43941128      -3.63261534       1.60900761
553    517         11.50262054      -3.70028925       1.61861183
554    517         11.57512366      -3.76474388       1.63114107
555    517         11.60006793      -3.81991283       1.63328065
556    517         11.59477257      -3.86581677       1.60650056
557    517         11.58917625      -3.88267858       1.57321210
558    517         11.59002351      -3.86436971       1.53842174
559    517         11.56826201      -3.84052842       1.49181101
560    517         11.52909583      -3.83056920       1.44355872
561    517         11.49379982      -3.82954958       1.40420938
562    517         11.49607823      -3.82599870       1.40093592
563    517         11.53132338      -3.82217429       1.39299052
564    517         11.57662482      -3.81318164       1.41629800
565    517         11.56926749      -3.79826354       1.43939410
566    517         11.57543720      -3.81922959       1.45841579
567    517         11.62680302      -3.88220358       1.47651138
568    517         11.66977813      -3.96873915       1.49079585
569    517         11.69116876      -4.03602405       1.48476569
570    517         11.69199493      -4.04179813       1.45229877
571    517         11.69178034      -4.01433685       1.40433677
572    517         11.68262103      -3.96238633       1.36448469
573    517         11.65382063      -3.89692641       1.32893181
574    517         11.62294475      -3.84684890       1.29666981
575    517         11.61358831      -3.83981269       1.26933579
576    517         11.61291781      -3.87832212       1.23740922
577    517         11.60541732      -3.91505714       1.20669813
578    517         11.60552678      -3.93198775       1.18675506
579    517         11.60411982      -3.92885011       1.17697648
580    517         11.61309719      -3.93924014       1.15939755
581    517         11.64749907      -3.96504541       1.15721397
582    517         11.69357684      -4.01169392       1.14648383
583    517         11.72070560      -4.05689047       1.11315047
584    517         11.72410115      -4.06429636       1.07121022
585    517         11.71866028      -4.03102027       1.03843733
586    517         11.72414536      -3.98879166       1.01623544
587    517         11.73815134      -3.94988371       0.99771663
588    517         11.75027629      -3.92087689       0.96980482
589    517         11.77084243      -3.92866301       0.95347114
590    517         11.80222790      -3.96871936       0.93379511
591    517         11.81781200      -4.00246916       0.89533140
592    517         11.80098990      -3.98792951       0.84839908
593    517         11.74297367      -3.93490643       0.81487457
594    517         11.68252192      -3.87250161       0.78810292
595    517         11.65999955      -3.82952129       0.73504215
596    517         11.64516823      -3.82252961       0.66386373
597    517         11.61680574      -3.83711472       0.59734019
598    517         11.58045527      -3.85215602       0.54348905
599    517         11.53794868      -3.84958294       0.49135031
600    517         11.48040461      -3.80599155       0.46362078
601    517         11.41794956      -3.73772537       0.50993389
602    517         11.40425796      -3.68851216       0.60277475
603    517         11.43264473      -3.66742819       0.67515551
604    517         11.44241172      -3.61245391       0.66695913
605    517         11.45034883      -3.51368265       0.60958435
606    517         11.50086528      -3.41617493       0.56020414
607    517         11.55520736      -3.37550408       0.53234410
608    517         11.55657616      -3.37624446       0.51138717
609    517         11.51210091      -3.35592212       0.49591767
610    517         11.45522666      -3.30295583       0.49771575
611    517         11.41119880      -3.21259144       0.52347348
612    517         11.37380726      -3.10861224       0.58533954
613    517         11.33765815      -3.00329851       0.66809686
614    517         11.29297191      -2.89400764       0.72705085
615    517         11.24277673      -2.80105952       0.73266193
616    517         11.19238510      -2.75891475       0.67561224
617    517         11.14784268      -2.76343238       0.62939079
618    517         11.14001011      -2.78288012       0.62926001
619    517         11.20279352      -2.79439530       0.66969280
620    517         11.30674280      -2.79361163       0.70725944
621    517         11.39123754      -2.77910362       0.73756691
622    517         11.43032211      -2.74044982       0.74356882
623    517         11.44687300      -2.69589436       0.71294885
624    517         11.43993185      -2.67347110       0.66149303
625    517         11.40727620      -2.66452166       0.59764592
626    517         11.36974770      -2.63886680       0.53288645
627    517         11.34138837      -2.60656209       0.48371298
628    517         11.33574637      -2.58160122       0.46138107
629    517         11.37626270      -2.56791131       0.46460224
630    517         11.44683742      -2.57197618       0.50491728
631    517         11.50775846      -2.57055543       0.54188115
632    517         11.51593276      -2.57806335       0.54232502
633    517         11.49537540      -2.62171757       0.50873209
634    517         11.48572304      -2.66722927       0.48879710
635    517         11.51257970      -2.67695745       0.47991305
636    517         11.57180766      -2.65252948       0.47726815
637    517         11.62734434      -2.63155005       0.49065299
638    517         11.66103240      -2.62755664       0.51444732
639    517         11.66795584      -2.63380388       0.53847625
640    517         11.65048832      -2.63184756       0.55815095
641    517         11.62547625      -2.63325527       0.59130230
642    517         11.61104536      -2.66998879       0.64023212
643    517         11.60472404      -2.73112572       0.68603301
644    517         11.59181814      -2.74448196       0.67196395
645    517         11.57554614      -2.67398054       0.61298557
646    517         11.58569173      -2.56859980       0.55386827
647    517         11.63053006      -2.49591797       0.53993715
648    517         11.68021701      -2.46999311       0.54767705
649    517         11.68722311      -2.47903652       0.55990072
650    517         11.64837384      -2.52684369       0.58068333
651    517         11.61668115      -2.57882159       0.61570922
652    517         11.61772625      -2.59747362       0.66103377
653    517         11.61908000      -2.56162420       0.69703801
654    517         11.60700905      -2.50574812       0.72437036
655    517         11.61458963      -2.45841527       0.74838566
656    517         11.64065549      -2.40505961       0.77123536
657    517         11.64785987      -2.31570995       0.77914024
658    517         11.63790398      -2.22937073       0.78258272
659    517         11.60405660      -2.19459245       0.77932869
660    517         11.56334784      -2.21161846       0.79487513
661    517         11.52098112      -2.26478831       0.83356243
662    517         11.47156995      -2.31554851       0.86960563
663    517         11.41511268      -2.35290721       0.89267693
664    517         11.37526454      -2.36121396       0.92771477
665    517         11.39138127      -2.32667432       0.98724446
666    517         11.46244851      -2.26924885       1.04814473
667    517         11.55155874      -2.22225955       1.10042829
668    517         11.62887324      -2.18376664       1.13932032
669    517         11.67630460      -2.14614946       1.17811511
670    517         11.68504112      -2.14184241       1.20286800
671    517         11.65573520      -2.20150041       1.20259220
672    517         11.60463572      -2.30170898       1.19342192
673    517         11.56845057      -2.37880099       1.19106224
674    517         11.56471452      -2.38989272       1.18021260
675    517         11.61831879      -2.34067783       1.17008677
676    517         11.72416749      -2.26738355       1.15937422
677    517         11.84121778      -2.20850688       1.16726995
678    517         11.94583772      -2.19126263       1.17244680
679    517         12.01172900      -2.24159510       1.14428111
680    517         12.05013442      -2.33946081       1.09325170
681    517         12.08192112      -2.43688200       1.03618766
682    517         12.11435555      -2.48958677       0.99291702
683    517         12.13178415      -2.49468064       0.94795916
684    517         12.14830156      -2.48617963       0.89615980
685    517         12.17558055      -2.50358873       0.87112927
686    517         12.23228800      -2.52765227       0.92013418
687    517         12.32007190      -2.54188808       1.00373662
688    517         12.44574894      -2.52991517       1.04198726
689    517         12.58957719      -2.52235116       1.02803137
690    517         12.68861720      -2.54355461       1.01235060
691    517         12.71897453      -2.59237059       1.02141583
692    517         12.69068057      -2.63503150       1.03933142
693    517         12.63154937      -2.63032204       1.06223380
694    517         12.55435748      -2.59252830       1.09628333
695    517         12.49857479      -2.56503657       1.15144643
696    517         12.50108878      -2.58022509       1.20277290
697    517         12.55974876      -2.60517260       1.24589070
698    517         12.63392684      -2.61421149       1.29018825
699    517         12.67921240      -2.60696421       1.35147888
700    517         12.68520387      -2.60754485       1.43129280
701    517         12.67063978      -2.62541002       1.51623091
702    517         12.64333940      -2.65475684       1.57759023
703    517         12.60712615      -2.67654333       1.61781590
704    517         12.56935435      -2.69367263       1.63645743
705    517         12.54300259      -2.71887171       1.63900461
706    517         12.52219019      -2.74053004       1.64663411
707    517         12.48993712      -2.72926559       1.64752919
708    517         12.44671459      -2.68036378       1.66070817
709    517         12.39959281      -2.65364717       1.69831276
710    517         12.34493269      -2.67116666       1.74687582
711    517         12.28698400      -2.72339170       1.74817127
712    517         12.24620330      -2.78301715       1.69640353
713    517         12.21428068      -2.83113547       1.62353532
714    517         12.19614638      -2.85204775       1.55832719
715    517         12.19936451      -2.85568832       1.50815597
716    517         12.22904938      -2.86120146       1.48220959
717    517         12.26209432      -2.87014877       1.48055234
718    517         12.29314448      -2.88982591       1.46479512
719    517         12.33484292      -2.92492461       1.40959288
720    517         12.37662832      -2.96149057       1.31666705
721    517         12.39931670      -2.98015536       1.21508660
722    517         12.39365404      -2.98314652       1.11581895
723    517         12.36466928      -2.96400449       1.01880707
724    517         12.31896529      -2.91258750       0.91822120
725    517         12.27645784      -2.84332884       0.80996293
726    517         12.24844845      -2.77855546       0.70609625
727    517         12.25102548      -2.75042986       0.64106144
728    517         12.28338818      -2.75387915       0.60688263
729    517         12.32197459      -2.75564291       0.59378918
730    517         12.32244862      -2.73979922       0.58425321
731    517         12.26727529      -2.71701572       0.55771034
732    517         12.18339064      -2.72142985       0.51048633
733    517         12.11602275      -2.72328373       0.45194220
734    517         12.06455961      -2.69807984       0.40488287
735    517         12.02594614      -2.66710634       0.39121275
736    517         11.99220344      -2.67062847       0.42086526
737    517         11.95877602      -2.71881437       0.47132386
738    517         11.93431865      -2.75059620       0.52244388
739    517         11.93321235      -2.71936308       0.57574922
740    517         11.93556735      -2.64763622       0.64255741
741    517         11.91553783      -2.60166985       0.72221933
742    517         11.87752856      -2.60178299       0.79821898
743    517         11.80157460      -2.63968576       0.84610738
744    517         11.68304303      -2.67002228       0.89153528
745    517         11.57006444      -2.68181775       0.91957208
746    517         11.50415896      -2.68022914       0.89862549
747    517         11.47611134      -2.64177925       0.85711265
748    517         11.49191659      -2.54559595       0.82645869
749    517         11.53788689      -2.41554624       0.80872506
750    517         11.58458193      -2.30890508       0.82210064
751    517         11.61733809      -2.25748455       0.87261857
752    517         11.62433586      -2.25937527       0.94721045
753    517         11.60685719      -2.31266166       1.00510305
754    517         11.56156355      -2.40114315       1.03028113
755    517         11.46764253      -2.47121813       1.02379615
756    517         11.33717556      -2.48352979       0.99378495
757    517         11.23504742      -2.46030973       0.94172514
758    517         11.18506018      -2.42751177       0.90189119
759    517         11.18568592      -2.39894293       0.90771025
760    517         11.23510874      -2.38113229       0.95927734
761    517         11.29596039      -2.40431039       1.01399051
762    517         11.31388543      -2.47498515       1.04144639
763    517         11.27442954      -2.55997823       1.05244812
764    517         11.20755824      -2.57148585       1.04892591
765    517         11.13666755      -2.49730226       1.03053597
766    517         11.08415603      -2.43356099       0.96602946
767    517         11.06127080      -2.42123520       0.87116901
768    517         11.07077419      -2.44157810       0.77636564
769    517         11.09390164      -2.45309395       0.72839070
770    517         11.12831640      -2.46158151       0.71661173
771    517         11.18481298      -2.49709886       0.71719798
772    517         11.23967608      -2.56425818       0.73171278
773    517         11.26058017      -2.62064211       0.74923830
774    517         11.24985405      -2.60578568       0.74873836
775    517         11.20096443      -2.54464072       0.73228100
776    517         11.13335121      -2.46121598       0.69685108
777    517         11.07043801      -2.37530314       0.62872411
778    517         11.03993641      -2.32184147       0.56645092
779    517         11.02882554      -2.33595358       0.54041792
780    517         11.04108820      -2.42177996       0.55409391
781    517         11.07781846      -2.54000710       0.56620305
782    517         11.13628102      -2.63648871       0.57796290
783    517         11.18064377      -2.68668164       0.59064456
784    517         11.18542979      -2.68585531       0.58171763
785    517         11.14178072      -2.65895572       0.53414392
786    517         11.07638067      -2.64749419       0.49267737
787    517         11.03617815      -2.66731977       0.47027892
788    517         11.03520705      -2.69729670       0.45492674
789    517         11.07266559      -2.71939714       0.46022281
790    517         11.14311106      -2.74780489       0.49899378
791    517         11.20452150      -2.79046070       0.56671942
792    517         11.23394671      -2.81831817       0.62121614
793    517         11.23922967      -2.79131502       0.62850971
794    517         11.22246791      -2.73234940       0.60688252
795    517         11.19933273      -2.68555624       0.60504888
796    517         11.18632321      -2.68817917       0.62562072
797    517         11.18813564      -2.75225406       0.66394085
798    517         11.20685562      -2.86275441       0.70628410
799    517         11.24349090      -2.98417397       0.76033034
800    517         11.29053842      -3.07077552       0.82857311
801    517         11.34582091      -3.09962113       0.90287879
802    517         11.39530400      -3.06370871       0.96427017
803    517         11.42931033      -2.98399145       1.02136459
804    517         11.44412739      -2.89168631       1.08216487
805    517         11.46400966      -2.83244535       1.11661923
806    517         11.50138874      -2.83250138       1.11263034
807    517         11.53721001      -2.88705835       1.11398585
808    517         11.55053911      -2.96191686       1.12848093
809    517         11.55545485      -2.99629935       1.11052699
810    517         11.56566505      -2.95079768       1.06192158
811    517         11.58787139      -2.84836194       0.98535368
812    517         11.60706422      -2.75625345       0.91866517
813    517         11.62045374      -2.71506284       0.88371752
814    517         11.64537078      -2.74668658       0.86699473
815    517         11.70018560      -2.83828847       0.89142994
816    517         11.76250081      -2.96239343       0.93179259
817    517         11.79829784      -3.04707453       0.92877772
818    517         11.80331810      -3.06235803       0.87535023
819    517         11.81347060      -3.04133659       0.80874006
820    517         11.83419172      -3.01589221       0.77830031
821    517         11.83207775      -3.00489591       0.76837948
822    517         11.79182349      -2.99780662       0.74950016
823    517         11.74778955      -3.00034161       0.73172006
824    517         11.73657003      -3.01730056       0.73264179
825    517         11.75517147      -3.03400375       0.74527393
826    517         11.75064645      -3.03881477       0.74455314
827    517         11.71858473      -3.04209732       0.73712045
828    517         11.69333659      -3.06595216       0.73082670
829    517         11.71064451      -3.11447049       0.70356978
830    517         11.75024115      -3.15253695       0.64686263
831    517         11.78305682      -3.15252478       0.58506094
832    517         11.79857814      -3.12806062       0.55209921
833    517         11.79248029      -3.09175939       0.54766757
834    517         11.77027649      -3.07083659       0.56189854
835    517         11.74814763      -3.08126280       0.58378274
836    517         11.75375649      -3.12047056       0.59906978
837    517         11.77342972      -3.16743672       0.59788419
838    517         11.79633462      -3.19838223       0.58804292
839    517         11.81829406      -3.17624383       0.57081391
840    517         11.85475365      -3.09920932       0.54338085
841    517         11.90013799      -3.01937360       0.52167257
842    517         11.92818369      -2.98224670       0.52482107
843    517         11.91502465      -2.98661690       0.53889664
844    517         11.87522559      -3.01539905       0.60042820
845    517         11.82572527      -3.05494750       0.72251216
846    517         11.78902791      -3.07359008       0.84796167
847    517         11.76381541      -3.06166748       0.93980998
848    517         11.75141234      -3.01350301       0.99356959
849    517         11.75351218      -2.93693634       1.00008842
850    517         11.75449307      -2.84005769       0.96262070
851    517         11.72947910      -2.76980230       0.90086509
852    517         11.66870401      -2.75216670       0.84427970
853    517         11.60226615      -2.77146681       0.80085705
854    517         11.56892739      -2.81274745       0.76480076
855    517         11.58196837      -2.87492180       0.73242681
856    517         11.61992076      -2.92658333       0.69284053
857    517         11.67714472      -2.93122662       0.65970534
858    517         11.74650586      -2.90341752       0.62974216
859    517         11.80282759      -2.83972070       0.59852134
860    517         11.84641095      -2.76754473       0.56632385
861    517         11.90468330      -2.69870507       0.54710029
862    517         11.99209146      -2.63511707       0.55367126
863    517         12.08394571      -2.60397084       0.57060398
864    517         12.14078263      -2.61474660       0.56729559
865    517         12.15877933      -2.64093715       0.54687291
866    517         12.16859665      -2.66568969       0.51684180
867    517         12.18434500      -2.68904361       0.48109268
868    517         12.20968155      -2.69325099       0.46671055
869    517         12.22543959      -2.67992869       0.47137672
870    517         12.24099906      -2.63663590       0.49693701
871    517         12.25966587      -2.58249706       0.54526173
872    517         12.28061227      -2.54150424       0.61091800
873    517         12.31512326      -2.54532607       0.66962855
874    517         12.35099839      -2.57297604       0.70731641
875    517         12.37649447      -2.59458925       0.72267250
876    517         12.36895617      -2.59934975       0.70370970
877    517         12.30790929      -2.59661562       0.66121570
878    517         12.19605644      -2.58989571       0.60323542
879    517         12.08750485      -2.55902645       0.56499123
880    517         12.03106144      -2.50622684       0.57782905
881    517         12.03436693      -2.46588845       0.64312238
882    517         12.06266552      -2.46278060       0.72212794
883    517         12.04965090      -2.47861557       0.74444524
884    517         11.97859931      -2.46755175       0.71465301
885    517         11.89036397      -2.41416290       0.68133760
886    517         11.83712054      -2.35182821       0.68517263
887    517         11.81581223      -2.33746291       0.71486946
888    517         11.79991119      -2.36444102       0.76473057
889    517         11.79432569      -2.40721427       0.79769284
890    517         11.78443892      -2.43673028       0.82842868
891    517         11.75404628      -2.45785557       0.85834707
892    517         11.71789286      -2.46926992       0.86604010
893    517         11.68686953      -2.47888536       0.85702948
894    517         11.67720600      -2.47747027       0.84963183
895    517         11.69336987      -2.45952033       0.83603457
896    517         11.70532269      -2.44846726       0.80676017
897    517         11.69895898      -2.45386527       0.76284330
898    517         11.69320127      -2.44050428       0.73095361
899    517         11.70252336      -2.38737863       0.72231004
900    517         11.69760294      -2.32444423       0.69413478
901    517         11.65933696      -2.28766809       0.63672649
902    517         11.62817986      -2.28404285       0.58280021
903    517         11.65107244      -2.29918230       0.56373817
904    517         11.69239556      -2.30037439       0.55057381
905    517         11.71890008      -2.30045997       0.52232891
906    517         11.71549385      -2.30961875       0.47460935
907    517         11.70742247      -2.33946846       0.42259582
908    517         11.69718543      -2.36704195       0.40119139
909    517         11.67076493      -2.38630792       0.39969170
910    517         11.62095779      -2.40066881       0.38482148
911    517         11.56191033      -2.42836252       0.35244930
912    517         11.52446630      -2.44964157       0.32627280
913    517         11.50356062      -2.44578952       0.30577872
914    517         11.49656687      -2.40881950       0.26620862
915    517         11.48927774      -2.39944654       0.22651464
916    517         11.47807838      -2.45277733       0.20483769
917    517         11.46806238      -2.54955900       0.19069390
918    517         11.45699558      -2.64563685       0.16374847
919    517         11.42692881      -2.73915855       0.14716124
920    517         11.39069990      -2.82051783       0.15083310
921    517         11.35903129      -2.85794505       0.14393350
922    517         11.35647486      -2.86060660       0.10547970
923    517         11.36685546      -2.87615168       0.04524262
924    517         11.34123318      -2.92703319       0.00508508
925    517         11.26232554      -2.98817415      -0.00710690
926    517         11.17633874      -3.04192540       0.00912465
927    517         11.10797409      -3.10300126       0.01630178
928    517         11.07419183      -3.14498028       0.00845445
929    517         11.04620888      -3.15691967       0.00823196
930    517         11.00544869      -3.16341334       0.03782259
931    517         10.97728506      -3.13399409       0.07459695
932    517         10.95932920      -3.09469842       0.07910850
933    517         10.94733870      -3.09249239       0.06309083
934    517         10.92384452      -3.11334661       0.05983646
935    517         10.89917050      -3.12330540       0.05489401
936    517         10.87784268      -3.10655061       0.05039763
937    517         10.85073280      -3.06619683       0.06061551
938    517         10.80145289      -3.00916823       0.07639884
939    517         10.74628613      -2.93680071       0.08634634
940    517         10.70526165      -2.87072257       0.09438082
941    517         10.68061038      -2.84574959       0.09319622
942    517         10.67538022      -2.83918530       0.08595008
943    517         10.70012584      -2.81284082       0.06979406
944    517         10.74669973      -2.76005492       0.05308060
945    517         10.79317908      -2.69307783       0.04591426
946    517         10.81702947      -2.61081520       0.04546627
947    517         10.81821014      -2.53388243       0.05960832
948    517         10.80089201      -2.50662368       0.07687783
949    517         10.77715498      -2.52480607       0.10175387
950    517         10.75535009      -2.53172297       0.13157883
951    517         10.76209711      -2.49407565       0.17988560
952    517         10.80870070      -2.42312148       0.22085015
953    517         10.87745844      -2.32622983       0.24810836
954    517         10.92490302      -2.23462131       0.26342243
955    517         10.93598000      -2.17929467       0.27382555
956    517         10.92540357      -2.18690835       0.27997212
957    517         10.91012768      -2.22735141       0.29158389
958    517         10.88959123      -2.25215244       0.31087041
959    517         10.88275007      -2.23427701       0.34075515
960    517         10.91648877      -2.17907679       0.38177459
961    517         10.96525771      -2.09834034       0.43137336
962    517         11.00229820      -2.01971147       0.48688832
963    517         11.00793248      -1.98783544       0.54202057
964    517         11.00959985      -2.00051223       0.58774684
965    517         11.02443336      -2.02557097       0.62223226
966    517         11.03982140      -2.04517531       0.64014814
967    517         11.04070490      -2.05615058       0.65877038
968    517         11.03543632      -2.06449096       0.68594669
969    517         11.04259856      -2.05102011       0.71799249
970    517         11.06800155      -2.01465117       0.75554799
971    517         11.09658980      -1.98420178       0.78861470
972    517         11.11383225      -1.96285393       0.80976136
973    517         11.12283440      -1.94365524       0.81244260
974    517         11.12622822      -1.93167620       0.80980273
975    517         11.12915522      -1.94473832       0.80755997
976    517         11.13321406      -1.97568054       0.81611147
977    517         11.15338651      -2.00967568       0.82779487
978    517         11.20476829      -2.01140254       0.85615529
979    517         11.26345489      -1.97163732       0.90999287
980    517         11.28263215      -1.90845770       0.96956795
981    517         11.26189744      -1.86892063       1.01007464
982    517         11.24427490      -1.87575646       1.03510280
983    517         11.26759754      -1.91247708       1.03537913
984    517         11.32970734      -1.92496323       1.00433969
985    517         11.39502387      -1.89298256       0.96412092
986    517         11.42110494      -1.82075905       0.94210256
987    517         11.40859184      -1.72057556       0.92548468
988    517         11.38570796      -1.63115261       0.90909147
989    517         11.38269391      -1.57968182       0.90987372
990    517         11.36842100      -1.56338597       0.92073446
991    517         11.32179212      -1.54793034       0.94246509
992    517         11.27026547      -1.52517074       0.97953105
993    517         11.24767140      -1.49416265       1.03230234
994    517         11.25860657      -1.47055341       1.07751763
995    517         11.27679324      -1.45920362       1.12370639
996    517         11.28499198      -1.45402223       1.18442144
997    517         11.27360308      -1.43464626       1.26941314
998    517         11.23419958      -1.38516153       1.34774105
999    517         11.17811189      -1.31501518       1.39836131
1000   517         11.12449677      -1.23457380       1.42313309
