1            0.00000000       0.00000000       0.00000000       0.00000000
2            0.00667744       0.00367230       0.00105580       0.00194935
3            0.03747974       0.01807037       0.01210798       0.00730140
4            0.09608134       0.04236495       0.03983836       0.01387804
5            0.17448637       0.07244553       0.08285206       0.01918878
6            0.25163159       0.09593786       0.12886080       0.02683292
7            0.29564715       0.09194211       0.16340544       0.04029959
8            0.30852313       0.07726640       0.16668155       0.06457518
9            0.31177077       0.06763922       0.14308732       0.10104423
10           0.32039930       0.06989883       0.11772312       0.13277735
11           0.33715374       0.09718577       0.10996612       0.13000185
12           0.36427034       0.14773622       0.12043583       0.09609829
13           0.42196092       0.19227052       0.16086780       0.06882260
14           0.49703206       0.20965856       0.22625576       0.06111774
15           0.56471673       0.21690182       0.28640178       0.06141313
16           0.60081424       0.22163648       0.31988870       0.05928906
17           0.61003143       0.22120479       0.33531413       0.05351251
18           0.62672585       0.23075416       0.33884454       0.05712715
19           0.66498578       0.27694638       0.32022872       0.06781068
20           0.67321288       0.34649415       0.26505281       0.06166592
21           0.64131616       0.40292338       0.21121013       0.02718265
22           0.62139430       0.42111721       0.19787804       0.00239905
23           0.61888261       0.40329434       0.21433647       0.00125179
24           0.61729529       0.38114394       0.23046187       0.00568948
25           0.62226387       0.37766145       0.23580246       0.00879997
26           0.66185738       0.40051711       0.25287262       0.00846765
27           0.70918314       0.42585675       0.28063194       0.00269445
28           0.72630308       0.42966462       0.29657604       0.00006242
29           0.70018311       0.41033023       0.28396487       0.00588801
30           0.66017165       0.37637793       0.27072532       0.01306840
31           0.64210701       0.34598943       0.28004173       0.01607585
32           0.64749663       0.34215012       0.28661557       0.01873094
33           0.65437176       0.37001601       0.25350118       0.03085457
34           0.64787259       0.39891190       0.19605988       0.05290081
35           0.60830680       0.39504804       0.14396193       0.06929682
36           0.54483804       0.37083522       0.10418211       0.06982072
37           0.47267638       0.34109082       0.07237407       0.05921149
38           0.42475097       0.30560950       0.06041616       0.05872532
39           0.38735022       0.24538347       0.07129682       0.07066992
40           0.34880222       0.18721115       0.08379351       0.07779756
41           0.30675262       0.12681524       0.09634566       0.08359173
42           0.28118215       0.06999011       0.11134709       0.09984495
43           0.28066092       0.04078858       0.11416056       0.12571178
44           0.26707839       0.03065447       0.10163898       0.13478494
45           0.25423090       0.03030855       0.09193494       0.13198741
46           0.25492679       0.02817839       0.09506368       0.13168471
47           0.25392869       0.02343963       0.10293501       0.12755405
48           0.23751334       0.01540953       0.11015404       0.11194978
49           0.20877555       0.00318931       0.12298773       0.08259851
50           0.20614800       0.00291150       0.14513957       0.05809693
51           0.23770573       0.03103226       0.16504397       0.04162950
52           0.25958462       0.06689665       0.16307013       0.02961784
53           0.24400219       0.08110375       0.14543466       0.01746377
54           0.20488942       0.07765608       0.11928329       0.00795005
55           0.19193424       0.08644224       0.10268793       0.00280407
56           0.21012249       0.10853993       0.09977729       0.00180527
57           0.24862052       0.13302487       0.11201322       0.00358242
58           0.27276998       0.13716314       0.12942377       0.00618307
59           0.28511282       0.12300321       0.15429831       0.00781131
60           0.27891940       0.08936986       0.18317062       0.00637892
61           0.26659378       0.05067209       0.21223172       0.00368997
62           0.25775146       0.02006267       0.23479139       0.00289741
63           0.24588239       0.00467136       0.23592169       0.00528934
64           0.22748779       0.00036073       0.21481514       0.01231192
65           0.19445447       0.00192776       0.17153176       0.02099495
66           0.17307374       0.01407949       0.13481310       0.02418116
67           0.15206734       0.02681926       0.10737435       0.01787374
68           0.14101074       0.03368271       0.09718902       0.01013902
69           0.13963133       0.03826402       0.09649476       0.00487254
70           0.15761117       0.04361316       0.11008063       0.00391738
71           0.19328195       0.05284239       0.13327043       0.00716913
72           0.24298581       0.06553507       0.15666470       0.02078604
73           0.32030309       0.07861288       0.18454167       0.05714855
74           0.41281521       0.08220226       0.21972955       0.11088340
75           0.53514278       0.08652886       0.27318348       0.17543045
76           0.67507959       0.09848453       0.34167335       0.23492171
77           0.76319425       0.11116220       0.39144213       0.26058992
78           0.73103223       0.11682970       0.38195380       0.23224873
79           0.65227327       0.11235744       0.35940117       0.18051466
80           0.61306168       0.10973683       0.35374238       0.14958246
81           0.57789138       0.10145330       0.34441465       0.13202343
82           0.51675466       0.08301361       0.29684561       0.13689543
83           0.47907254       0.07248611       0.24256249       0.16402393
84           0.48243741       0.08215237       0.19395970       0.20632534
85           0.47925188       0.09785195       0.14545839       0.23594154
86           0.43661072       0.10231252       0.10764069       0.22665752
87           0.35120129       0.09696634       0.08330282       0.17093214
88           0.25514762       0.08887866       0.07307660       0.09319236
89           0.20092741       0.08991291       0.07694033       0.03407417
90           0.19388175       0.09461887       0.09067095       0.00859192
91           0.20661514       0.11263977       0.08860464       0.00537072
92           0.21866419       0.14580355       0.06075865       0.01210199
93           0.23991728       0.18407448       0.03486990       0.02097289
94           0.25442070       0.20040797       0.03366332       0.02034941
95           0.24405331       0.18193956       0.05194379       0.01016996
96           0.23685987       0.16793792       0.06752661       0.00139534
97           0.24847754       0.17577276       0.07261400       0.00009078
98           0.28290196       0.20299016       0.07899074       0.00092105
99           0.31158673       0.20987929       0.09777986       0.00392758
100          0.34046422       0.20764819       0.11961823       0.01319780
101          0.36479671       0.19783309       0.14153731       0.02542631
102          0.38571146       0.18829900       0.16903576       0.02837670
103          0.38692548       0.17838017       0.18364087       0.02490443
104          0.37252708       0.16670660       0.18234259       0.02347790
105          0.37545046       0.17215747       0.17147368       0.03181931
106          0.40582979       0.20060833       0.15227191       0.05294955
107          0.45709125       0.24852852       0.13183746       0.07672527
108          0.51250442       0.30325739       0.11975203       0.08949499
109          0.56732758       0.36202455       0.11892904       0.08637399
110          0.58994851       0.37645294       0.12871411       0.08478146
111          0.59145740       0.32509207       0.16754381       0.09882151
112          0.57474638       0.25180923       0.20663407       0.11630308
113          0.56615275       0.24006102       0.21249660       0.11359514
114          0.56317002       0.26281297       0.20144366       0.09891340
115          0.53759571       0.27205011       0.18269887       0.08284673
116          0.49284183       0.27002418       0.16397431       0.05884334
117          0.45491709       0.29040943       0.14192243       0.02258523
118          0.45144352       0.33909279       0.11145795       0.00089279
119          0.48943148       0.39953679       0.08802617       0.00186852
120          0.55819343       0.46617861       0.09151024       0.00050457
121          0.63288531       0.51825027       0.11339018       0.00124486
122          0.67860650       0.54855832       0.12707741       0.00297076
123          0.67923705       0.55684762       0.12200824       0.00038119
124          0.68962921       0.57191509       0.11598596       0.00172815
125          0.72273018       0.60764147       0.10515193       0.00993678
126          0.75520186       0.63855276       0.08549472       0.03115438
127          0.77596377       0.63701696       0.07246590       0.06648091
128          0.76512642       0.60218446       0.05900311       0.10393886
129          0.73491962       0.57346452       0.03922917       0.12222594
130          0.71676656       0.56894010       0.01803388       0.12979258
131          0.73727182       0.58284251       0.00624111       0.14818820
132          0.77751071       0.60838847       0.00038574       0.16873649
133          0.82434346       0.63549042       0.00118151       0.18767153
134          0.87769544       0.65299503       0.00852498       0.21617542
135          0.98642186       0.66856972       0.02650827       0.29134386
136          1.07608211       0.67549722       0.04871183       0.35187306
137          1.06025933       0.64373762       0.05836676       0.35815495
138          1.03688822       0.61263524       0.05627042       0.36798256
139          1.05127379       0.60386335       0.06152414       0.38588630
140          1.06430117       0.61877980       0.07035313       0.37516824
141          1.02183520       0.59989519       0.08024873       0.34169129
142          0.96732195       0.55005632       0.07873357       0.33853206
143          0.96149889       0.50475242       0.07757834       0.37916814
144          0.97156098       0.47090360       0.07446285       0.42619453
145          0.94619831       0.43888640       0.07505518       0.43225673
146          0.93494798       0.41662591       0.08097558       0.43734650
147          0.99837849       0.41711698       0.09734304       0.48391847
148          1.09329828       0.44511565       0.12297056       0.52521206
149          1.16731303       0.48593112       0.15284402       0.52853788
150          1.22357444       0.53662543       0.20003457       0.48691444
151          1.30092506       0.59455989       0.25914888       0.44721628
152          1.36062226       0.60939335       0.32452143       0.42670749
153          1.40175529       0.63466391       0.36656797       0.40052341
154          1.45116748       0.68420549       0.36653431       0.40042768
155          1.51036659       0.73922942       0.37591307       0.39522410
156          1.57342710       0.78512107       0.40174086       0.38656517
157          1.62646212       0.82499650       0.42569429       0.37577133
158          1.61196363       0.85166704       0.40735903       0.35293757
159          1.55354326       0.85951925       0.38692054       0.30710347
160          1.47830024       0.86744941       0.37752516       0.23332567
161          1.42059838       0.90475987       0.37258270       0.14325581
162          1.45888336       0.99858546       0.38760993       0.07268797
163          1.61324671       1.13553661       0.43808687       0.03962324
164          1.81633565       1.29977283       0.49071292       0.02584990
165          1.98182814       1.47745591       0.49643251       0.00793972
166          2.08974175       1.62520734       0.46397205       0.00056237
167          2.13883623       1.68582555       0.43241222       0.02059846
168          2.14709716       1.64937715       0.43890923       0.05881078
169          2.20411214       1.58951913       0.50911691       0.10547609
170          2.29792661       1.53317393       0.61526491       0.14948776
171          2.46676911       1.54412037       0.72116734       0.20148140
172          2.66444428       1.60722155       0.82328703       0.23393569
173          2.80882184       1.67153466       0.90607041       0.23121677
174          2.90785003       1.71762602       0.96697518       0.22324883
175          2.90440297       1.69615577       0.97963214       0.22861506
176          2.75224107       1.64084159       0.86942371       0.24197577
177          2.59575823       1.66303871       0.68376998       0.24894955
178          2.62325476       1.86252269       0.53745079       0.22328128
179          2.80034858       2.14372928       0.47010739       0.18651191
180          2.96016661       2.30489905       0.44595100       0.20931655
181          3.09852530       2.37423616       0.40983644       0.31445270
182          3.25857025       2.44158091       0.36649716       0.45049218
183          3.41562439       2.49299197       0.34103356       0.58159886
184          3.56606095       2.56600278       0.29914591       0.70091226
185          3.78934666       2.78527768       0.21222193       0.79184705
186          4.03301852       3.06850068       0.12448844       0.84002940
187          4.27529896       3.38740263       0.05882094       0.82907539
188          4.35440789       3.55808159       0.02032986       0.77599644
189          4.08464304       3.32609040       0.00545235       0.75310029
190          3.79118181       3.01950346       0.00483545       0.76684291
191          3.68258986       2.83745134       0.02057058       0.82456793
192          3.80794770       2.80434833       0.06161695       0.94198242
193          4.14380299       2.93962190       0.12230402       1.08187707
194          4.59848546       3.20220922       0.17861826       1.21765798
195          4.93260416       3.42737471       0.20710255       1.29812690
196          5.03183074       3.56044625       0.20401799       1.26736649
197          5.01590365       3.63715132       0.17639942       1.20235291
198          5.07168468       3.72439374       0.14469832       1.20259262
199          5.23328063       3.79930735       0.11905739       1.31491589
200          5.34284151       3.74902964       0.09887945       1.49493242
201          5.42121605       3.61993433       0.08845844       1.71282329
202          5.53490036       3.45956689       0.08624528       1.98908819
203          5.63388118       3.29704713       0.08081626       2.25601779
204          5.67376439       3.12861700       0.07002326       2.47512412
205          5.66059248       3.02250874       0.05654155       2.58154219
206          5.67559375       3.03183055       0.04973491       2.59402830
207          5.76195263       3.22918927       0.04185451       2.49090886
208          5.72699666       3.44691841       0.03253893       2.24753932
209          5.56176283       3.56048060       0.02791275       1.97336948
210          5.28245049       3.51208679       0.02527250       1.74509120
211          4.90936801       3.30863735       0.02671041       1.57402026
212          4.58328980       3.07550704       0.03291647       1.47486629
213          4.38695983       2.90602002       0.04472327       1.43621654
214          4.25393104       2.79746468       0.05821413       1.39825223
215          4.08551465       2.67578926       0.07073051       1.33899487
216          3.90021463       2.54729341       0.07458403       1.27833720
217          3.74661882       2.43505904       0.07402321       1.23753657
218          3.65740814       2.41374132       0.07894171       1.16472511
219          3.64432008       2.49273644       0.08690641       1.06467723
220          3.63136282       2.56780959       0.08643487       0.97711835
221          3.49223036       2.49474996       0.07567470       0.92180570
222          3.18747706       2.25344015       0.06288311       0.87115380
223          2.88961566       2.04549338       0.05585988       0.78826240
224          2.69300709       1.94366337       0.06155653       0.68778719
225          2.65320152       1.94961342       0.07742421       0.62616389
226          2.63041731       1.91772347       0.10068859       0.61200524
227          2.55183725       1.79745268       0.12961574       0.62476884
228          2.38955968       1.60136031       0.16538239       0.62281697
229          2.21111617       1.43656511       0.21338872       0.56116235
230          2.08252767       1.33476839       0.27921645       0.46854282
231          2.04313979       1.27431442       0.37936767       0.38945770
232          2.06156772       1.19952882       0.48830601       0.37373289
233          2.06170866       1.08495023       0.55248707       0.42427136
234          2.04077031       0.96671785       0.57914129       0.49491117
235          2.02116586       0.88084171       0.59195408       0.54837006
236          2.07258513       0.86960938       0.60878970       0.59418604
237          2.19509357       0.91327795       0.65119801       0.63061760
238          2.38312266       1.00523684       0.73458935       0.64329647
239          2.59572071       1.12573564       0.84235798       0.62762709
240          2.83396959       1.29040851       0.93808810       0.60547299
241          3.01446135       1.45836754       0.98912791       0.56696590
242          3.08190904       1.57215241       0.99231295       0.51744368
243          3.11321941       1.61169698       0.98155978       0.51996265
244          3.17479760       1.60762427       0.98817192       0.57900141
245          3.29279237       1.58807654       1.03570075       0.66901508
246          3.46694556       1.57807879       1.12700577       0.76186100
247          3.75558944       1.63431295       1.26251314       0.85876335
248          4.08409937       1.75718720       1.37693165       0.94998052
249          4.35135858       1.89602490       1.43531752       1.02001615
250          4.58441637       2.09293395       1.40927059       1.08221184
251          4.83397416       2.38282998       1.31204319       1.13910099
252          5.11757270       2.75002081       1.19649303       1.17105886
253          5.39049752       3.13978143       1.08878529       1.16193080
254          5.60280295       3.41641791       0.99199841       1.19438663
255          5.76480730       3.53556077       0.92984566       1.29940087
256          5.99103116       3.59104740       0.90519024       1.49479353
257          6.25677016       3.63354758       0.90339683       1.71982575
258          6.46492321       3.65282114       0.93178531       1.88031677
259          6.61518557       3.63131898       0.93958167       2.04428492
260          6.60373936       3.56863299       0.88261730       2.15248907
261          6.40805215       3.42409100       0.76864781       2.21531334
262          6.08886356       3.19122035       0.64682374       2.25081946
263          5.94863850       3.05943585       0.55312566       2.33607699
264          6.17967362       3.17586972       0.52303406       2.48076984
265          6.52801826       3.39875252       0.54488605       2.58437969
266          6.71890506       3.62602403       0.58440963       2.50847141
267          6.69135908       3.81519131       0.61399650       2.26217128
268          6.54239011       3.94580073       0.60401418       1.99257520
269          6.44049894       4.05685879       0.55230376       1.83133639
270          6.32517546       4.14250625       0.48256471       1.70010449
271          6.10307822       4.21068483       0.42165803       1.47073535
272          5.93971424       4.33863871       0.38381724       1.21725829
273          6.13826544       4.67076789       0.38579446       1.08170309
274          6.48813040       4.99708147       0.41247479       1.07857414
275          6.71039005       5.09657571       0.45524731       1.15856704
276          6.73686670       4.98864393       0.48844884       1.25977393
277          6.65301048       4.87222596       0.50952559       1.27125893
278          6.46861439       4.76437290       0.50829746       1.19594403
279          6.22573944       4.59105641       0.51129387       1.12338915
280          5.95724421       4.36593820       0.51809154       1.07321447
281          5.87121217       4.30419486       0.53334425       1.03367305
282          6.08244134       4.56340359       0.56764161       0.95139615
283          6.46097825       5.05864554       0.58503710       0.81729561
284          6.79672161       5.52075390       0.59724633       0.67872137
285          6.83373681       5.57604216       0.62437659       0.63331806
286         17.48934391      16.97656875       0.00347421       0.50930095
287         17.65324553      17.08249957       0.00213084       0.56861511
288         17.44771907      16.84800985       0.00001022       0.59969900
289         17.12971452      16.48686538       0.00216879       0.64068036
290         16.89865693      16.15792796       0.01305995       0.72766902
291         16.77570376      15.91421968       0.03035290       0.83113118
292         16.55392671      15.67281138       0.03284892       0.84826642
293         16.18663658      15.37796327       0.01395016       0.79472315
294         15.80585024      15.12202168       0.00003793       0.68379063
295         15.49635323      14.89193418       0.00784200       0.59657706
296         15.26194390      14.64706350       0.01299436       0.60188604
297         14.96020019      14.28680201       0.00389087       0.66950730
298         14.53555857      13.81988127       0.00047155       0.71520575
299         13.94238330      13.24588127       0.01050166       0.68600037
300         13.36144364      12.70097607       0.02235072       0.63811684
301         12.91960559      12.27140877       0.02584739       0.62234944
302         12.56961503      11.86303241       0.02392970       0.68265292
303         12.14736271      11.36046594       0.02871821       0.75817855
304         11.60092317      10.78822981       0.04844633       0.76424702
305         11.16438049      10.35626499       0.06709505       0.74102046
306         10.92545324      10.06404987       0.06733006       0.79407331
307         10.85773827       9.85881608       0.05208758       0.94683461
308         10.77746441       9.62997195       0.03601265       1.11147981
309         10.54115729       9.28891904       0.02037811       1.23186014
310         10.15999180       8.85631429       0.00556046       1.29811706
311          9.79193511       8.49370667       0.00099981       1.29722863
312          9.65787531       8.38139226       0.00483866       1.27164439
313          9.86147699       8.53062769       0.02388128       1.30696802
314         10.24385996       8.76500090       0.03997159       1.43888748
315         10.62259398       9.00027492       0.03903218       1.58328688
316         10.90706230       9.20472075       0.02896848       1.67337307
317         11.15966070       9.40350848       0.01457161       1.74158061
318         11.35393243       9.54825215       0.00248016       1.80320012
319         11.42596627       9.52746261       0.00183068       1.89667298
320         11.48160559       9.38829522       0.01361804       2.07969233
321         11.73239771       9.40845094       0.03527637       2.28867040
322         12.10152356       9.65519969       0.07087148       2.37545239
323         12.58172522      10.07037502       0.11239241       2.39895779
324         13.02531021      10.40237367       0.15068673       2.47224981
325         13.32719271      10.48195747       0.18297857       2.66225666
326         13.47923215      10.40290094       0.19121375       2.88511745
327         13.55709886      10.32021838       0.17887465       3.05800583
328         13.52829107      10.13012742       0.17260275       3.22556090
329         13.43172382       9.79119885       0.19378837       3.44673661
330         13.39380252       9.40922061       0.21533528       3.76924662
331         13.47380840       9.10834229       0.23658423       4.12888188
332         13.70545559       9.02503853       0.28014725       4.40026982
333         14.06510843       9.14376909       0.35218334       4.56915600
334         14.51594828       9.39596165       0.43636592       4.68362071
335         14.79363032       9.59712221       0.47764724       4.71886087
336         14.92456813       9.84181290       0.47155332       4.61120191
337         15.10597000      10.17796962       0.43497395       4.49302643
338         15.52536313      10.60944571       0.40354631       4.51237111
339         16.24053228      11.04376658       0.40187845       4.79488725
340         17.03936319      11.39769868       0.45351261       5.18815190
341         17.75281230      11.65461380       0.55858290       5.53961560
342         18.41778654      11.99647287       0.66934262       5.75197106
343         18.95913074      12.49328165       0.73023463       5.73561446
344         19.23013585      12.95529307       0.72404647       5.55079631
345         19.27643885      13.25248719       0.69977116       5.32418050
346         19.15608532      13.36232443       0.70565027       5.08811062
347         19.03316343      13.45960615       0.75336284       4.82019443
348         19.08990004      13.71812481       0.83018687       4.54158836
349         19.46776143      14.26755463       0.93097688       4.26922992
350         20.16501779      15.12144491       1.05084161       3.99273127
351         20.90121126      16.00360196       1.17231722       3.72529207
352         21.34256107      16.59251489       1.26339362       3.48665255
353         21.25647004      16.76613365       1.30577419       3.18456220
354         20.95082747      16.78269370       1.30291863       2.86521514
355         20.64578119      16.79167611       1.23980660       2.61429848
356         20.41181720      16.86758971       1.08854026       2.45568723
357         20.26485874      16.99530554       0.94348418       2.32606901
358         20.34905095      17.30304061       0.86920813       2.17680221
359         20.91741511      18.02313154       0.86956349       2.02472008
360         21.82561975      19.01047358       0.91466267       1.90048351
361         22.60350894      19.77009093       0.97565010       1.85776791
362         22.93952050      20.08832839       0.99568816       1.85550395
363         23.05020713      20.18989919       0.97600875       1.88429920
364         23.02913508      20.21574160       0.95477153       1.85862195
365         22.78806866      20.08080185       0.93652450       1.77074232
366         22.50684274      19.97101823       0.87819813       1.65762638
367         22.56563252      20.18602533       0.76379334       1.61581386
368         22.99894169      20.63519859       0.71359268       1.65015043
369         23.55955335      21.13977762       0.73886939       1.68090634
370         23.96050742      21.50739683       0.78684855       1.66626205
371         24.27607210      21.79821980       0.81216339       1.66568891
372         24.71087919      22.23248515       0.82448868       1.65390536
373         24.88704696      22.41474599       0.89214459       1.58015637
374         24.89289067      22.39940370       0.99746733       1.49601965
375         24.65375736      22.13108007       1.12919559       1.39348170
376         24.03027654      21.49969381       1.28212831       1.24845442
377         23.28506405      20.77898166       1.41892506       1.08715733
378         22.78650188      20.29216650       1.47219835       1.02213703
379         22.50609679      19.94721524       1.47787288       1.08100867
380         22.29450572      19.61008161       1.51960821       1.16481590
381         22.42278750      19.64859604       1.59853510       1.17565635
382         22.82924720      20.01554204       1.69892572       1.11477944
383         23.26499693      20.39421084       1.83001384       1.04077225
384         23.29483063      20.34901165       1.93873365       1.00708533
385         22.85211674      19.77187538       2.02722854       1.05301282
386         22.45550829      19.16259074       2.16629635       1.12662120
387         22.39977888      18.85459385       2.32095840       1.22422662
388         22.60262195      18.80960621       2.48411630       1.30889944
389         22.70580603      18.74544698       2.60212297       1.35823608
390         22.78226235      18.70682953       2.70792399       1.36750883
391         22.69795926      18.64230696       2.72159390       1.33405840
392         22.41330552      18.45889460       2.68792084       1.26649009
393         21.88936309      18.01445310       2.68739331       1.18751668
394         21.33060297      17.48727945       2.75327566       1.09004786
395         20.93681504      17.12576203       2.84593374       0.96511927
396         20.57612501      16.87573359       2.88642835       0.81396307
397         20.21263571      16.73172639       2.81399300       0.66691632
398         19.98398831      16.72211883       2.72145357       0.54041591
399         20.00514991      16.85403229       2.69542587       0.45569175
400         20.04038814      16.88548404       2.68188776       0.47301633
401         20.11225747      16.86001968       2.65890642       0.59333137
402         20.39472601      16.95025822       2.67746228       0.76700551
403         20.99322316      17.35851599       2.74653848       0.88816869
404         21.85123439      18.06057710       2.86121515       0.92944215
405         22.78497699      18.84602933       3.03073410       0.90821356
406         23.42619147      19.25052164       3.26997703       0.90569280
407         23.58864542      19.09963799       3.52884258       0.96016485
408         23.59563436      18.79889672       3.78429640       1.01244124
409         23.60723974      18.59045369       3.98216349       1.03462256
410         23.60445793      18.46777164       4.09078763       1.04589866
411         23.58599384      18.41954192       4.14216510       1.02428682
412         23.65436391      18.50663924       4.17089367       0.97683100
413         23.82062383      18.66851849       4.18788364       0.96422170
414         24.11948266      18.97756419       4.17178011       0.97013836
415         24.49739855      19.46761182       4.09942495       0.93036178
416         24.99117478      20.14468204       3.94438368       0.90210906
417         25.77806068      21.00867374       3.82332906       0.94605789
418         26.58105947      21.74477823       3.78440425       1.05187700
419         27.04844391      22.09150920       3.83455887       1.12237584
420         27.06605972      22.01790893       3.92867355       1.11947723
421         26.90374855      21.80846130       4.02773945       1.06754780
422         26.63380304      21.54060869       4.12114693       0.97204742
423         26.47713740      21.28314170       4.31691500       0.87708071
424         26.42424652      21.09244973       4.55336994       0.77842686
425         26.52594983      21.20797913       4.64801743       0.66995327
426         26.71928701      21.55892178       4.60840285       0.55196237
427         27.07771092      22.00368391       4.59135134       0.48267567
428         27.30677963      22.23229173       4.62386544       0.45062246
429         27.27602679      22.19874552       4.66529791       0.41198336
430         27.14769559      22.03912353       4.73398602       0.37458605
431         27.12095353      21.91915545       4.86128856       0.34050953
432         27.28040696      21.98274163       5.00125448       0.29641085
433         27.45454815      22.10593192       5.09208546       0.25653076
434         27.61138956      22.18323855       5.18161681       0.24653421
435         27.72320474      22.06180759       5.38899448       0.27240267
436         27.86000685      21.83701620       5.70604941       0.31694124
437         27.96644599      21.62582720       5.98017992       0.36043887
438         28.01006140      21.48399711       6.12703841       0.39902589
439         28.14216682      21.32687125       6.37620006       0.43909551
440         28.53543219      21.39886384       6.67442554       0.46214281
441         29.15395236      21.70903288       6.98538171       0.45953777
442         29.72242083      22.01154172       7.25851567       0.45236344
443         30.08843208      22.10530698       7.52790083       0.45522427
444         30.29613767      22.02012311       7.82756336       0.44845120
445         30.53102117      21.97744629       8.17617522       0.37739965
446         30.74596144      21.99424655       8.49085214       0.26086275
447         30.86897423      21.95188616       8.74683293       0.17025514
448         30.78691742      21.77460487       8.88722790       0.12508465
449         30.81191397      21.64225297       9.05526689       0.11439412
450         31.10944267      21.71361405       9.29579975       0.10002888
451         31.48042616      21.90690951       9.49794587       0.07557079
452         31.96597760      22.20287172       9.71670336       0.04640252
453         32.53403687      22.57718882       9.93372625       0.02312181
454         33.36124819      23.08751673      10.26790269       0.00582876
455         34.10573658      23.39966343      10.70581752       0.00025564
456         34.24972631      23.08792429      11.14550099       0.01630103
457         33.91717437      22.35575618      11.49784779       0.06357040
458         33.50418685      21.66893116      11.70675484       0.12850086
459         33.25798427      21.35745886      11.73916981       0.16135560
460         33.17352456      21.34840989      11.67889424       0.14622044
461         33.04409107      21.22444062      11.69515337       0.12449708
462         32.97333453      20.98309769      11.88690001       0.10333684
463         33.09553554      20.74922581      12.25247035       0.09383938
464         33.25752547      20.44013380      12.71435184       0.10303983
465         33.45096428      20.04128492      13.26986063       0.13981873
466         33.77735954      19.75585572      13.81439581       0.20710801
467         34.38102552      19.73946162      14.35681139       0.28475251
468         35.24175636      20.09626536      14.77539908       0.37009191
469         36.05800433      20.56517471      15.02446680       0.46836282
470         36.44927626      20.93091313      14.95667463       0.56168849
471         36.39340680      21.07633664      14.71047411       0.60659604
472         36.19064032      21.18518715      14.43463178       0.57082138
473         36.07198901      21.31449413      14.26866108       0.48883379
474         36.11251174      21.39718088      14.30271323       0.41261763
475         36.44805896      21.55014692      14.54829892       0.34961311
476         37.01729311      21.85735497      14.86939615       0.29054199
477         37.82588409      22.41333364      15.18282548       0.22972496
478         38.80201594      23.10718718      15.51499198       0.17983678
479         39.80867493      23.79191690      15.86864511       0.14811292
480         40.60134756      24.40086510      16.06432083       0.13616163
481         41.24182106      25.05274119      16.04278528       0.14629458
482         41.89966189      25.80452673      15.92384954       0.17128561
483         42.40319783      26.34922307      15.85526576       0.19870899
484         42.45184866      26.27200899      15.95326809       0.22657158
485         41.84606763      25.51221541      16.08592842       0.24792380
486         40.87254647      24.51041737      16.12387026       0.23825883
487         39.94901273      23.83998080      15.91745809       0.19157384
488         39.38933315      23.59964157      15.66017335       0.12951823
489         39.19456501      23.69888822      15.40910487       0.08657193
490         39.11117670      23.98610052      15.06052225       0.06455393
491         38.82387956      24.24149674      14.53801935       0.04436347
492         38.30553814      24.34180262      13.93799541       0.02574011
493         37.91780377      24.44763109      13.45824648       0.01192619
494         37.99014893      24.76275494      13.22109078       0.00630321
495         38.39957120      25.23314696      13.15928870       0.00713555
496         38.48841437      25.45527822      13.02308732       0.01004884
497         38.19002014      25.34503142      12.83183366       0.01315507
498         38.00860256      25.22971126      12.76053804       0.01835326
499         37.89229125      25.00288808      12.86006014       0.02934303
500         37.85475745      24.79127599      13.02789859       0.03558288
501         38.20554771      24.88434926      13.27893897       0.04225947
502         38.79308409      25.21497497      13.52455891       0.05355021
503         39.57599308      25.66437049      13.84928120       0.06234139
504         40.43573153      26.17347165      14.19077638       0.07148349
505         41.31687650      26.65689954      14.57195260       0.08802437
506         42.47788203      27.37168959      14.98056194       0.12563050
507         43.75764270      28.23106274      15.35171151       0.17486846
508         44.80693889      28.95978400      15.65093902       0.19621586
509         45.71246072      29.67962051      15.82729005       0.20555016
510         46.19914792      30.10579935      15.89228566       0.20106291
511         46.81208166      30.64003552      15.94658074       0.22546539
512         47.63703000      31.37575579      16.00982407       0.25145015
513         48.03923035      31.77355032      16.01838584       0.24729419
514         47.91713095      31.71833332      15.96501075       0.23378688
515         47.66364022      31.50860296      15.90921363       0.24582364
516         48.10460562      31.68666740      16.12209171       0.29584651
517         49.21121066      32.34390750      16.48350110       0.38380206
518         50.43353267      33.30795425      16.66702328       0.45855515
519         51.28243199      34.19389831      16.57299239       0.51554129
520         51.73089594      34.76442350      16.37463359       0.59183885
521         52.08504724      35.05654335      16.30290953       0.72559437
522         52.27141643      34.98445045      16.38096982       0.90599617
523         52.34522790      34.72551942      16.52823260       1.09147588
524         52.24260095      34.36667138      16.61089668       1.26503289
525         52.36302102      34.34583567      16.63840530       1.37878004
526         53.33772559      35.25250490      16.66080339       1.42441731
527         54.99110102      36.61175793      16.91829413       1.46104895
528         56.62111271      37.70907302      17.31309239       1.59894730
529         57.47652456      38.16902068      17.49212873       1.81537514
530         57.60773961      38.28561512      17.31338681       2.00873767
531         57.54293058      38.39148953      17.00957977       2.14186129
532         57.68176804      38.56022630      16.83223451       2.28930723
533         57.65437347      38.57621828      16.63371835       2.44443685
534         57.38898706      38.52048448      16.27359079       2.59491179
535         57.08954812      38.41523214      15.92440167       2.74991432
536         57.27827075      38.45538523      15.90438432       2.91850120
537         58.00324977      38.61614331      16.33350643       3.05360003
538         59.07816433      38.98552883      17.01411091       3.07852459
539         60.11923520      39.48212770      17.62828873       3.00881877
540         60.58766213      39.82815995      17.87064562       2.88885656
541         60.46477021      39.68768554      17.87696474       2.90011993
542         60.29298822      39.16869733      18.09308199       3.03120890
543         60.26655689      38.66539900      18.49522169       3.10593621
544         60.23076809      38.34375287      18.76098022       3.12603500
545         60.06219688      38.16215155      18.75408458       3.14596075
546         59.75985593      37.98985907      18.60272421       3.16727265
547         59.55313475      37.98750634      18.46164438       3.10398403
548         59.50033859      38.03344088      18.43163785       3.03525986
549         59.50994385      38.01932613      18.42016423       3.07045348
550         59.69413642      38.20612108      18.35814644       3.12986890
551         60.17869255      38.70217231      18.42820765       3.04831259
552         61.18688504      39.52532084      18.74769957       2.91386464
553         62.30466143      40.22895811      19.18780604       2.88789728
554         63.30482091      40.74529279      19.62208670       2.93744142
555         64.44781798      41.39301090      19.99466219       3.06014488
556         65.72034728      42.37868474      20.09257594       3.24908661
557         66.42209844      43.08928446      19.97843451       3.35437947
558         66.63181771      43.47098486      19.82689155       3.33394130
559         66.87931166      44.00738815      19.58096847       3.29095504
560         67.47604307      44.95257219      19.26267986       3.26079103
561         68.32731820      46.13371431      18.97168623       3.22191766
562         69.18168483      47.09601279      18.89414150       3.19153055
563         70.03995103      47.78665411      19.05761531       3.19568162
564         71.01427627      48.44810295      19.34554500       3.22062832
565         72.14565005      49.38920864      19.46977837       3.28666305
566         73.08103170      50.41832751      19.34957244       3.31313175
567         73.78842336      51.33821721      19.13234306       3.31786309
568         74.35663609      51.98310315      19.01004150       3.36349144
569         74.88050616      52.43172764      18.93550221       3.51327632
570         75.48282520      52.80260953      18.87329959       3.80691608
571         75.84790141      52.94674469      18.73764213       4.16351460
572         75.77407726      52.86695617      18.42701487       4.48010622
573         75.53065302      52.78058811      18.05096122       4.69910369
574         75.50507720      53.00918194      17.75211556       4.74377970
575         75.67704321      53.57261273      17.43349384       4.67093664
576         76.14272318      54.36870605      17.17392709       4.60009004
577         76.81785246      55.28562880      16.98374800       4.54847566
578         77.74742822      56.53782711      16.66079735       4.54880376
579         78.44814281      57.50392005      16.20035050       4.74387227
580         78.59139843      57.72927972      15.66742838       5.19469033
581         78.68684354      57.70774875      15.19667506       5.78241973
582         78.95075373      57.92970951      14.67782258       6.34322164
583         79.20269655      58.33501487      14.08928609       6.77839559
584         79.05614740      58.46741124      13.51551697       7.07321918
585         78.49124143      58.28595075      12.95404441       7.25124627
586         78.10039110      58.27750056      12.40857909       7.41431146
587         78.17577399      58.88091639      11.86135346       7.43350414
588         78.63209910      59.96797281      11.33307683       7.33104946
589         79.49825918      61.22546108      10.96567130       7.30712681
590         80.36001746      62.16538708      10.72308670       7.47154368
591         80.96572897      62.70995567      10.47080547       7.78496783
592         81.08718487      62.95907513      10.05477525       8.07333449
593         80.90659769      62.97718273       9.57659539       8.35281957
594         80.59052341      62.75625720       9.22467477       8.60959143
595         80.26049858      62.57071650       8.96051187       8.72927021
596         80.06176517      62.73060211       8.56328864       8.76787443
597         79.91618824      62.96100216       8.13417363       8.82101244
598         79.68877938      63.15980649       7.73566562       8.79330726
599         79.10639080      63.23551589       7.26156622       8.60930870
600         78.76678998      63.33638523       6.92429922       8.50610553
601         78.68801963      63.43686679       6.60003722       8.65111563
602         78.98650108      63.69116915       6.28383076       9.01150117
603         79.79393435      64.42146954       6.07384523       9.29861958
604         80.73253833      65.43189123       5.93617204       9.36447506
605         80.85591162      65.93949361       5.73129595       9.18512206
606         80.16551503      65.79486220       5.49920060       8.87145224
607         79.23054630      65.35208106       5.42155893       8.45690631
608         78.66150173      65.03993852       5.56376445       8.05779876
609         78.86009558      65.27299241       5.70361593       7.88348724
610         79.63202071      65.94068974       5.77813968       7.91319128
611         80.50947274      66.47658087       5.97257907       8.06031279
612         80.75654934      66.47711003       6.14455494       8.13488438
613         80.87361391      66.52092584       6.16596226       8.18672581
614         80.72992727      66.56859793       6.01324507       8.14808427
615         80.72905986      66.94308179       5.81190703       7.97407105
616         81.06878632      67.67636281       5.62869580       7.76372771
617         81.61034729      68.53173288       5.48317135       7.59544307
618         82.41286580      69.29909319       5.47549292       7.63827968
619         83.09481191      69.76012984       5.63179550       7.70288657
620         83.49330841      70.01037538       5.82652400       7.65640903
621         83.28782014      69.77454958       6.00336385       7.50990671
622         83.00293540      69.32409757       6.26125621       7.41758162
623         82.79019708      68.94204219       6.47785872       7.37029617
624         82.48475145      68.48591734       6.64594876       7.35288536
625         81.76801996      67.80977601       6.75240842       7.20583553
626         81.01321013      67.20799347       6.78397090       7.02124576
627         80.20994487      66.66611522       6.77893068       6.76489898
628         79.40243533      66.31929755       6.68113531       6.40200247
629         78.99863861      66.21070325       6.60275864       6.18517671
630         78.94905035      66.15677116       6.60020997       6.19206921
631         78.81037091      65.69611050       6.71615125       6.39810916
632         78.29595807      64.69456244       7.05714468       6.54425094
633         77.62043163      63.55204468       7.51990769       6.54847926
634         77.09216138      62.78644194       7.91698017       6.38873926
635         77.18795404      62.83886288       8.20449794       6.14459321
636         77.65894844      63.36895159       8.42507376       5.86492310
637         77.85497374      63.83921072       8.49177109       5.52399193
638         77.68393358      64.00277731       8.47891020       5.20224607
639         77.84686852      64.38248191       8.59566497       4.86872164
640         78.56831536      64.95836578       8.83419736       4.77575222
641         79.36897557      65.41041104       9.04335643       4.91520810
642         79.59590829      65.23797665       9.14651957       5.21141207
643         78.84899877      64.29510885       9.22159220       5.33229772
644         77.46479668      63.04586086       9.27720289       5.14173294
645         76.02931276      61.86426437       9.28282035       4.88222804
646         74.64427552      60.68455805       9.18798029       4.77173718
647         73.50267179      59.77856527       8.97181766       4.75228886
648         73.04094737      59.55549132       8.85584701       4.62960904
649         72.87940212      59.69792190       8.82805369       4.35342654
650         72.93961283      60.08096114       8.84131683       4.01733486
651         73.26296227      60.55098465       8.90044584       3.81153179
652         73.54718542      60.88146828       8.91576142       3.74995572
653         73.17444602      60.59495238       8.77672123       3.80277242
654         72.20574581      59.82275663       8.51354289       3.86944629
655         71.38345485      59.23554363       8.21875565       3.92915557
656         71.36719501      59.38492414       7.90242348       4.07984739
657         71.95326776      59.97226393       7.60688586       4.37411797
658         72.73286769      60.64975984       7.36048447       4.72262339
659         73.38255113      61.26247893       7.17450298       4.94556922
660         73.57442324      61.56824898       7.02413287       4.98204140
661         73.46982990      61.52127770       6.86834927       5.08020292
662         73.06624720      60.94957268       6.77350011       5.34317441
663         72.66156020      60.17787179       6.78704010       5.69664831
664         72.34218245      59.43744198       6.85315213       6.05158834
665         72.18838927      58.96137449       6.83575049       6.39126428
666         72.41496650      58.88161820       6.75976845       6.77357985
667         72.98674927      59.11554719       6.56622257       7.30497951
668         73.51488714      59.29257799       6.26132693       7.96098222
669         73.38315461      59.00841441       5.85699988       8.51774031
670         72.34673912      58.04447175       5.41245964       8.88980773
671         70.69911228      56.62731317       4.99557845       9.07622066
672         69.01634062      55.12127227       4.65156655       9.24350180
673         67.65380596      53.77363638       4.41205442       9.46811516
674         66.69632710      52.81135779       4.19649626       9.68847305
675         65.68602106      52.04239837       3.93942516       9.70419753
676         64.70539261      51.37851187       3.70200534       9.62487540
677         63.98772664      50.86347727       3.51511277       9.60913661
678         63.55383874      50.61889120       3.38872684       9.54622069
679         63.73788854      51.12631660       3.25674181       9.35483014
680         64.46710668      52.33952470       3.13874890       8.98883309
681         65.55171090      53.81904033       3.08933169       8.64333887
682         66.70676243      55.30044772       3.12770848       8.27860623
683         67.90000567      56.86967180       3.22832512       7.80200875
684         68.88691267      58.31151715       3.34754572       7.22784981
685         69.30764664      59.19655392       3.50116258       6.60993014
686         69.04937055      59.38552460       3.69990772       5.96393823
687         68.17383759      59.01642039       3.83394136       5.32347584
688         67.28564927      58.67726867       3.89071716       4.71766345
689         66.66387513      58.52201147       3.92261942       4.21924424
690         66.09979793      58.18235771       3.98781973       3.92962049
691         65.45853175      57.57151047       4.09118976       3.79583151
692         65.11032948      57.24044036       4.14306509       3.72682403
693         65.34107896      57.55388722       4.07019113       3.71700061
694         65.98045167      58.27185827       3.91295664       3.79563676
695         66.27492234      58.54794529       3.82571106       3.90126599
696         65.96344582      58.14534146       3.87122986       3.94687450
697         65.10879659      57.41795431       3.95297129       3.73787099
698         63.90416303      56.63720326       3.84289124       3.42406854
699         62.63090758      55.85140997       3.57640842       3.20308920
700         61.61161896      55.11080797       3.36693908       3.13387191
701         61.13652268      54.66100732       3.35047021       3.12504514
702         61.05747956      54.43077512       3.47276486       3.15393958
703         60.98769938      54.27150704       3.48179706       3.23439528
704         60.79950727      54.13563539       3.38533563       3.27853624
705         60.62979831      54.14400745       3.27417357       3.21161728
706         60.55456442      54.32410088       3.23026299       3.00020055
707         60.34678739      54.46060645       3.14347616       2.74270477
708         60.28463378      54.70944525       3.06079875       2.51438978
709         60.79760660      55.41215295       2.99751482       2.38793883
710         61.49547916      56.30325120       2.85261926       2.33960871
711         62.18486569      57.08364334       2.72746084       2.37376151
712         63.13651386      58.00548218       2.69542121       2.43561048
713         64.06128296      58.83811280       2.73756668       2.48560349
714         64.76841907      59.55169080       2.70056106       2.51616720
715         65.06541981      59.92541106       2.62634271       2.51366603
716         64.91797864      59.90318255       2.55858474       2.45621135
717         64.71865286      59.87647330       2.46959182       2.37258774
718         64.46618403      59.84569538       2.36966603       2.25082262
719         63.75817055      59.38933076       2.28005766       2.08878213
720         63.03697078      58.80275848       2.27118511       1.96302718
721         62.78851819      58.44690601       2.35799156       1.98362062
722         62.72223376      58.10416599       2.46697431       2.15109346
723         62.47733569      57.74592155       2.44959060       2.28182354
724         61.86162838      57.26444322       2.29323239       2.30395277
725         61.50949463      57.11800505       2.12453500       2.26695458
726         61.50107596      57.16280255       2.14597259       2.19230082
727         61.68161823      57.26867419       2.37777445       2.03516958
728         61.93389774      57.41359204       2.68641065       1.83389504
729         62.33637661      57.78824201       2.87883670       1.66929790
730         62.62699636      58.12335977       2.98450823       1.51912835
731         62.82193793      58.38437517       3.04659029       1.39097247
732         63.39733211      59.03902840       3.11448805       1.24381566
733         64.45506353      60.27620442       3.05049503       1.12836408
734         66.00171136      62.11089614       2.79187998       1.09893524
735         67.89327874      64.20189097       2.57243481       1.11895296
736         69.67472614      66.04860215       2.49045592       1.13566807
737         70.89132703      67.25530601       2.53514303       1.10087799
738         71.77745347      68.12673546       2.60494648       1.04577152
739         72.42942559      68.84629731       2.62071660       0.96241168
740         73.06279692      69.58339382       2.61562736       0.86377574
741         73.28436153      69.95302097       2.56754895       0.76379161
742         73.03694690      69.87501139       2.49628706       0.66564844
743         72.64415021      69.62562207       2.45554613       0.56298201
744         71.99906236      68.94812055       2.53932416       0.51161765
745         72.25990720      69.17506513       2.59103461       0.49380746
746         73.22796782      70.15766196       2.60671771       0.46358815
747         74.02326785      70.97722117       2.60902668       0.43702000
748         74.09443957      71.09424769       2.57670213       0.42348975
749         73.68791027      70.73873619       2.52744220       0.42173188
750         73.18966471      70.23199785       2.52202353       0.43564334
751         72.45198963      69.47994492       2.51588870       0.45615600
752         71.67682684      68.72126949       2.50157819       0.45397915
753         71.26192357      68.34839860       2.46480131       0.44872366
754         71.01982328      68.24301651       2.31737120       0.45943557
755         70.44650761      67.89460265       2.12180216       0.43010280
756         69.90486291      67.57858447       1.98272443       0.34355400
757         69.54524412      67.41685664       1.85363245       0.27475503
758         69.13310937      67.26362529       1.63379925       0.23568483
759         68.49796098      66.92172340       1.39636694       0.17987065
760         67.60431943      66.27923481       1.19816724       0.12691738
761         66.77414209      65.64524411       1.03211192       0.09678607
762         66.12952929      65.15677782       0.87139202       0.10135945
763         65.96837282      65.10820876       0.72622715       0.13393692
764         66.33676859      65.54560088       0.61616727       0.17500043
765         66.73391202      66.00751097       0.54126583       0.18513521
766         66.75818727      66.10581485       0.49943832       0.15293410
767         66.24763386      65.63544748       0.51060685       0.10157952
768         65.60520458      64.98696014       0.56716250       0.05108194
769         65.21754167      64.59048070       0.61132523       0.01573574
770         65.32838783      64.71358269       0.61367099       0.00113415
771         65.65138677      65.01551838       0.63477973       0.00108866
772         66.12047747      65.39602581       0.72135482       0.00309683
773         66.45012143      65.65404920       0.79479719       0.00127504
774         66.51419731      65.69739244       0.81587111       0.00093375
775         66.53352050      65.67601718       0.84750178       0.01000154
776         66.82892617      65.86497166       0.95040308       0.01355142
777         67.59765245      66.47754199       1.11455194       0.00555852
778         68.59324386      67.30249392       1.29073509       0.00001485
779         69.23185169      67.82129252       1.40690108       0.00365809
780         69.47123244      68.02047356       1.44250566       0.00825322
781         69.72113763      68.27637592       1.43798291       0.00677881
782         70.13838831      68.69749383       1.43635532       0.00453916
783         70.24519790      68.79730178       1.44294808       0.00494804
784         69.91122619      68.47818680       1.42107611       0.01196328
785         69.57123030      68.11796714       1.42418132       0.02908185
786         69.59442898      68.12938515       1.42954676       0.03549707
787         70.03271056      68.61537045       1.39699129       0.02034883
788         70.49591802      69.18773024       1.30051330       0.00767447
789         70.81362121      69.62919694       1.17736328       0.00706099
790         70.99214128      69.86693921       1.10839845       0.01680361
791         71.30942854      70.16926808       1.11134696       0.02881350
792         71.55914812      70.39294722       1.13942685       0.02677404
793         71.56940077      70.38588634       1.16695700       0.01655743
794         71.41063680      70.24673548       1.15509401       0.00880731
795         71.00585686      69.92357114       1.07489651       0.00738921
796         70.64496032      69.67964420       0.95872750       0.00658862
797         70.39605104      69.54550313       0.84819886       0.00234906
798         69.83367344      69.06753055       0.76602445       0.00011844
799         69.07704751      68.37346705       0.70320037       0.00038010
800         68.46939585      67.81438141       0.65416969       0.00084475
801         67.71256044      67.09965651       0.61242446       0.00047947
802         66.67185097      66.10998231       0.56164727       0.00022140
803         65.90980794      65.40602598       0.50368757       0.00009439
804         65.64405574      65.20033857       0.44367049       0.00004668
805         65.86473745      65.46706919       0.39710681       0.00056145
806         66.54457962      66.16572600       0.37644377       0.00240985
807         67.51199229      67.15500600       0.35235092       0.00463538
808         68.44549407      68.13523542       0.30728836       0.00297030
809         68.91826192      68.68742314       0.23048911       0.00034968
810         68.76394421      68.60953936       0.15342475       0.00098010
811         67.89551957      67.79336580       0.09671935       0.00543441
812         66.93436009      66.87114121       0.05456474       0.00865415
813         66.26695779      66.22943090       0.03083321       0.00669368
814         65.58603794      65.56315651       0.01965595       0.00322548
815         64.63752677      64.61945588       0.01705430       0.00101659
816         63.43127610      63.41275730       0.01836723       0.00015157
817         62.26320697      62.23831378       0.02101695       0.00387624
818         61.22087490      61.19352791       0.01947210       0.00787489
819         60.30274767      60.28507502       0.01228820       0.00538445
820         59.58389374      59.57443443       0.00734277       0.00211653
821         58.92368199      58.91428272       0.00668442       0.00271485
822         58.10659957      58.08881476       0.01151349       0.00627132
823         57.42592062      57.40187060       0.01521437       0.00883565
824         56.95285956      56.92951729       0.01389143       0.00945084
825         56.13156130      56.10968267       0.01078267       0.01109597
826         54.80294174      54.77930090       0.00976099       0.01387985
827         53.10169632      53.07905098       0.01175444       0.01089090
828         51.34817461      51.32501499       0.01893663       0.00422299
829         49.62975178      49.58414718       0.04443361       0.00117099
830         47.91769524      47.82690884       0.08806454       0.00272186
831         46.32580341      46.16671187       0.15028828       0.00880325
832         45.14320787      44.94417766       0.18651233       0.01251788
833         44.36763334      44.17555416       0.18279170       0.00928749
834         44.02950217      43.84157754       0.17991541       0.00800922
835         44.06032295      43.83882855       0.20945745       0.01203694
836         44.32851898      44.03340846       0.28068039       0.01443013
837         45.02835403      44.61938256       0.39992777       0.00904369
838         45.89682106      45.34260755       0.55064730       0.00356622
839         46.53501872      45.84237334       0.68965112       0.00299425
840         46.84444921      46.02226416       0.81295808       0.00922697
841         46.70642627      45.77878753       0.90177780       0.02586094
842         46.21151207      45.19707085       0.95745201       0.05698920
843         45.64796657      44.56176421       0.98149556       0.10470680
844         45.14287379      43.98408203       1.02041361       0.13837815
845         44.77373787      43.52263406       1.10905786       0.14204594
846         44.49507845      43.10082832       1.25588876       0.13836137
847         44.21001419      42.66387785       1.38434151       0.16179483
848         44.03009722      42.38576936       1.43843452       0.20589334
849         44.07050188      42.38567496       1.44910093       0.23572600
850         44.22412584      42.57932345       1.39855317       0.24624922
851         44.34745476      42.77339002       1.32249363       0.25157111
852         44.34046651      42.84667772       1.21947513       0.27431366
853         44.03637427      42.57433502       1.14783211       0.31420714
854         43.36510651      41.88013299       1.12330171       0.36167181
855         42.61313758      41.07027290       1.15975733       0.38310735
856         41.75538408      40.12301406       1.25283489       0.37953514
857         40.57845108      38.84214888       1.36290058       0.37340162
858         39.65148102      37.80316355       1.45488529       0.39343218
859         39.50659809      37.60189764       1.46635670       0.43834376
860         39.79727744      37.97151609       1.35753754       0.46822380
861         40.12788021      38.45593156       1.20148999       0.47045866
862         40.43636453      38.89656011       1.08015453       0.45964990
863         40.83097501      39.36019403       1.00947604       0.46130494
864         41.13517791      39.64997700       1.01724596       0.46795495
865         41.11490174      39.60368859       1.06733735       0.44387580
866         40.45411329      38.93801908       1.13696400       0.37913021
867         39.51265183      38.01257000       1.20632022       0.29376162
868         38.65380321      37.19850800       1.25576245       0.19953276
869         38.16298660      36.77273854       1.27811513       0.11213293
870         38.04990213      36.72952401       1.27780889       0.04256923
871         38.17148858      36.88087814       1.28605901       0.00455142
872         38.52509343      37.22397348       1.29739394       0.00372600
873         38.99153287      37.66294697       1.29536220       0.03322369
874         39.39590465      38.05529069       1.25843715       0.08217682
875         39.60431133      38.24508795       1.21445937       0.14476402
876         39.75594340      38.35502220       1.18401404       0.21690716
877         39.84882382      38.41284012       1.14495530       0.29102840
878         39.71486478      38.27107913       1.08534691       0.35843874
879         39.52630122      38.05215745       1.05021721       0.42392656
880         39.42357918      37.86246095       1.05544587       0.50567237
881         39.20654619      37.53921290       1.07494541       0.59238789
882         38.82890881      37.06166315       1.11261409       0.65463156
883         38.19725287      36.41097370       1.12692333       0.65935584
884         37.39628541      35.66892164       1.07865720       0.64870656
885         36.52681849      34.87498139       0.97179273       0.68004437
886         35.64197468      34.02408674       0.87611541       0.74177253
887         35.05654036      33.41056950       0.84421070       0.80176016
888         34.78419445      33.10347799       0.82138212       0.85933434
889         34.79882069      33.09415419       0.75168955       0.95297694
890         35.05209310      33.29761887       0.66170487       1.09276935
891         35.43160870      33.57642402       0.63222380       1.22296089
892         35.78251497      33.79235797       0.66738791       1.32276909
893         35.95538204      33.80661313       0.72182267       1.42694624
894         35.97119305      33.70356297       0.77132262       1.49630746
895         36.10847394      33.80113752       0.83421885       1.47311757
896         36.35945842      34.04919574       0.90311055       1.40715212
897         36.64553155      34.28845270       0.96281314       1.39426571
898         37.22427074      34.74704151       1.03188909       1.44534014
899         37.89895132      35.25079507       1.14662902       1.50152723
900         38.04034235      35.18519005       1.34243523       1.51271708
901         37.77513417      34.62274049       1.59012650       1.56226718
902         37.98781058      34.48379900       1.84309017       1.66092141
903         38.85922219      35.06100000       2.04164759       1.75657460
904         39.39916036      35.48826818       2.12896616       1.78192603
905         39.36432876      35.41259716       2.20587138       1.74586022
906         39.22916358      35.14552509       2.38237296       1.70126553
907         39.18284639      34.89914228       2.60597757       1.67772655
908         39.16333102      34.68619199       2.80548614       1.67165288
909         39.32810903      34.72618567       2.92360251       1.67832085
910         39.66344267      34.99292848       2.98650826       1.68400593
911         39.99118672      35.27938617       3.00861416       1.70318638
912         40.31554126      35.58474993       3.04231872       1.68847261
913         40.70044979      36.09611819       3.06131148       1.54302012
914         41.18935149      36.73177697       3.06348032       1.39409419
915         41.24392122      36.64187600       3.13751262       1.46453261
916         41.06844880      36.14547363       3.22580846       1.69716671
917         41.33876740      36.20440898       3.27884540       1.85551302
918         42.05542586      36.90878261       3.25937333       1.88726992
919         42.77648171      37.72992382       3.24214934       1.80440855
920         43.54129808      38.61408657       3.24323501       1.68397650
921         44.36097509      39.57194326       3.17770904       1.61132279
922         44.76313666      40.15701756       3.01214408       1.59397503
923         44.85937522      40.40453034       2.81959023       1.63525466
924         44.95192107      40.62384607       2.63078642       1.69728857
925         45.23488954      41.02230028       2.49867660       1.71391266
926         45.43759091      41.28840501       2.47047627       1.67870962
927         45.88880643      41.67022364       2.52724745       1.69133534
928         46.53935293      42.16085914       2.60278297       1.77571082
929         47.12602817      42.54066744       2.67880077       1.90655995
930         47.79800458      42.89078822       2.81245139       2.09476497
931         48.64384527      43.23907955       3.05619635       2.34856937
932         49.77982800      43.84912786       3.33792425       2.59277589
933         51.20559956      44.94846259       3.53690314       2.72023383
934         52.83585456      46.38740706       3.64807017       2.80037734
935         54.26315262      47.67582072       3.66903881       2.91829309
936         55.33350086      48.65544833       3.52671859       3.15133394
937         56.11951713      49.49128986       3.24820105       3.38002621
938         56.86928628      50.36576521       3.01078817       3.49273290
939         57.63163490      51.19553042       2.97329695       3.46280753
940         58.35841733      51.90136460       3.13161925       3.32543348
941         59.06804002      52.60333529       3.33820309       3.12650164
942         59.50372151      53.10064314       3.46149798       2.94158039
943         59.78977596      53.49124770       3.49256272       2.80596554
944         60.04313823      53.77669328       3.51075255       2.75569240
945         60.41105680      54.08569378       3.54523600       2.78012702
946         61.00912341      54.60688397       3.56138279       2.84085665
947         61.81265804      55.32931196       3.55144801       2.93189807
948         62.79961107      56.29493907       3.45660408       3.04806792
949         63.89203618      57.30676012       3.34160601       3.24367005
950         65.13581463      58.45720482       3.22300026       3.45560955
951         66.49839052      59.77544049       3.09584845       3.62710159
952         67.60996795      60.93865442       2.95217571       3.71913782
953         68.24949741      61.66459465       2.84219832       3.74270444
954         68.42007995      61.88740743       2.79200676       3.74066576
955         68.57887707      61.98543860       2.79905374       3.79438473
956         69.07656735      62.25359674       2.86612057       3.95685004
957         69.54188322      62.48002627       2.96026515       4.10159179
958         69.55339972      62.35529328       3.06020922       4.13789722
959         69.39123210      62.20017633       3.11494981       4.07610596
960         69.57235845      62.44410201       3.11437006       4.01388639
961         70.00733494      62.98823654       3.04235821       3.97674019
962         70.15513812      63.29856628       2.95003695       3.90653490
963         69.96014825      63.25493731       2.88012611       3.82508484
964         69.86257566      63.24917925       2.84266971       3.77072670
965         69.88473640      63.33316514       2.77948558       3.77208568
966         69.96999997      63.44906742       2.68185544       3.83907711
967         70.08071474      63.57386882       2.57711144       3.92973448
968         70.21956063      63.81114369       2.42667055       3.98174639
969         71.07729329      64.72015198       2.25624496       4.10089635
970         72.63767353      66.19924425       2.05168665       4.38674263
971         74.58040948      67.98273153       1.86654873       4.73112922
972         75.95415972      69.31714745       1.69931302       4.93769926
973         76.59135038      69.98620055       1.59854641       5.00660342
974         76.83020779      70.27743614       1.56593899       4.98683266
975         77.19260504      70.63131082       1.55742595       5.00386826
976         77.96981600      71.39121868       1.54940826       5.02918905
977         78.48026588      71.99285703       1.51085518       4.97655368
978         78.40632771      72.08190702       1.46484650       4.85957419
979         77.95416312      71.85297321       1.41676055       4.68442936
980         77.84800069      71.97579498       1.36500457       4.50720114
981         78.43963386      72.76353528       1.30521622       4.37088236
982         79.68249594      74.05660574       1.32927274       4.29661745
983         81.17158986      75.54564559       1.40182747       4.22411681
984         82.87141376      77.32751809       1.49283270       4.05106297
985         84.64311984      79.33079463       1.55476220       3.75756301
986         86.17087740      81.13265289       1.62657555       3.41164897
987         87.10538291      82.36748246       1.68333498       3.05456547
988         87.96017599      83.47752772       1.74134197       2.74130630
989         89.78419149      85.43956655       1.84078193       2.50384301
990         92.48138353      88.14628315       1.95469421       2.38040618
991         95.20499236      90.82653880       2.09356771       2.28488586
992         97.20556833      92.82829272       2.16992102       2.20735459
993         98.70857970      94.34928187       2.21873457       2.14056326
994        100.10152595      95.76630429       2.23972356       2.09549811
995        101.22024617      96.90361109       2.28214977       2.03448531
996        101.88993080      97.65099559       2.18726145       2.05167376
997        102.36623888      98.25480365       1.92170553       2.18972970
998        102.75800096      98.77407444       1.71322782       2.27069870
999        102.45115509      98.49174220       1.74311026       2.21630263
1000       101.42685063      97.45010590       1.90386504       2.07287969
