0      414          3.71809764      -0.88193805      -1.03228707
1      414          3.65749816      -0.91443106      -1.07643846
2      414          3.58367157      -0.99197430      -1.11773530
3      414          3.51227017      -1.08153353      -1.15009216
4      414          3.44894057      -1.16977839      -1.17081066
5      414          3.40835926      -1.24090992      -1.19609464
6      414          3.41487806      -1.28617244      -1.23303465
7      414          3.44012930      -1.29020457      -1.28640354
8      414          3.45802223      -1.26020690      -1.35016162
9      414          3.45371378      -1.22504608      -1.39667334
10     414          3.40635131      -1.21354945      -1.39284476
11     414          3.33373294      -1.22897671      -1.34228431
12     414          3.27961101      -1.28302133      -1.29462768
13     414          3.26021276      -1.35760154      -1.27950709
14     414          3.25237044      -1.41710324      -1.28010379
15     414          3.24731480      -1.44752509      -1.27578052
16     414          3.24777351      -1.46100120      -1.26361478
17     414          3.23772887      -1.46404160      -1.27129993
18     414          3.19184069      -1.44782560      -1.29269191
19     414          3.12946010      -1.39677085      -1.28061330
20     414          3.08333518      -1.34151408      -1.19715870
21     414          3.06916220      -1.32677290      -1.08126715
22     414          3.08304304      -1.34490292      -0.99690640
23     414          3.10072908      -1.36200249      -0.95685840
24     414          3.10355598      -1.36753300      -0.93847894
25     414          3.08523343      -1.38480247      -0.94026724
26     414          3.06552063      -1.41168510      -0.98037897
27     414          3.06260956      -1.42652600      -1.04018772
28     414          3.07752740      -1.41482159      -1.10902044
29     414          3.10460116      -1.40225076      -1.14660417
30     414          3.12988898      -1.41112774      -1.15907765
31     414          3.13316164      -1.41730294      -1.16914810
32     414          3.10980823      -1.38542706      -1.20794176
33     414          3.08650291      -1.32472454      -1.26228884
34     414          3.08956917      -1.26136121      -1.29552997
35     414          3.10913523      -1.20471058      -1.29652317
36     414          3.13406783      -1.15096235      -1.27562118
37     414          3.16527805      -1.12773503      -1.27462014
38     414          3.22273568      -1.14895270      -1.29812522
39     414          3.28541860      -1.17140913      -1.31120921
40     414          3.36198637      -1.19233402      -1.32140941
41     414          3.45354120      -1.21562517      -1.34826958
42     414          3.51613581      -1.21981460      -1.38684564
43     414          3.54301346      -1.20074674      -1.39941776
44     414          3.54400414      -1.18514580      -1.39558779
45     414          3.55023343      -1.19026204      -1.39517095
46     414          3.56499758      -1.20277291      -1.38943417
47     414          3.59396253      -1.21383267      -1.36687604
48     414          3.66162366      -1.23263411      -1.31968664
49     414          3.77205600      -1.26290993      -1.27332011
50     414          3.89425739      -1.28819409      -1.23632015
51     414          3.97674151      -1.28575748      -1.20438541
52     414          4.00288485      -1.26329702      -1.16443764
53     414          3.99676605      -1.22731218      -1.12145013
54     414          4.01210826      -1.20238762      -1.08524053
55     414          4.04755163      -1.19781349      -1.07477551
56     414          4.08282339      -1.21662181      -1.09214042
57     414          4.08845307      -1.24169320      -1.11091955
58     414          4.06881577      -1.27474628      -1.12066867
59     414          4.01704556      -1.30992242      -1.11215521
60     414          3.94320227      -1.34262419      -1.09303218
61     414          3.85974038      -1.36649082      -1.08611466
62     414          3.78644497      -1.36765576      -1.10501494
63     414          3.73709061      -1.34541959      -1.14324614
64     414          3.67419133      -1.29610198      -1.17718340
65     414          3.59944060      -1.24910708      -1.18778998
66     414          3.55433178      -1.20961830      -1.16597978
67     414          3.53456915      -1.19368958      -1.13297975
68     414          3.52248572      -1.19257411      -1.10209068
69     414          3.50926000      -1.21372206      -1.09487604
70     414          3.48822292      -1.24700028      -1.11695778
71     414          3.46209945      -1.27774697      -1.17646071
72     414          3.43771776      -1.31152118      -1.27134470
73     414          3.43138827      -1.35069124      -1.36527866
74     414          3.42393976      -1.40460762      -1.45113125
75     414          3.40427519      -1.46646636      -1.51697430
76     414          3.38468768      -1.50759141      -1.54276716
77     414          3.37629404      -1.49996216      -1.51420898
78     414          3.38290003      -1.48143882      -1.45715724
79     414          3.38683214      -1.47670051      -1.41904599
80     414          3.39958029      -1.46880656      -1.39563735
81     414          3.42997681      -1.42677345      -1.40228090
82     414          3.44886519      -1.37444439      -1.43728575
83     414          3.43147529      -1.32234661      -1.48651756
84     414          3.40528468      -1.26332813      -1.51802521
85     414          3.39823436      -1.21002445      -1.50837269
86     414          3.40670346      -1.17056033      -1.44572647
87     414          3.41997239      -1.15226489      -1.33756130
88     414          3.41824282      -1.15931925      -1.21687897
89     414          3.41049583      -1.18305423      -1.12497970
90     414          3.38247915      -1.17960337      -1.10557229
91     414          3.33625533      -1.12843075      -1.14229611
92     414          3.28905862      -1.06867290      -1.17710728
93     414          3.27042815      -1.06541371      -1.17493842
94     414          3.29155390      -1.10984985      -1.13313327
95     414          3.30829535      -1.14179688      -1.06964132
96     414          3.29884502      -1.15140790      -1.02275896
97     414          3.26755335      -1.16299097      -1.00193819
98     414          3.25997179      -1.19463576      -0.96961666
99     414          3.26241333      -1.22779674      -0.91740539
100    414          3.27331332      -1.25815250      -0.87283079
101    414          3.28416331      -1.29307764      -0.86383323
102    414          3.29574687      -1.31047145      -0.87447569
103    414          3.30980045      -1.30895396      -0.87906207
104    414          3.30317901      -1.29603185      -0.85390738
105    414          3.27020443      -1.27215838      -0.80217937
106    414          3.21957129      -1.24503233      -0.75529380
107    414          3.16740953      -1.22799011      -0.73312993
108    414          3.11641288      -1.22679895      -0.73839255
109    414          3.10454003      -1.24070554      -0.74111451
110    414          3.14792918      -1.29125921      -0.71792818
111    414          3.21629167      -1.33650825      -0.69125470
112    414          3.22813742      -1.34291158      -0.69524829
113    414          3.20544477      -1.33076280      -0.71778207
114    414          3.19651341      -1.30937093      -0.74445599
115    414          3.19845913      -1.28687547      -0.78971061
116    414          3.17920115      -1.25866399      -0.88200324
117    414          3.13578090      -1.21579123      -1.00240743
118    414          3.08600841      -1.17863009      -1.07551348
119    414          3.03532490      -1.18444465      -1.05474969
120    414          2.99820163      -1.21867264      -0.99700448
121    414          2.97745041      -1.23841724      -0.97778235
122    414          2.97187541      -1.23123483      -1.01276295
123    414          2.96184696      -1.22250517      -1.07385814
124    414          2.93858403      -1.20620944      -1.13197046
125    414          2.91900268      -1.17433286      -1.20879311
126    414          2.91996422      -1.15113297      -1.29012600
127    414          2.94209219      -1.12484360      -1.35468257
128    414          2.96082324      -1.08000159      -1.38189533
129    414          2.96381646      -1.01622833      -1.39255444
130    414          2.95465641      -0.96093874      -1.41723928
131    414          2.93810503      -0.90157843      -1.44306255
132    414          2.92092111      -0.84756491      -1.46549779
133    414          2.91001656      -0.78960722      -1.49723376
134    414          2.90043651      -0.71912443      -1.57204985
135    414          2.89621126      -0.66123048      -1.62547596
136    414          2.91576503      -0.64034591      -1.63074755
137    414          2.93538745      -0.64472418      -1.63890273
138    414          2.94101119      -0.63389745      -1.65348454
139    414          2.93147206      -0.61669641      -1.64479686
140    414          2.94356863      -0.59865599      -1.61683073
141    414          2.97643982      -0.60134302      -1.61412215
142    414          3.00763834      -0.60340917      -1.64805337
143    414          3.03187348      -0.60905923      -1.68512283
144    414          3.05561262      -0.60797604      -1.68974941
145    414          3.07263199      -0.59737597      -1.69360885
146    414          3.07225170      -0.56993959      -1.72792956
147    414          3.05092776      -0.53126646      -1.75700223
148    414          3.02101004      -0.49098534      -1.75929318
149    414          2.98555042      -0.43468581      -1.73007962
150    414          2.94702054      -0.37287137      -1.70102938
151    414          2.93746114      -0.31227023      -1.68551558
152    414          2.92143968      -0.27648948      -1.66515626
153    414          2.89093049      -0.27651728      -1.66508062
154    414          2.85831312      -0.26882055      -1.66095558
155    414          2.83202706      -0.24810774      -1.65403072
156    414          2.80980446      -0.22948553      -1.64528897
157    414          2.79523956      -0.24369121      -1.62637256
158    414          2.79099503      -0.25990868      -1.58645624
159    414          2.78672800      -0.26750729      -1.51532503
160    414          2.76690898      -0.27154252      -1.41077856
161    414          2.71880516      -0.25935478      -1.30189414
162    414          2.65248204      -0.22005674      -1.23134294
163    414          2.57802184      -0.18142901      -1.19306612
164    414          2.50259120      -0.17735838      -1.12139219
165    414          2.44326144      -0.20078311      -1.00857282
166    414          2.41970419      -0.22435747      -0.88876544
167    414          2.43381685      -0.21943580      -0.78977772
168    414          2.45733631      -0.16841376      -0.70751624
169    414          2.47988363      -0.09754981      -0.64565060
170    414          2.47547124      -0.03272233      -0.58342027
171    414          2.45033522       0.02541361      -0.54861808
172    414          2.42521920       0.06993926      -0.55143702
173    414          2.40751532       0.10141091      -0.55979492
174    414          2.41573219       0.10782563      -0.55415000
175    414          2.43714425       0.05049088      -0.54037674
176    414          2.42850906      -0.05503420      -0.53333863
177    414          2.35335492      -0.14882770      -0.55976058
178    414          2.25394967      -0.19629427      -0.60041682
179    414          2.19990824      -0.21414242      -0.57477581
180    414          2.17724198      -0.24175336      -0.47152625
181    414          2.15554175      -0.27654796      -0.36109993
182    414          2.13917650      -0.29795726      -0.26966078
183    414          2.11622287      -0.33499572      -0.19508204
184    414          2.04918252      -0.42126253      -0.14242919
185    414          1.96638400      -0.52910885      -0.11575589
186    414          1.87760786      -0.63940776      -0.12175130
187    414          1.83180986      -0.73935522      -0.15138047
188    414          1.89434042      -0.80809802      -0.16447356
189    414          1.98042579      -0.81240068      -0.15659140
190    414          2.03362403      -0.73851356      -0.12422984
191    414          2.04347878      -0.63371044      -0.06172928
192    414          2.00356508      -0.53221814       0.00784613
193    414          1.92862587      -0.45930551       0.07118834
194    414          1.86678062      -0.42685284       0.10706665
195    414          1.83118316      -0.43025454       0.09348666
196    414          1.81096594      -0.46193874       0.06423147
197    414          1.78822880      -0.50154573       0.06434077
198    414          1.76891644      -0.53689111       0.11441075
199    414          1.78185653      -0.56748702       0.19038722
200    414          1.81548514      -0.58451842       0.27646168
201    414          1.85810654      -0.58826259       0.37806331
202    414          1.90232036      -0.59765604       0.46971752
203    414          1.94930794      -0.61731896       0.54096565
204    414          1.97956126      -0.64415338       0.57443076
205    414          1.97688239      -0.65892481       0.57831167
206    414          1.92110313      -0.67735431       0.54597427
207    414          1.86150980      -0.70155256       0.46689248
208    414          1.83117406      -0.71486696       0.37247963
209    414          1.84404140      -0.72296479       0.28873193
210    414          1.89913163      -0.71850485       0.22231257
211    414          1.96438528      -0.70050907       0.18215366
212    414          2.01339238      -0.67045927       0.16613545
213    414          2.04553533      -0.64066201       0.15019009
214    414          2.08231365      -0.61598596       0.12486239
215    414          2.12207339      -0.60883729       0.09834868
216    414          2.15763007      -0.60986598       0.08015914
217    414          2.16447564      -0.60097237       0.04693724
218    414          2.13925742      -0.58713912      -0.00045509
219    414          2.11565900      -0.58793997      -0.04379410
220    414          2.13861989      -0.60684770      -0.07217994
221    414          2.21695136      -0.63117301      -0.09893087
222    414          2.28789018      -0.64559111      -0.14444564
223    414          2.32394436      -0.63383216      -0.20295771
224    414          2.32181206      -0.60368599      -0.24098189
225    414          2.33327871      -0.56462339      -0.24997943
226    414          2.37740652      -0.52191619      -0.24186387
227    414          2.45264898      -0.47526571      -0.24309953
228    414          2.51952970      -0.41999788      -0.28317937
229    414          2.56277587      -0.35352869      -0.34778519
230    414          2.58924228      -0.26600975      -0.40822161
231    414          2.62286761      -0.18314909      -0.42095010
232    414          2.67648820      -0.13864331      -0.38092591
233    414          2.73487953      -0.12092472      -0.32878784
234    414          2.77956596      -0.11255253      -0.29176694
235    414          2.78556915      -0.10168828      -0.26145243
236    414          2.76244187      -0.07496964      -0.23817272
237    414          2.71548264      -0.02485617      -0.23022942
238    414          2.65709074       0.03586257      -0.24005788
239    414          2.58213615       0.08661143      -0.25416562
240    414          2.51046875       0.11261105      -0.27931569
241    414          2.46424262       0.11421101      -0.31295149
242    414          2.44857136       0.10879894      -0.31120271
243    414          2.45017640       0.11213032      -0.27136565
244    414          2.45790855       0.13575579      -0.21435365
245    414          2.46188158       0.17966723      -0.15944058
246    414          2.43969514       0.24167805      -0.10559222
247    414          2.39250826       0.29148926      -0.05761763
248    414          2.34113544       0.31610933      -0.02232858
249    414          2.27140004       0.30518898       0.00800704
250    414          2.17445585       0.26350649       0.03499967
251    414          2.05977897       0.21190519       0.04986766
252    414          1.94615480       0.16151070       0.04564187
253    414          1.86974218       0.11405312       0.06059290
254    414          1.83778895       0.08234700       0.10762559
255    414          1.82309173       0.06947681       0.19033042
256    414          1.81191098       0.06853385       0.27913420
257    414          1.80686214       0.08335222       0.33895936
258    414          1.81249564       0.08738216       0.39749785
259    414          1.82901506       0.05753909       0.43484928
260    414          1.86766769      -0.00521243       0.45610580
261    414          1.93169893      -0.07768452       0.46798606
262    414          1.96897333      -0.13821387       0.49613597
263    414          1.93600064      -0.15872711       0.54275891
264    414          1.87452705      -0.14377408       0.57531353
265    414          1.81388546      -0.11747116       0.55152839
266    414          1.76484617      -0.09835876       0.47176455
267    414          1.73169367      -0.10475456       0.37929899
268    414          1.70393310      -0.13876663       0.32098171
269    414          1.68278286      -0.18726927       0.27159348
270    414          1.66610231      -0.23258604       0.18045171
271    414          1.63515772      -0.26240820       0.07100722
272    414          1.55690170      -0.26081450       0.00776249
273    414          1.48268236      -0.23969605       0.00625717
274    414          1.46053796      -0.20721788       0.04408045
275    414          1.48457040      -0.18304690       0.09010944
276    414          1.51078571      -0.16812744       0.09521412
277    414          1.53535329      -0.16898822       0.06130519
278    414          1.57542258      -0.16688989       0.02761347
279    414          1.62861488      -0.16215229       0.00367358
280    414          1.64344228      -0.15163383      -0.01558994
281    414          1.58188520      -0.12851811      -0.05689169
282    414          1.46895435      -0.11706087      -0.12824304
283    414          1.36846918      -0.10912091      -0.20844159
284    414          1.35673317      -0.09176301      -0.23647424
285    387         -0.40216555      -0.94088047      -1.74594031
286    387         -0.41500042      -0.92809910      -1.78635279
287    387         -0.38653509      -0.88513484      -1.80668942
288    387         -0.34230448      -0.83536777      -1.83271218
289    387         -0.30159488      -0.76765790      -1.88532225
290    387         -0.27116541      -0.70771722      -1.94395103
291    387         -0.24079253      -0.70069535      -1.95330087
292    387         -0.20337699      -0.76382726      -1.92375953
293    387         -0.17060673      -0.87577941      -1.85920341
294    387         -0.14090925      -0.97049309      -1.80467108
295    387         -0.10905058      -0.99593084      -1.80810022
296    387         -0.06169098      -0.94431491      -1.85052133
297    387          0.00058755      -0.86022275      -1.87798545
298    387          0.07860849      -0.77946045      -1.86053846
299    387          0.15425476      -0.73243648      -1.83110923
300    387          0.21504058      -0.72116683      -1.82117834
301    387          0.27382233      -0.72724578      -1.85851520
302    387          0.34756861      -0.71247356      -1.90302156
303    387          0.43355356      -0.66183277      -1.90649930
304    387          0.49998251      -0.62291093      -1.89311252
305    387          0.54570897      -0.62245768      -1.92339498
306    387          0.57822247      -0.65371102      -2.00534134
307    387          0.61487803      -0.69216805      -2.08655450
308    387          0.67032484      -0.73918612      -2.14217902
309    387          0.74214161      -0.80736958      -2.17163647
310    387          0.80370119      -0.85031822      -2.17124652
311    387          0.82303421      -0.81237760      -2.15995918
312    387          0.79737381      -0.72740237      -2.17551409
313    387          0.75752322      -0.68200910      -2.23182343
314    387          0.71805182      -0.68437241      -2.29057435
315    387          0.68416937      -0.71173676      -2.32587629
316    387          0.65158358      -0.76122513      -2.35197666
317    387          0.62807302      -0.83213685      -2.37511994
318    387          0.63143883      -0.92472444      -2.40948458
319    387          0.65406513      -0.99863439      -2.47440091
320    387          0.65077781      -1.06975809      -2.54512229
321    387          0.61081592      -1.14815503      -2.57353734
322    387          0.54471222      -1.21718782      -2.58114400
323    387          0.49282654      -1.27012194      -2.60462603
324    387          0.48051251      -1.30969800      -2.66392939
325    387          0.49274480      -1.31921800      -2.73085042
326    387          0.50558797      -1.30487380      -2.78100255
327    387          0.53531153      -1.29739292      -2.82827173
328    387          0.58900850      -1.32215205      -2.88882595
329    387          0.65065235      -1.34598038      -2.97374184
330    387          0.70009461      -1.36833730      -3.06425210
331    387          0.71392745      -1.41122743      -3.12996908
332    387          0.69423106      -1.47538842      -3.16984549
333    387          0.65281435      -1.54251804      -3.19645451
334    387          0.62017540      -1.57305833      -3.20458099
335    387          0.58093126      -1.56863545      -3.17965800
336    387          0.52780461      -1.54146360      -3.15196309
337    387          0.46088323      -1.51719100      -3.15652131
338    387          0.39488134      -1.51587689      -3.22201017
339    387          0.34204985      -1.55537150      -3.31003857
340    387          0.30421220      -1.62932209      -3.38592587
341    387          0.25450516      -1.70007167      -3.43061379
342    387          0.18351398      -1.73647572      -3.42720136
343    387          0.11875144      -1.73284725      -3.38829987
344    387          0.07770107      -1.71846131      -3.33970565
345    387          0.06264631      -1.72196797      -3.28797114
346    387          0.04936405      -1.74990282      -3.22778119
347    387          0.01429894      -1.79308396      -3.16338734
348    387         -0.05914403      -1.84680948      -3.09849856
349    387         -0.17053257      -1.90704371      -3.03046906
350    387         -0.28235258      -1.96467404      -2.96238864
351    387         -0.35529344      -2.00594589      -2.89954510
352    387         -0.37654931      -2.02464282      -2.81682124
353    387         -0.37857097      -2.02339266      -2.72498171
354    387         -0.37966713      -1.99540408      -2.64916631
355    387         -0.38891949      -1.92526938      -2.59935032
356    387         -0.40443866      -1.85326919      -2.55743264
357    387         -0.44159473      -1.81425137      -2.50768607
358    387         -0.52726825      -1.81444193      -2.45521366
359    387         -0.64200254      -1.83831803      -2.41086732
360    387         -0.72825940      -1.86968807      -2.39528667
361    387         -0.76390285      -1.87977980      -2.39445591
362    387         -0.77521953      -1.86986960      -2.40498485
363    387         -0.77809426      -1.85906216      -2.39559993
364    387         -0.76306313      -1.84968001      -2.36297949
365    387         -0.75079688      -1.81906031      -2.31977547
366    387         -0.77478844      -1.75589076      -2.30343374
367    387         -0.82450058      -1.72668220      -2.31686888
368    387         -0.87970375      -1.74151317      -2.32878479
369    387         -0.91950916      -1.76898289      -2.32312480
370    387         -0.95075873      -1.78313913      -2.32290278
371    387         -0.99703599      -1.78995164      -2.31832959
372    387         -1.01632376      -1.82647211      -2.28932978
373    387         -1.01470319      -1.88067091      -2.25540589
374    387         -0.98627055      -1.94457420      -2.21274533
375    387         -0.91867859      -2.01424910      -2.14962964
376    387         -0.84029919      -2.07312446      -2.07495544
377    387         -0.78658509      -2.09527986      -2.04329500
378    387         -0.74813290      -2.09761600      -2.07200274
379    387         -0.71022954      -2.11466195      -2.11155344
380    387         -0.71457605      -2.14626993      -2.11656395
381    387         -0.75577563      -2.18536650      -2.08811823
382    387         -0.79789736      -2.23471809      -2.05246953
383    387         -0.79289024      -2.27432221      -2.03582348
384    387         -0.72846006      -2.30574581      -2.05845120
385    387         -0.65941201      -2.35377240      -2.09371121
386    387         -0.62409004      -2.40540725      -2.13873482
387    387         -0.61890665      -2.45804601      -2.17635850
388    387         -0.61150361      -2.49504777      -2.19772093
389    387         -0.60704161      -2.52751515      -2.20169240
390    387         -0.59957615      -2.53166345      -2.18730153
391    387         -0.57828393      -2.52142603      -2.15767149
392    387         -0.52624602      -2.52126514      -2.12201946
393    387         -0.46368182      -2.54123780      -2.07634064
394    387         -0.42023077      -2.56892760      -2.01469191
395    387         -0.38991083      -2.58088724      -1.93448609
396    387         -0.37234566      -2.55943410      -1.84893652
397    387         -0.37117110      -2.53162092      -1.76741693
398    387         -0.38726864      -2.52371327      -1.70733651
399    387         -0.39109742      -2.51958507      -1.72004890
400    387         -0.38799779      -2.51255340      -1.80256713
401    387         -0.39897149      -2.51823334      -1.90807558
402    387         -0.44825760      -2.53920643      -1.97471409
403    387         -0.53167613      -2.57345073      -1.99636287
404    387         -0.62310373      -2.62283842      -1.98528946
405    387         -0.66944400      -2.69024583      -1.98396601
406    387         -0.65221562      -2.76045943      -2.01216709
407    387         -0.61767181      -2.82726486      -2.03848846
408    387         -0.59356720      -2.87747394      -2.04945105
409    387         -0.57931689      -2.90450761      -2.05497894
410    387         -0.57370174      -2.91716902      -2.04435763
411    387         -0.58383672      -2.92421464      -2.02063468
412    387         -0.60261046      -2.92836998      -2.01423498
413    387         -0.63822698      -2.92443165      -2.01724309
414    387         -0.69411403      -2.90664172      -1.99683970
415    387         -0.77018511      -2.86798530      -1.98208129
416    387         -0.86542434      -2.83727154      -2.00494214
417    387         -0.94503202      -2.82729258      -2.05789762
418    387         -0.98206291      -2.84014102      -2.09170948
419    387         -0.97422683      -2.86402623      -2.09034058
420    387         -0.95185539      -2.88886093      -2.06550912
421    387         -0.92308849      -2.91199887      -2.01821172
422    387         -0.89526791      -2.95965675      -1.96881294
423    387         -0.87455407      -3.01580073      -1.91457209
424    387         -0.88711453      -3.03786417      -1.85079380
425    387         -0.92506096      -3.02865714      -1.77522877
426    387         -0.97271081      -3.02468193      -1.72703571
427    387         -0.99701548      -3.03225557      -1.70357126
428    387         -0.99345683      -3.04186812      -1.67414637
429    387         -0.97648685      -3.05771056      -1.64432142
430    387         -0.96369213      -3.08677105      -1.61581901
431    387         -0.97047801      -3.11828652      -1.57672334
432    387         -0.98359694      -3.13850302      -1.53877573
433    387         -0.99181091      -3.15825455      -1.52880918
434    387         -0.97890221      -3.20335884      -1.55420916
435    387         -0.95491169      -3.27067190      -1.59526242
436    387         -0.93226011      -3.32737869      -1.63265268
437    387         -0.91698565      -3.35722357      -1.66397203
438    387         -0.90000492      -3.40705192      -1.69492989
439    387         -0.90779296      -3.46542901      -1.71209793
440    387         -0.94119768      -3.52492532      -1.71017922
441    387         -0.97354831      -3.57610131      -1.70486676
442    387         -0.98353048      -3.62564008      -1.70699017
443    387         -0.97446276      -3.67971634      -1.70195206
444    387         -0.96991327      -3.74133925      -1.64661569
445    387         -0.97170476      -3.79584473      -1.54303432
446    387         -0.96718636      -3.83944256      -1.44490692
447    387         -0.94822906      -3.86308345      -1.38596016
448    387         -0.93402585      -3.89113510      -1.37050907
449    387         -0.94168927      -3.93083945      -1.34856049
450    387         -0.96238412      -3.96381181      -1.30718848
451    387         -0.99389469      -3.99910076      -1.24769952
452    387         -1.03344830      -4.03371949      -1.18434563
453    387         -1.08684947      -4.08629488      -1.10863341
454    387         -1.11922222      -4.15391261      -1.01629847
455    387         -1.08689188      -4.22042588      -0.90461158
456    387         -1.01008977      -4.27278570      -0.78015535
457    387         -0.93689228      -4.30345158      -0.67381691
458    387         -0.90331544      -4.30818524      -0.63059614
459    387         -0.90233631      -4.29937777      -0.64989926
460    387         -0.88890145      -4.30175579      -0.67944563
461    387         -0.86263349      -4.32967644      -0.71082659
462    387         -0.83703417      -4.38229094      -0.72595493
463    387         -0.80297898      -4.44765703      -0.71128890
464    387         -0.75865173      -4.52472004      -0.65836364
465    387         -0.72665834      -4.59871028      -0.57719586
466    387         -0.72481375      -4.67097637      -0.49866500
467    387         -0.76478819      -4.72581618      -0.42393527
468    387         -0.81678656      -4.75807876      -0.34791669
469    387         -0.85693385      -4.74932407      -0.28282827
470    387         -0.87279951      -4.71736164      -0.25344431
471    387         -0.88463928      -4.68123164      -0.27675985
472    387         -0.89866466      -4.65932618      -0.33312057
473    387         -0.90761105      -4.66383086      -0.38993387
474    387         -0.92411594      -4.69616129      -0.44100616
475    387         -0.95708738      -4.73802365      -0.49326760
476    387         -1.01617460      -4.77845258      -0.55299075
477    387         -1.08889593      -4.82084551      -0.60821540
478    387         -1.15959822      -4.86548485      -0.64743266
479    387         -1.22162554      -4.88997009      -0.66328622
480    387         -1.28717370      -4.88728264      -0.64980232
481    387         -1.36171798      -4.87240789      -0.61842041
482    387         -1.41505179      -4.86380517      -0.58651920
483    387         -1.40752515      -4.87609229      -0.55629171
484    387         -1.33286419      -4.89266472      -0.53436760
485    387         -1.23270203      -4.89739198      -0.54416943
486    387         -1.16452264      -4.87160697      -0.59459558
487    387         -1.13984859      -4.83923174      -0.67240066
488    387         -1.15005275      -4.80738132      -0.73805599
489    387         -1.17946303      -4.76272692      -0.77821241
490    387         -1.20546781      -4.69481352      -0.82166069
491    387         -1.21564360      -4.61530053      -0.87184983
492    387         -1.22635694      -4.55048633      -0.92307997
493    387         -1.25812130      -4.51801984      -0.95289432
494    387         -1.30516295      -4.50951144      -0.94781490
495    387         -1.32722477      -4.49068954      -0.93204318
496    387         -1.31628727      -4.46409294      -0.91759153
497    387         -1.30482096      -4.45412758      -0.89681285
498    387         -1.28219116      -4.46803065      -0.86098900
499    387         -1.26098621      -4.49135609      -0.84365283
500    387         -1.27032388      -4.52596590      -0.82671598
501    387         -1.30335384      -4.55951319      -0.80087788
502    387         -1.34790379      -4.60340029      -0.78260449
503    387         -1.39790389      -4.64900274      -0.76492310
504    387         -1.44493437      -4.69926075      -0.73559806
505    387         -1.51369838      -4.75241114      -0.67784314
506    387         -1.59519350      -4.80006407      -0.61411431
507    387         -1.66333191      -4.83806482      -0.58932447
508    387         -1.72980292      -4.86029073      -0.57891067
509    387         -1.76877755      -4.86845102      -0.58388668
510    387         -1.81724657      -4.87525506      -0.55745511
511    387         -1.88330895      -4.88316587      -0.53083902
512    387         -1.91870556      -4.88423562      -0.53500024
513    387         -1.91380553      -4.87756200      -0.54877194
514    387         -1.89515480      -4.87057361      -0.53648102
515    387         -1.91099353      -4.89717051      -0.48836933
516    387         -1.96907279      -4.94192587      -0.41276947
517    387         -2.05320674      -4.96446463      -0.35512007
518    387         -2.12945726      -4.95293208      -0.31427503
519    387         -2.17803868      -4.92849629      -0.26297644
520    387         -2.20275900      -4.91962421      -0.18046880
521    387         -2.19666782      -4.92927913      -0.08044876
522    387         -2.17473864      -4.94743096       0.01245016
523    387         -2.14421175      -4.95758483       0.09244974
524    387         -2.14243439      -4.96095819       0.14192758
525    387         -2.21928435      -4.96370279       0.16120248
526    387         -2.33266743      -4.99512345       0.17645151
527    387         -2.42267373      -5.04283848       0.23220781
528    387         -2.46001054      -5.06429728       0.31507151
529    387         -2.46943944      -5.04287386       0.38501236
530    387         -2.47798899      -5.00620523       0.43122285
531    387         -2.49159046      -4.98464868       0.48075861
532    387         -2.49287799      -4.96038363       0.53118242
533    387         -2.48838965      -4.91599194       0.57858592
534    387         -2.47990463      -4.87247707       0.62599949
535    387         -2.48314298      -4.86996818       0.67607507
536    387         -2.49609123      -4.92341135       0.71516823
537    387         -2.52574163      -5.00675452       0.72228541
538    387         -2.56538290      -5.08054362       0.70230763
539    387         -2.59285791      -5.10930669       0.66737659
540    387         -2.58171867      -5.11005403       0.67068678
541    387         -2.54039238      -5.13553441       0.70874966
542    387         -2.50005313      -5.18254518       0.73007958
543    387         -2.47413563      -5.21333277       0.73577260
544    387         -2.45945459      -5.21253669       0.74139857
545    387         -2.44549377      -5.19502560       0.74739623
546    387         -2.44530291      -5.17863962       0.72952564
547    387         -2.44902818      -5.17514639       0.70991265
548    387         -2.44788372      -5.17380993       0.71998388
549    387         -2.46301238      -5.16657881       0.73685648
550    387         -2.50300936      -5.17474688       0.71365468
551    387         -2.56881900      -5.21179943       0.67471751
552    387         -2.62453258      -5.26232685       0.66709437
553    387         -2.66510632      -5.31162051       0.68160949
554    387         -2.71564240      -5.35347718       0.71703991
555    387         -2.79179366      -5.36441236       0.77023522
556    387         -2.84614523      -5.35166226       0.79920944
557    387         -2.87515534      -5.33467783       0.79362128
558    387         -2.91570882      -5.30697686       0.78181189
559    387         -2.98657030      -5.27086501       0.77347898
560    387         -3.07408274      -5.23758797       0.76268303
561    387         -3.14455584      -5.22867723       0.75419846
562    387         -3.19469153      -5.24744092       0.75535988
563    387         -3.24236951      -5.28029513       0.76232384
564    387         -3.30964799      -5.29439523       0.78062855
565    387         -3.38248878      -5.28075294       0.78791395
566    387         -3.44697160      -5.25599144       0.78921316
567    387         -3.49183323      -5.24198868       0.80169533
568    387         -3.52287796      -5.23343230       0.84208651
569    387         -3.54844277      -5.22627915       0.91884493
570    387         -3.55835374      -5.21063787       1.00818214
571    387         -3.55286902      -5.17460795       1.08433907
572    387         -3.54692735      -5.13058033       1.13545454
573    387         -3.56264284      -5.09526400       1.14573490
574    387         -3.60123380      -5.05728161       1.12894791
575    387         -3.65541618      -5.02608176       1.11249498
576    387         -3.71733300      -5.00307236       1.10042849
577    387         -3.80106635      -4.96370205       1.10050541
578    387         -3.86503628      -4.90690395       1.14575615
579    387         -3.87988102      -4.84014830       1.24689926
580    387         -3.87846400      -4.78022935       1.37237917
581    387         -3.89305927      -4.71310270       1.48628825
582    387         -3.91963860      -4.63550783       1.57124814
583    387         -3.92830094      -4.55828365       1.62726537
584    387         -3.91642597      -4.48111079       1.66052675
585    387         -3.91587253      -4.40451936       1.69063626
586    387         -3.95529251      -4.32596962       1.69415826
587    387         -4.02580143      -4.24840160       1.67530401
588    387         -4.10657239      -4.19338355       1.67088270
589    387         -4.16640533      -4.15655050       1.70112539
590    387         -4.20086414      -4.11780045       1.75786845
591    387         -4.21657785      -4.05286461       1.80907431
592    387         -4.21771881      -3.97654552       1.85783742
593    387         -4.20378706      -3.91915302       1.90192346
594    387         -4.19206775      -3.87534946       1.92224677
595    387         -4.20216764      -3.80824778       1.92877261
596    387         -4.21669928      -3.73398532       1.93773186
597    387         -4.22921678      -3.66324451       1.93306405
598    387         -4.23397856      -3.57666739       1.90187528
599    387         -4.24031836      -3.51334437       1.88423578
600    387         -4.24662877      -3.45099181       1.90899082
601    387         -4.26257709      -3.38869507       1.96962918
602    387         -4.30820098      -3.34645529       2.01707673
603    387         -4.37090052      -3.31836413       2.02785591
604    387         -4.40221600      -3.27595057       1.99840956
605    387         -4.39330558      -3.22697549       1.94621125
606    387         -4.36596576      -3.21036218       1.87578898
607    387         -4.34663661      -3.24070138       1.80633914
608    387         -4.36107264      -3.27016248       1.77546777
609    387         -4.40228965      -3.28571418       1.78075244
610    387         -4.43521953      -3.32582411       1.80678193
611    387         -4.43525198      -3.36075933       1.81988480
612    387         -4.43793852      -3.36507362       1.82895843
613    387         -4.44086050      -3.33412994       1.82219787
614    387         -4.46377756      -3.29272776       1.79155270
615    387         -4.50846682      -3.25442531       1.75405959
616    387         -4.56029187      -3.22355530       1.72369607
617    387         -4.60651005      -3.22191517       1.73145671
618    387         -4.63415534      -3.25507848       1.74312039
619    387         -4.64912265      -3.29575743       1.73473462
620    387         -4.63501852      -3.33211434       1.70813383
621    387         -4.60801175      -3.38418828       1.69123668
622    387         -4.58503684      -3.42710184       1.68254187
623    387         -4.55752423      -3.45991182       1.67933336
624    387         -4.51657151      -3.48047772       1.65208167
625    387         -4.47995051      -3.48654376       1.61747627
626    387         -4.44683440      -3.48557602       1.56865487
627    387         -4.42556846      -3.46672727       1.49793080
628    387         -4.41889832      -3.45152141       1.45471448
629    387         -4.41558364      -3.45102543       1.45609980
630    387         -4.38721608      -3.47349188       1.49716132
631    387         -4.32519537      -3.53846674       1.52588629
632    387         -4.25385599      -3.62418306       1.52671259
633    387         -4.20569198      -3.69565093       1.49530848
634    387         -4.20899911      -3.74628753       1.44654193
635    387         -4.24236413      -3.78453581       1.38947326
636    387         -4.27184671      -3.79600241       1.31803034
637    387         -4.28207594      -3.79379488       1.24855621
638    387         -4.30577187      -3.81377450       1.17423092
639    387         -4.34157765      -3.85417582       1.15306238
640    387         -4.36957267      -3.88915544       1.18473979
641    387         -4.35890531      -3.90625939       1.25056467
642    387         -4.30032545      -3.91864551       1.27688978
643    387         -4.22204473      -3.92778816       1.23525189
644    387         -4.14728629      -3.92871017       1.17728937
645    387         -4.07193176      -3.91310619       1.15214356
646    387         -4.01356229      -3.87723731       1.14768744
647    387         -3.99912280      -3.85781557       1.11936556
648    387         -4.00834539      -3.85314213       1.05419958
649    387         -4.03309331      -3.85537324       0.97204196
650    387         -4.06335368      -3.86529955       0.92002740
651    387         -4.08456013      -3.86786528       0.90419317
652    387         -4.06617833      -3.84449121       0.91778278
653    387         -4.01641958      -3.79973566       0.93480375
654    387         -3.97836542      -3.74877527       0.94992270
655    387         -3.98806380      -3.69306300       0.98757614
656    387         -4.02607849      -3.63999640       1.05915214
657    387         -4.06969793      -3.59495933       1.14087270
658    387         -4.10893749      -3.56046432       1.19157651
659    387         -4.12844612      -3.53224612       1.19976163
660    387         -4.12545243      -3.50269162       1.22164348
661    387         -4.08892309      -3.48453293       1.27924368
662    387         -4.03934213      -3.48713288       1.35447817
663    387         -3.99147057      -3.49979063       1.42771056
664    387         -3.96053339      -3.49646487       1.49580792
665    387         -3.95533824      -3.48189352       1.57032313
666    387         -3.97056591      -3.44440221       1.67048549
667    387         -3.98206976      -3.38420241       1.78923419
668    387         -3.96359582      -3.30206199       1.88622973
669    387         -3.90059462      -3.20840740       1.94929099
670    387         -3.80701453      -3.11701712       1.98038959
671    387         -3.70627252      -3.03868712       2.00802571
672    387         -3.61495332      -2.98242714       2.04474318
673    387         -3.54904470      -2.93047320       2.08034414
674    387         -3.49594411      -2.86673657       2.08286903
675    387         -3.44978293      -2.80599765       2.07011126
676    387         -3.41376588      -2.75680145       2.06757367
677    387         -3.39659780      -2.72278754       2.05740882
678    387         -3.43216925      -2.68658256       2.02627961
679    387         -3.51650841      -2.65358951       1.96585120
680    387         -3.61804851      -2.63958753       1.90766852
681    387         -3.71832944      -2.65047091       1.84496965
682    387         -3.82310066      -2.67869210       1.76092054
683    387         -3.91810018      -2.71156799       1.65617900
684    387         -3.97583204      -2.75307743       1.53869137
685    387         -3.98810276      -2.80545247       1.40983050
686    387         -3.96411691      -2.83998334       1.27497881
687    387         -3.94201128      -2.85442814       1.13973122
688    387         -3.93187043      -2.86249843       1.02179283
689    387         -3.90963844      -2.87889066       0.95003997
690    387         -3.86949160      -2.90460702       0.91600231
691    387         -3.84764359      -2.91739011       0.89821132
692    387         -3.86833019      -2.89940952       0.89566537
693    387         -3.91550297      -2.86005752       0.91595233
694    387         -3.93356527      -2.83788055       0.94287520
695    387         -3.90721163      -2.84948217       0.95438716
696    387         -3.85936594      -2.87014611       0.90107037
697    387         -3.80767164      -2.84226742       0.81813681
698    387         -3.75528245      -2.77307750       0.75743056
699    387         -3.70556776      -2.71686014       0.73798746
700    387         -3.67521064      -2.71236702       0.73549265
701    387         -3.65962390      -2.74547363       0.74364637
702    387         -3.64882214      -2.74789546       0.76615539
703    387         -3.63959462      -2.72186621       0.77838580
704    387         -3.64016353      -2.69140581       0.75981150
705    387         -3.65239087      -2.67923129       0.69982163
706    387         -3.66164534      -2.65492315       0.62382427
707    387         -3.67848571      -2.63145191       0.55339568
708    387         -3.72583633      -2.61327130       0.51300864
709    387         -3.78545160      -2.57090793       0.49729088
710    387         -3.83727418      -2.53344065       0.50841456
711    387         -3.89803538      -2.52371185       0.52835718
712    387         -3.95250291      -2.53649741       0.54429261
713    387         -3.99887656      -2.52527644       0.55395604
714    387         -4.02305286      -2.50253754       0.55316745
715    387         -4.02161699      -2.48149572       0.53494340
716    387         -4.01989133      -2.45343155       0.50803359
717    387         -4.01790232      -2.42131001       0.46798711
718    387         -3.98834971      -2.39192403       0.41297489
719    387         -3.95019803      -2.38898321       0.36879365
720    387         -3.92695998      -2.41751337       0.37612360
721    387         -3.90451123      -2.45259852       0.43437358
722    387         -3.88097609      -2.44705485       0.47828353
723    387         -3.84922971      -2.39628028       0.48559065
724    387         -3.83954783      -2.33951652       0.47335385
725    387         -3.84251097      -2.34685190       0.44835496
726    387         -3.84950926      -2.42394144       0.39430663
727    387         -3.85907809      -2.52096540       0.32192674
728    387         -3.88376016      -2.57865155       0.25972605
729    387         -3.90577013      -2.60951098       0.20024218
730    387         -3.92286926      -2.62738650       0.14710789
731    387         -3.96558822      -2.64672927       0.08297777
732    387         -4.04567750      -2.62850469       0.02995776
733    387         -4.16294900      -2.55283002       0.01601405
734    387         -4.29451061      -2.48581922       0.02551866
735    387         -4.40893147      -2.46005589       0.03339021
736    387         -4.48283560      -2.47415130       0.01694026
737    387         -4.53579450      -2.49592271      -0.00965736
738    387         -4.57926925      -2.50080080      -0.05126124
739    387         -4.62356849      -2.49922818      -0.10289171
740    387         -4.64569462      -2.48429536      -0.15833535
741    387         -4.64102979      -2.46190231      -0.21641426
742    387         -4.62609927      -2.44895628      -0.28196580
743    387         -4.58540286      -2.47546375      -0.31701254
744    387         -4.59905723      -2.49160715      -0.32957272
745    387         -4.65791943      -2.49647133      -0.35141399
746    387         -4.70670035      -2.49718623      -0.37121219
747    387         -4.71364285      -2.48714898      -0.38152617
748    387         -4.69253469      -2.47173118      -0.38287820
749    387         -4.66235568      -2.47002606      -0.37225424
750    387         -4.61736545      -2.46809337      -0.35689385
751    387         -4.57173164      -2.46357587      -0.35850732
752    387         -4.54921139      -2.45190662      -0.36241868
753    387         -4.54283551      -2.40422948      -0.35447030
754    387         -4.52172048      -2.33857876      -0.37646484
755    387         -4.50252183      -2.29003053      -0.44615227
756    387         -4.49267922      -2.24341976      -0.50811627
757    387         -4.48334280      -2.16013962      -0.54681325
758    387         -4.46247223      -2.06361776      -0.60817547
759    387         -4.42310834      -1.97654631      -0.67603242
760    387         -4.38407763      -1.89786714      -0.72118247
761    387         -4.35387720      -1.81542186      -0.71391708
762    387         -4.35086814      -1.73412767      -0.66631314
763    387         -4.37792613      -1.66690128      -0.61395654
764    387         -4.40640302      -1.61764576      -0.60201366
765    387         -4.41245061      -1.58864755      -0.64121917
766    387         -4.38347304      -1.59650565      -0.71357165
767    387         -4.34335137      -1.63503997      -0.80627393
768    387         -4.31872267      -1.66381095      -0.90684489
769    387         -4.32637765      -1.66530960      -0.99860988
770    387         -4.34512246      -1.67866870      -1.06528192
771    387         -4.36868329      -1.73126415      -1.08793626
772    387         -4.38462099      -1.77345204      -1.06799473
773    387         -4.38729516      -1.78519389      -1.00172967
774    387         -4.38597647      -1.80253665      -0.93227937
775    387         -4.39762609      -1.85682424      -0.91587649
776    387         -4.43527847      -1.93766147      -0.95773161
777    387         -4.48571208      -2.01804328      -1.02843412
778    387         -4.51727075      -2.06806666      -1.09276920
779    387         -4.52935491      -2.08298162      -1.12313431
780    387         -4.54485437      -2.08109730      -1.11462059
781    387         -4.57029749      -2.08041847      -1.09966035
782    387         -4.57631625      -2.08316579      -1.10262937
783    387         -4.55705715      -2.07402702      -1.14166384
784    387         -4.53526332      -2.07532873      -1.20282109
785    387         -4.53595501      -2.07757460      -1.22069373
786    387         -4.56534189      -2.06388191      -1.17493638
787    387         -4.59981858      -2.02233855      -1.11989114
788    387         -4.62631348      -1.96700177      -1.11631677
789    387         -4.64054694      -1.93474309      -1.16191582
790    387         -4.65861222      -1.93614247      -1.20203246
791    387         -4.67195285      -1.94937744      -1.19591482
792    387         -4.67153205      -1.96219589      -1.16096275
793    387         -4.66323492      -1.95669105      -1.12613433
794    387         -4.64393388      -1.91871021      -1.11824758
795    387         -4.62933575      -1.86108436      -1.11345740
796    387         -4.62129701      -1.80291517      -1.08075417
797    387         -4.59259009      -1.75716628      -1.04317012
798    387         -4.55072737      -1.72050848      -1.01279099
799    387         -4.51685114      -1.69074562      -1.00322242
800    387         -4.47334036      -1.66451358      -1.01039018
801    387         -4.41270689      -1.63136935      -1.01740772
802    387         -4.36930157      -1.59164755      -1.02257180
803    387         -4.35657502      -1.54802400      -1.03911919
804    387         -4.37307466      -1.51210216      -1.05598210
805    387         -4.41613410      -1.49548819      -1.08137726
806    387         -4.47671816      -1.47552959      -1.10037069
807    387         -4.53630939      -1.43627401      -1.08678751
808    387         -4.56968995      -1.36203086      -1.05098680
809    387         -4.56498991      -1.27363276      -1.00098047
810    387         -4.51557504      -1.19293540      -0.95856860
811    387         -4.45938004      -1.11552902      -0.93925941
812    387         -4.42004901      -1.05753192      -0.95047215
813    387         -4.37901027      -1.02213774      -0.97549376
814    387         -4.32052512      -1.01253016      -1.00040304
815    387         -4.24511511      -1.01746382      -1.04459837
816    387         -4.17102866      -1.02691028      -1.09454656
817    387         -4.10453158      -1.02148050      -1.12102766
818    387         -4.04624876      -0.99279020      -1.10566589
819    387         -4.00035003      -0.96762802      -1.07829285
820    387         -3.95746636      -0.96369638      -1.08439128
821    387         -3.90350421      -0.98923898      -1.11147872
822    387         -3.85830458      -1.00528458      -1.12628521
823    387         -3.82706752      -0.99979996      -1.12950251
824    387         -3.77254203      -0.98577768      -1.13762448
825    387         -3.68320636      -0.98073579      -1.15009983
826    387         -3.56743947      -0.99035593      -1.13664654
827    387         -3.44605025      -1.01954849      -1.09727160
828    387         -3.32350354      -1.09273087      -1.06650685
829    387         -3.19760253      -1.17869476      -1.08445849
830    387         -3.07651139      -1.26960838      -1.12611273
831    387         -2.98594425      -1.31380878      -1.14417039
832    387         -2.92837166      -1.30947951      -1.12865868
833    387         -2.90319963      -1.30610242      -1.12178129
834    387         -2.90299204      -1.33960327      -1.14200008
835    387         -2.91766972      -1.41173083      -1.15241256
836    387         -2.96167650      -1.51433648      -1.12738541
837    387         -3.01559433      -1.62399418      -1.09200488
838    387         -3.05260198      -1.71239041      -1.08700684
839    387         -3.06587348      -1.78357993      -1.12834419
840    387         -3.04790469      -1.83155787      -1.19310043
841    387         -3.00477904      -1.86043282      -1.27101118
842    387         -2.95736221      -1.87264263      -1.35587137
843    387         -2.91395197      -1.89209329      -1.40427921
844    387         -2.87907100      -1.93505621      -1.40917690
845    387         -2.84702447      -2.00260248      -1.40425665
846    387         -2.81366153      -2.05851848      -1.43452435
847    387         -2.79233778      -2.08128559      -1.48604178
848    387         -2.79233053      -2.08572413      -1.51780329
849    387         -2.80718576      -2.06454245      -1.52852212
850    387         -2.82203921      -2.03193528      -1.53385572
851    387         -2.82763973      -1.98623653      -1.55603669
852    387         -2.80680351      -1.95330732      -1.59282890
853    387         -2.75338851      -1.94179734      -1.63367863
854    387         -2.69051164      -1.95885835      -1.65124373
855    387         -2.61617533      -2.00123912      -1.64835130
856    387         -2.51424934      -2.04937138      -1.64335304
857    387         -2.43033009      -2.08812431      -1.65952879
858    387         -2.41394098      -2.09287021      -1.69436241
859    387         -2.44400558      -2.04707218      -1.71655588
860    387         -2.48318703      -1.97806304      -1.71818696
861    387         -2.51861304      -1.92124288      -1.71026192
862    387         -2.55567268      -1.88666490      -1.71148140
863    387         -2.57872513      -1.89052417      -1.71635940
864    387         -2.57504852      -1.91505825      -1.69852712
865    387         -2.52193594      -1.94822319      -1.64802257
866    387         -2.44733584      -1.98026415      -1.57428487
867    387         -2.38096032      -2.00254612      -1.47897797
868    387         -2.34595534      -2.01247559      -1.36714962
869    387         -2.34239112      -2.01234014      -1.23861020
870    387         -2.35486524      -2.01598347      -1.09975128
871    387         -2.38304762      -2.02097007      -0.97124611
872    387         -2.41891686      -2.02007785      -0.85001339
873    387         -2.45079940      -2.00373890      -0.74562208
874    387         -2.46616367      -1.98396317      -0.65180840
875    387         -2.47504552      -1.97006214      -0.56655414
876    387         -2.47971166      -1.95196389      -0.49281659
877    387         -2.46826471      -1.92373789      -0.43358953
878    387         -2.45054544      -1.90673911      -0.38119064
879    387         -2.43515036      -1.90928700      -0.32118063
880    387         -2.40882760      -1.91873379      -0.26261968
881    387         -2.36973146      -1.93674329      -0.22319402
882    387         -2.31605298      -1.94350450      -0.22027978
883    387         -2.25424877      -1.92052228      -0.22686385
884    387         -2.18740669      -1.86773353      -0.20763904
885    387         -2.11491931      -1.81794842      -0.17102490
886    387         -2.06209003      -1.80074744      -0.13687646
887    387         -2.03546456      -1.78823939      -0.10528419
888    387         -2.03465424      -1.74893837      -0.05608169
889    387         -2.05231126      -1.69539049       0.01306902
890    387         -2.07641908      -1.67706307       0.07358855
891    387         -2.09502183      -1.69887618       0.11782992
892    387         -2.09624782      -1.73153953       0.16226148
893    387         -2.08737934      -1.76018780       0.19094940
894    387         -2.09577693      -1.79529387       0.18143348
895    387         -2.11707123      -1.83225934       0.15394736
896    387         -2.13753663      -1.86316847       0.14850322
897    387         -2.17656448      -1.89775747       0.16993593
898    387         -2.21914036      -1.95274570       0.19308113
899    387         -2.21361291      -2.04057312       0.19763857
900    387         -2.16601151      -2.14294023       0.21761980
901    387         -2.15419314      -2.23954262       0.25648033
902    387         -2.20313534      -2.31080039       0.29307122
903    387         -2.23910541      -2.34103577       0.30260095
904    387         -2.23275080      -2.36715567       0.28902297
905    387         -2.21026850      -2.42543180       0.27203863
906    387         -2.18945196      -2.49624210       0.26298377
907    387         -2.17140081      -2.55689660       0.26063709
908    387         -2.17479517      -2.59179258       0.26321316
909    387         -2.19738446      -2.61008974       0.26540547
910    387         -2.22154765      -2.61647377       0.27277476
911    387         -2.24719782      -2.62616244       0.26712534
912    387         -2.28990687      -2.63159844       0.20989654
913    387         -2.34257699      -2.63221812       0.14843059
914    387         -2.33515570      -2.65324057       0.17789168
915    387         -2.29401294      -2.67799163       0.27046644
916    387         -2.29891233      -2.69269629       0.32988510
917    387         -2.35716224      -2.68731151       0.34149236
918    387         -2.42437123      -2.68253499       0.31099568
919    387         -2.49592574      -2.68283644       0.26539413
920    387         -2.57252580      -2.66455103       0.23709183
921    387         -2.61885885      -2.61749101       0.23024017
922    387         -2.63835816      -2.56110160       0.24648369
923    387         -2.65558623      -2.50390797       0.27051321
924    387         -2.68676772      -2.46265833       0.27687780
925    387         -2.70750778      -2.45371293       0.26336320
926    387         -2.73715012      -2.47166993       0.26822642
927    387         -2.77504175      -2.49525233       0.30027093
928    387         -2.80422307      -2.51864229       0.34849530
929    387         -2.83100827      -2.55897454       0.41504322
930    387         -2.85754526      -2.63013608       0.50021721
931    387         -2.90376976      -2.70893675       0.57792282
932    387         -2.98626382      -2.76260366       0.61702607
933    387         -3.09273249      -2.79193024       0.64114573
934    387         -3.18667033      -2.79741157       0.67601416
935    387         -3.25724811      -2.75989401       0.74291262
936    387         -3.31690697      -2.68421468       0.80619769
937    387         -3.37878655      -2.61710034       0.83659840
938    387         -3.43700756      -2.60626312       0.82857497
939    387         -3.48616253      -2.65157622       0.79129004
940    387         -3.53471804      -2.70901306       0.73590456
941    387         -3.56892117      -2.74244819       0.68281654
942    387         -3.59567346      -2.75077799       0.64281458
943    387         -3.61516175      -2.75563828       0.62774076
944    387         -3.63620000      -2.76481776       0.63508422
945    387         -3.67154944      -2.76910068       0.65319703
946    387         -3.72026992      -2.76646664       0.67999155
947    387         -3.78489770      -2.74113252       0.71358461
948    387         -3.85202522      -2.70994407       0.76873210
949    387         -3.92763351      -2.67720969       0.82663992
950    387         -4.01336021      -2.64144038       0.87220803
951    387         -4.08822380      -2.60012771       0.89621956
952    387         -4.13458309      -2.56782011       0.90231998
953    387         -4.14875735      -2.55286796       0.90179301
954    387         -4.15498553      -2.55497533       0.91563098
955    387         -4.17199721      -2.57490012       0.95689619
956    387         -4.18633316      -2.60248016       0.99295163
957    387         -4.17843915      -2.63128342       1.00189513
958    387         -4.16861120      -2.64686009       0.98664977
959    387         -4.18406042      -2.64669584       0.97118152
960    387         -4.21841523      -2.62617376       0.96188950
961    387         -4.23794197      -2.59950521       0.94420854
962    387         -4.23519962      -2.57903148       0.92349534
963    387         -4.23483762      -2.56795991       0.90954884
964    387         -4.24011605      -2.54911698       0.90989873
965    387         -4.24739465      -2.51957520       0.92706923
966    387         -4.25522468      -2.48727647       0.95006872
967    387         -4.27009012      -2.43971549       0.96314431
968    387         -4.32678595      -2.38401826       0.99277993
969    387         -4.41819416      -2.31430904       1.06216814
970    387         -4.52706649      -2.24815499       1.14282884
971    387         -4.60759437      -2.18551506       1.18980637
972    387         -4.64767791      -2.14627440       1.20525699
973    387         -4.66506621      -2.13331289       1.20083466
974    387         -4.68614598      -2.12990678       1.20464571
975    387         -4.73123480      -2.12669034       1.21029828
976    387         -4.76676282      -2.11110654       1.19853199
977    387         -4.77200878      -2.09224648       1.17215712
978    387         -4.75851567      -2.07221556       1.13206719
979    387         -4.76575732      -2.05027215       1.09072992
980    387         -4.81205683      -2.02439865       1.05837846
981    387         -4.88751714      -2.03487896       1.04054130
982    387         -4.97360217      -2.06592600       1.02297856
983    387         -5.07550902      -2.10375338       0.98043819
984    387         -5.18868599      -2.12883909       0.90615638
985    387         -5.28926895      -2.15731076       0.81477789
986    387         -5.35755564      -2.17937205       0.71544445
987    387         -5.41850609      -2.20153722       0.62340200
988    387         -5.52525492      -2.23869224       0.55006656
989    387         -5.67052756      -2.28004184       0.51056943
990    387         -5.81219820      -2.32885467       0.47929682
991    387         -5.91664640      -2.35500323       0.45342979
992    387         -5.99525821      -2.37147978       0.43077932
993    387         -6.06792833      -2.37850865       0.41529647
994    387         -6.12586554      -2.39261663       0.39406678
995    387         -6.16375419      -2.36087735       0.40007942
996    387         -6.19425847      -2.26819399       0.44748646
997    387         -6.22041706      -2.19084134       0.47459670
998    387         -6.20620295      -2.20220706       0.45643810
999    387         -6.15358438      -2.26174421       0.40746280
