1            3.71809764      -0.88193805      -1.03228707
2            3.65749816      -0.91443106      -1.07643846
3            3.58367157      -0.99197430      -1.11773530
4            3.51227017      -1.08153353      -1.15009216
5            3.44894057      -1.16977839      -1.17081066
6            3.40835926      -1.24090992      -1.19609464
7            3.41487806      -1.28617244      -1.23303465
8            3.44012930      -1.29020457      -1.28640354
9            3.45802223      -1.26020690      -1.35016162
10           3.45371378      -1.22504608      -1.39667334
11           3.40635131      -1.21354945      -1.39284476
12           3.33373294      -1.22897671      -1.34228431
13           3.27961101      -1.28302133      -1.29462768
14           3.26021276      -1.35760154      -1.27950709
15           3.25237044      -1.41710324      -1.28010379
16           3.24731480      -1.44752509      -1.27578052
17           3.24777351      -1.46100120      -1.26361478
18           3.23772887      -1.46404160      -1.27129993
19           3.19184069      -1.44782560      -1.29269191
20           3.12946010      -1.39677085      -1.28061330
21           3.08333518      -1.34151408      -1.19715870
22           3.06916220      -1.32677290      -1.08126715
23           3.08304304      -1.34490292      -0.99690640
24           3.10072908      -1.36200249      -0.95685840
25           3.10355598      -1.36753300      -0.93847894
26           3.08523343      -1.38480247      -0.94026724
27           3.06552063      -1.41168510      -0.98037897
28           3.06260956      -1.42652600      -1.04018772
29           3.07752740      -1.41482159      -1.10902044
30           3.10460116      -1.40225076      -1.14660417
31           3.12988898      -1.41112774      -1.15907765
32           3.13316164      -1.41730294      -1.16914810
33           3.10980823      -1.38542706      -1.20794176
34           3.08650291      -1.32472454      -1.26228884
35           3.08956917      -1.26136121      -1.29552997
36           3.10913523      -1.20471058      -1.29652317
37           3.13406783      -1.15096235      -1.27562118
38           3.16527805      -1.12773503      -1.27462014
39           3.22273568      -1.14895270      -1.29812522
40           3.28541860      -1.17140913      -1.31120921
41           3.36198637      -1.19233402      -1.32140941
42           3.45354120      -1.21562517      -1.34826958
43           3.51613581      -1.21981460      -1.38684564
44           3.54301346      -1.20074674      -1.39941776
45           3.54400414      -1.18514580      -1.39558779
46           3.55023343      -1.19026204      -1.39517095
47           3.56499758      -1.20277291      -1.38943417
48           3.59396253      -1.21383267      -1.36687604
49           3.66162366      -1.23263411      -1.31968664
50           3.77205600      -1.26290993      -1.27332011
51           3.89425739      -1.28819409      -1.23632015
52           3.97674151      -1.28575748      -1.20438541
53           4.00288485      -1.26329702      -1.16443764
54           3.99676605      -1.22731218      -1.12145013
55           4.01210826      -1.20238762      -1.08524053
56           4.04755163      -1.19781349      -1.07477551
57           4.08282339      -1.21662181      -1.09214042
58           4.08845307      -1.24169320      -1.11091955
59           4.06881577      -1.27474628      -1.12066867
60           4.01704556      -1.30992242      -1.11215521
61           3.94320227      -1.34262419      -1.09303218
62           3.85974038      -1.36649082      -1.08611466
63           3.78644497      -1.36765576      -1.10501494
64           3.73709061      -1.34541959      -1.14324614
65           3.67419133      -1.29610198      -1.17718340
66           3.59944060      -1.24910708      -1.18778998
67           3.55433178      -1.20961830      -1.16597978
68           3.53456915      -1.19368958      -1.13297975
69           3.52248572      -1.19257411      -1.10209068
70           3.50926000      -1.21372206      -1.09487604
71           3.48822292      -1.24700028      -1.11695778
72           3.46209945      -1.27774697      -1.17646071
73           3.43771776      -1.31152118      -1.27134470
74           3.43138827      -1.35069124      -1.36527866
75           3.42393976      -1.40460762      -1.45113125
76           3.40427519      -1.46646636      -1.51697430
77           3.38468768      -1.50759141      -1.54276716
78           3.37629404      -1.49996216      -1.51420898
79           3.38290003      -1.48143882      -1.45715724
80           3.38683214      -1.47670051      -1.41904599
81           3.39958029      -1.46880656      -1.39563735
82           3.42997681      -1.42677345      -1.40228090
83           3.44886519      -1.37444439      -1.43728575
84           3.43147529      -1.32234661      -1.48651756
85           3.40528468      -1.26332813      -1.51802521
86           3.39823436      -1.21002445      -1.50837269
87           3.40670346      -1.17056033      -1.44572647
88           3.41997239      -1.15226489      -1.33756130
89           3.41824282      -1.15931925      -1.21687897
90           3.41049583      -1.18305423      -1.12497970
91           3.38247915      -1.17960337      -1.10557229
92           3.33625533      -1.12843075      -1.14229611
93           3.28905862      -1.06867290      -1.17710728
94           3.27042815      -1.06541371      -1.17493842
95           3.29155390      -1.10984985      -1.13313327
96           3.30829535      -1.14179688      -1.06964132
97           3.29884502      -1.15140790      -1.02275896
98           3.26755335      -1.16299097      -1.00193819
99           3.25997179      -1.19463576      -0.96961666
100          3.26241333      -1.22779674      -0.91740539
101          3.27331332      -1.25815250      -0.87283079
102          3.28416331      -1.29307764      -0.86383323
103          3.29574687      -1.31047145      -0.87447569
104          3.30980045      -1.30895396      -0.87906207
105          3.30317901      -1.29603185      -0.85390738
106          3.27020443      -1.27215838      -0.80217937
107          3.21957129      -1.24503233      -0.75529380
108          3.16740953      -1.22799011      -0.73312993
109          3.11641288      -1.22679895      -0.73839255
110          3.10454003      -1.24070554      -0.74111451
111          3.14792918      -1.29125921      -0.71792818
112          3.21629167      -1.33650825      -0.69125470
113          3.22813742      -1.34291158      -0.69524829
114          3.20544477      -1.33076280      -0.71778207
115          3.19651341      -1.30937093      -0.74445599
116          3.19845913      -1.28687547      -0.78971061
117          3.17920115      -1.25866399      -0.88200324
118          3.13578090      -1.21579123      -1.00240743
119          3.08600841      -1.17863009      -1.07551348
120          3.03532490      -1.18444465      -1.05474969
121          2.99820163      -1.21867264      -0.99700448
122          2.97745041      -1.23841724      -0.97778235
123          2.97187541      -1.23123483      -1.01276295
124          2.96184696      -1.22250517      -1.07385814
125          2.93858403      -1.20620944      -1.13197046
126          2.91900268      -1.17433286      -1.20879311
127          2.91996422      -1.15113297      -1.29012600
128          2.94209219      -1.12484360      -1.35468257
129          2.96082324      -1.08000159      -1.38189533
130          2.96381646      -1.01622833      -1.39255444
131          2.95465641      -0.96093874      -1.41723928
132          2.93810503      -0.90157843      -1.44306255
133          2.92092111      -0.84756491      -1.46549779
134          2.91001656      -0.78960722      -1.49723376
135          2.90043651      -0.71912443      -1.57204985
136          2.89621126      -0.66123048      -1.62547596
137          2.91576503      -0.64034591      -1.63074755
138          2.93538745      -0.64472418      -1.63890273
139          2.94101119      -0.63389745      -1.65348454
140          2.93147206      -0.61669641      -1.64479686
141          2.94356863      -0.59865599      -1.61683073
142          2.97643982      -0.60134302      -1.61412215
143          3.00763834      -0.60340917      -1.64805337
144          3.03187348      -0.60905923      -1.68512283
145          3.05561262      -0.60797604      -1.68974941
146          3.07263199      -0.59737597      -1.69360885
147          3.07225170      -0.56993959      -1.72792956
148          3.05092776      -0.53126646      -1.75700223
149          3.02101004      -0.49098534      -1.75929318
150          2.98555042      -0.43468581      -1.73007962
151          2.94702054      -0.37287137      -1.70102938
152          2.93746114      -0.31227023      -1.68551558
153          2.92143968      -0.27648948      -1.66515626
154          2.89093049      -0.27651728      -1.66508062
155          2.85831312      -0.26882055      -1.66095558
156          2.83202706      -0.24810774      -1.65403072
157          2.80980446      -0.22948553      -1.64528897
158          2.79523956      -0.24369121      -1.62637256
159          2.79099503      -0.25990868      -1.58645624
160          2.78672800      -0.26750729      -1.51532503
161          2.76690898      -0.27154252      -1.41077856
162          2.71880516      -0.25935478      -1.30189414
163          2.65248204      -0.22005674      -1.23134294
164          2.57802184      -0.18142901      -1.19306612
165          2.50259120      -0.17735838      -1.12139219
166          2.44326144      -0.20078311      -1.00857282
167          2.41970419      -0.22435747      -0.88876544
168          2.43381685      -0.21943580      -0.78977772
169          2.45733631      -0.16841376      -0.70751624
170          2.47988363      -0.09754981      -0.64565060
171          2.47547124      -0.03272233      -0.58342027
172          2.45033522       0.02541361      -0.54861808
173          2.42521920       0.06993926      -0.55143702
174          2.40751532       0.10141091      -0.55979492
175          2.41573219       0.10782563      -0.55415000
176          2.43714425       0.05049088      -0.54037674
177          2.42850906      -0.05503420      -0.53333863
178          2.35335492      -0.14882770      -0.55976058
179          2.25394967      -0.19629427      -0.60041682
180          2.19990824      -0.21414242      -0.57477581
181          2.17724198      -0.24175336      -0.47152625
182          2.15554175      -0.27654796      -0.36109993
183          2.13917650      -0.29795726      -0.26966078
184          2.11622287      -0.33499572      -0.19508204
185          2.04918252      -0.42126253      -0.14242919
186          1.96638400      -0.52910885      -0.11575589
187          1.87760786      -0.63940776      -0.12175130
188          1.83180986      -0.73935522      -0.15138047
189          1.89434042      -0.80809802      -0.16447356
190          1.98042579      -0.81240068      -0.15659140
191          2.03362403      -0.73851356      -0.12422984
192          2.04347878      -0.63371044      -0.06172928
193          2.00356508      -0.53221814       0.00784613
194          1.92862587      -0.45930551       0.07118834
195          1.86678062      -0.42685284       0.10706665
196          1.83118316      -0.43025454       0.09348666
197          1.81096594      -0.46193874       0.06423147
198          1.78822880      -0.50154573       0.06434077
199          1.76891644      -0.53689111       0.11441075
200          1.78185653      -0.56748702       0.19038722
201          1.81548514      -0.58451842       0.27646168
202          1.85810654      -0.58826259       0.37806331
203          1.90232036      -0.59765604       0.46971752
204          1.94930794      -0.61731896       0.54096565
205          1.97956126      -0.64415338       0.57443076
206          1.97688239      -0.65892481       0.57831167
207          1.92110313      -0.67735431       0.54597427
208          1.86150980      -0.70155256       0.46689248
209          1.83117406      -0.71486696       0.37247963
210          1.84404140      -0.72296479       0.28873193
211          1.89913163      -0.71850485       0.22231257
212          1.96438528      -0.70050907       0.18215366
213          2.01339238      -0.67045927       0.16613545
214          2.04553533      -0.64066201       0.15019009
215          2.08231365      -0.61598596       0.12486239
216          2.12207339      -0.60883729       0.09834868
217          2.15763007      -0.60986598       0.08015914
218          2.16447564      -0.60097237       0.04693724
219          2.13925742      -0.58713912      -0.00045509
220          2.11565900      -0.58793997      -0.04379410
221          2.13861989      -0.60684770      -0.07217994
222          2.21695136      -0.63117301      -0.09893087
223          2.28789018      -0.64559111      -0.14444564
224          2.32394436      -0.63383216      -0.20295771
225          2.32181206      -0.60368599      -0.24098189
226          2.33327871      -0.56462339      -0.24997943
227          2.37740652      -0.52191619      -0.24186387
228          2.45264898      -0.47526571      -0.24309953
229          2.51952970      -0.41999788      -0.28317937
230          2.56277587      -0.35352869      -0.34778519
231          2.58924228      -0.26600975      -0.40822161
232          2.62286761      -0.18314909      -0.42095010
233          2.67648820      -0.13864331      -0.38092591
234          2.73487953      -0.12092472      -0.32878784
235          2.77956596      -0.11255253      -0.29176694
236          2.78556915      -0.10168828      -0.26145243
237          2.76244187      -0.07496964      -0.23817272
238          2.71548264      -0.02485617      -0.23022942
239          2.65709074       0.03586257      -0.24005788
240          2.58213615       0.08661143      -0.25416562
241          2.51046875       0.11261105      -0.27931569
242          2.46424262       0.11421101      -0.31295149
243          2.44857136       0.10879894      -0.31120271
244          2.45017640       0.11213032      -0.27136565
245          2.45790855       0.13575579      -0.21435365
246          2.46188158       0.17966723      -0.15944058
247          2.43969514       0.24167805      -0.10559222
248          2.39250826       0.29148926      -0.05761763
249          2.34113544       0.31610933      -0.02232858
250          2.27140004       0.30518898       0.00800704
251          2.17445585       0.26350649       0.03499967
252          2.05977897       0.21190519       0.04986766
253          1.94615480       0.16151070       0.04564187
254          1.86974218       0.11405312       0.06059290
255          1.83778895       0.08234700       0.10762559
256          1.82309173       0.06947681       0.19033042
257          1.81191098       0.06853385       0.27913420
258          1.80686214       0.08335222       0.33895936
259          1.81249564       0.08738216       0.39749785
260          1.82901506       0.05753909       0.43484928
261          1.86766769      -0.00521243       0.45610580
262          1.93169893      -0.07768452       0.46798606
263          1.96897333      -0.13821387       0.49613597
264          1.93600064      -0.15872711       0.54275891
265          1.87452705      -0.14377408       0.57531353
266          1.81388546      -0.11747116       0.55152839
267          1.76484617      -0.09835876       0.47176455
268          1.73169367      -0.10475456       0.37929899
269          1.70393310      -0.13876663       0.32098171
270          1.68278286      -0.18726927       0.27159348
271          1.66610231      -0.23258604       0.18045171
272          1.63515772      -0.26240820       0.07100722
273          1.55690170      -0.26081450       0.00776249
274          1.48268236      -0.23969605       0.00625717
275          1.46053796      -0.20721788       0.04408045
276          1.48457040      -0.18304690       0.09010944
277          1.51078571      -0.16812744       0.09521412
278          1.53535329      -0.16898822       0.06130519
279          1.57542258      -0.16688989       0.02761347
280          1.62861488      -0.16215229       0.00367358
281          1.64344228      -0.15163383      -0.01558994
282          1.58188520      -0.12851811      -0.05689169
283          1.46895435      -0.11706087      -0.12824304
284          1.36846918      -0.10912091      -0.20844159
285          1.35673317      -0.09176301      -0.23647424
286         -0.40216555      -0.94088047      -1.74594031
287         -0.41500042      -0.92809910      -1.78635279
288         -0.38653509      -0.88513484      -1.80668942
289         -0.34230448      -0.83536777      -1.83271218
290         -0.30159488      -0.76765790      -1.88532225
291         -0.27116541      -0.70771722      -1.94395103
292         -0.24079253      -0.70069535      -1.95330087
293         -0.20337699      -0.76382726      -1.92375953
294         -0.17060673      -0.87577941      -1.85920341
295         -0.14090925      -0.97049309      -1.80467108
296         -0.10905058      -0.99593084      -1.80810022
297         -0.06169098      -0.94431491      -1.85052133
298          0.00058755      -0.86022275      -1.87798545
299          0.07860849      -0.77946045      -1.86053846
300          0.15425476      -0.73243648      -1.83110923
301          0.21504058      -0.72116683      -1.82117834
302          0.27382233      -0.72724578      -1.85851520
303          0.34756861      -0.71247356      -1.90302156
304          0.43355356      -0.66183277      -1.90649930
305          0.49998251      -0.62291093      -1.89311252
306          0.54570897      -0.62245768      -1.92339498
307          0.57822247      -0.65371102      -2.00534134
308          0.61487803      -0.69216805      -2.08655450
309          0.67032484      -0.73918612      -2.14217902
310          0.74214161      -0.80736958      -2.17163647
311          0.80370119      -0.85031822      -2.17124652
312          0.82303421      -0.81237760      -2.15995918
313          0.79737381      -0.72740237      -2.17551409
314          0.75752322      -0.68200910      -2.23182343
315          0.71805182      -0.68437241      -2.29057435
316          0.68416937      -0.71173676      -2.32587629
317          0.65158358      -0.76122513      -2.35197666
318          0.62807302      -0.83213685      -2.37511994
319          0.63143883      -0.92472444      -2.40948458
320          0.65406513      -0.99863439      -2.47440091
321          0.65077781      -1.06975809      -2.54512229
322          0.61081592      -1.14815503      -2.57353734
323          0.54471222      -1.21718782      -2.58114400
324          0.49282654      -1.27012194      -2.60462603
325          0.48051251      -1.30969800      -2.66392939
326          0.49274480      -1.31921800      -2.73085042
327          0.50558797      -1.30487380      -2.78100255
328          0.53531153      -1.29739292      -2.82827173
329          0.58900850      -1.32215205      -2.88882595
330          0.65065235      -1.34598038      -2.97374184
331          0.70009461      -1.36833730      -3.06425210
332          0.71392745      -1.41122743      -3.12996908
333          0.69423106      -1.47538842      -3.16984549
334          0.65281435      -1.54251804      -3.19645451
335          0.62017540      -1.57305833      -3.20458099
336          0.58093126      -1.56863545      -3.17965800
337          0.52780461      -1.54146360      -3.15196309
338          0.46088323      -1.51719100      -3.15652131
339          0.39488134      -1.51587689      -3.22201017
340          0.34204985      -1.55537150      -3.31003857
341          0.30421220      -1.62932209      -3.38592587
342          0.25450516      -1.70007167      -3.43061379
343          0.18351398      -1.73647572      -3.42720136
344          0.11875144      -1.73284725      -3.38829987
345          0.07770107      -1.71846131      -3.33970565
346          0.06264631      -1.72196797      -3.28797114
347          0.04936405      -1.74990282      -3.22778119
348          0.01429894      -1.79308396      -3.16338734
349         -0.05914403      -1.84680948      -3.09849856
350         -0.17053257      -1.90704371      -3.03046906
351         -0.28235258      -1.96467404      -2.96238864
352         -0.35529344      -2.00594589      -2.89954510
353         -0.37654931      -2.02464282      -2.81682124
354         -0.37857097      -2.02339266      -2.72498171
355         -0.37966713      -1.99540408      -2.64916631
356         -0.38891949      -1.92526938      -2.59935032
357         -0.40443866      -1.85326919      -2.55743264
358         -0.44159473      -1.81425137      -2.50768607
359         -0.52726825      -1.81444193      -2.45521366
360         -0.64200254      -1.83831803      -2.41086732
361         -0.72825940      -1.86968807      -2.39528667
362         -0.76390285      -1.87977980      -2.39445591
363         -0.77521953      -1.86986960      -2.40498485
364         -0.77809426      -1.85906216      -2.39559993
365         -0.76306313      -1.84968001      -2.36297949
366         -0.75079688      -1.81906031      -2.31977547
367         -0.77478844      -1.75589076      -2.30343374
368         -0.82450058      -1.72668220      -2.31686888
369         -0.87970375      -1.74151317      -2.32878479
370         -0.91950916      -1.76898289      -2.32312480
371         -0.95075873      -1.78313913      -2.32290278
372         -0.99703599      -1.78995164      -2.31832959
373         -1.01632376      -1.82647211      -2.28932978
374         -1.01470319      -1.88067091      -2.25540589
375         -0.98627055      -1.94457420      -2.21274533
376         -0.91867859      -2.01424910      -2.14962964
377         -0.84029919      -2.07312446      -2.07495544
378         -0.78658509      -2.09527986      -2.04329500
379         -0.74813290      -2.09761600      -2.07200274
380         -0.71022954      -2.11466195      -2.11155344
381         -0.71457605      -2.14626993      -2.11656395
382         -0.75577563      -2.18536650      -2.08811823
383         -0.79789736      -2.23471809      -2.05246953
384         -0.79289024      -2.27432221      -2.03582348
385         -0.72846006      -2.30574581      -2.05845120
386         -0.65941201      -2.35377240      -2.09371121
387         -0.62409004      -2.40540725      -2.13873482
388         -0.61890665      -2.45804601      -2.17635850
389         -0.61150361      -2.49504777      -2.19772093
390         -0.60704161      -2.52751515      -2.20169240
391         -0.59957615      -2.53166345      -2.18730153
392         -0.57828393      -2.52142603      -2.15767149
393         -0.52624602      -2.52126514      -2.12201946
394         -0.46368182      -2.54123780      -2.07634064
395         -0.42023077      -2.56892760      -2.01469191
396         -0.38991083      -2.58088724      -1.93448609
397         -0.37234566      -2.55943410      -1.84893652
398         -0.37117110      -2.53162092      -1.76741693
399         -0.38726864      -2.52371327      -1.70733651
400         -0.39109742      -2.51958507      -1.72004890
401         -0.38799779      -2.51255340      -1.80256713
402         -0.39897149      -2.51823334      -1.90807558
403         -0.44825760      -2.53920643      -1.97471409
404         -0.53167613      -2.57345073      -1.99636287
405         -0.62310373      -2.62283842      -1.98528946
406         -0.66944400      -2.69024583      -1.98396601
407         -0.65221562      -2.76045943      -2.01216709
408         -0.61767181      -2.82726486      -2.03848846
409         -0.59356720      -2.87747394      -2.04945105
410         -0.57931689      -2.90450761      -2.05497894
411         -0.57370174      -2.91716902      -2.04435763
412         -0.58383672      -2.92421464      -2.02063468
413         -0.60261046      -2.92836998      -2.01423498
414         -0.63822698      -2.92443165      -2.01724309
415         -0.69411403      -2.90664172      -1.99683970
416         -0.77018511      -2.86798530      -1.98208129
417         -0.86542434      -2.83727154      -2.00494214
418         -0.94503202      -2.82729258      -2.05789762
419         -0.98206291      -2.84014102      -2.09170948
420         -0.97422683      -2.86402623      -2.09034058
421         -0.95185539      -2.88886093      -2.06550912
422         -0.92308849      -2.91199887      -2.01821172
423         -0.89526791      -2.95965675      -1.96881294
424         -0.87455407      -3.01580073      -1.91457209
425         -0.88711453      -3.03786417      -1.85079380
426         -0.92506096      -3.02865714      -1.77522877
427         -0.97271081      -3.02468193      -1.72703571
428         -0.99701548      -3.03225557      -1.70357126
429         -0.99345683      -3.04186812      -1.67414637
430         -0.97648685      -3.05771056      -1.64432142
431         -0.96369213      -3.08677105      -1.61581901
432         -0.97047801      -3.11828652      -1.57672334
433         -0.98359694      -3.13850302      -1.53877573
434         -0.99181091      -3.15825455      -1.52880918
435         -0.97890221      -3.20335884      -1.55420916
436         -0.95491169      -3.27067190      -1.59526242
437         -0.93226011      -3.32737869      -1.63265268
438         -0.91698565      -3.35722357      -1.66397203
439         -0.90000492      -3.40705192      -1.69492989
440         -0.90779296      -3.46542901      -1.71209793
441         -0.94119768      -3.52492532      -1.71017922
442         -0.97354831      -3.57610131      -1.70486676
443         -0.98353048      -3.62564008      -1.70699017
444         -0.97446276      -3.67971634      -1.70195206
445         -0.96991327      -3.74133925      -1.64661569
446         -0.97170476      -3.79584473      -1.54303432
447         -0.96718636      -3.83944256      -1.44490692
448         -0.94822906      -3.86308345      -1.38596016
449         -0.93402585      -3.89113510      -1.37050907
450         -0.94168927      -3.93083945      -1.34856049
451         -0.96238412      -3.96381181      -1.30718848
452         -0.99389469      -3.99910076      -1.24769952
453         -1.03344830      -4.03371949      -1.18434563
454         -1.08684947      -4.08629488      -1.10863341
455         -1.11922222      -4.15391261      -1.01629847
456         -1.08689188      -4.22042588      -0.90461158
457         -1.01008977      -4.27278570      -0.78015535
458         -0.93689228      -4.30345158      -0.67381691
459         -0.90331544      -4.30818524      -0.63059614
460         -0.90233631      -4.29937777      -0.64989926
461         -0.88890145      -4.30175579      -0.67944563
462         -0.86263349      -4.32967644      -0.71082659
463         -0.83703417      -4.38229094      -0.72595493
464         -0.80297898      -4.44765703      -0.71128890
465         -0.75865173      -4.52472004      -0.65836364
466         -0.72665834      -4.59871028      -0.57719586
467         -0.72481375      -4.67097637      -0.49866500
468         -0.76478819      -4.72581618      -0.42393527
469         -0.81678656      -4.75807876      -0.34791669
470         -0.85693385      -4.74932407      -0.28282827
471         -0.87279951      -4.71736164      -0.25344431
472         -0.88463928      -4.68123164      -0.27675985
473         -0.89866466      -4.65932618      -0.33312057
474         -0.90761105      -4.66383086      -0.38993387
475         -0.92411594      -4.69616129      -0.44100616
476         -0.95708738      -4.73802365      -0.49326760
477         -1.01617460      -4.77845258      -0.55299075
478         -1.08889593      -4.82084551      -0.60821540
479         -1.15959822      -4.86548485      -0.64743266
480         -1.22162554      -4.88997009      -0.66328622
481         -1.28717370      -4.88728264      -0.64980232
482         -1.36171798      -4.87240789      -0.61842041
483         -1.41505179      -4.86380517      -0.58651920
484         -1.40752515      -4.87609229      -0.55629171
485         -1.33286419      -4.89266472      -0.53436760
486         -1.23270203      -4.89739198      -0.54416943
487         -1.16452264      -4.87160697      -0.59459558
488         -1.13984859      -4.83923174      -0.67240066
489         -1.15005275      -4.80738132      -0.73805599
490         -1.17946303      -4.76272692      -0.77821241
491         -1.20546781      -4.69481352      -0.82166069
492         -1.21564360      -4.61530053      -0.87184983
493         -1.22635694      -4.55048633      -0.92307997
494         -1.25812130      -4.51801984      -0.95289432
495         -1.30516295      -4.50951144      -0.94781490
496         -1.32722477      -4.49068954      -0.93204318
497         -1.31628727      -4.46409294      -0.91759153
498         -1.30482096      -4.45412758      -0.89681285
499         -1.28219116      -4.46803065      -0.86098900
500         -1.26098621      -4.49135609      -0.84365283
501         -1.27032388      -4.52596590      -0.82671598
502         -1.30335384      -4.55951319      -0.80087788
503         -1.34790379      -4.60340029      -0.78260449
504         -1.39790389      -4.64900274      -0.76492310
505         -1.44493437      -4.69926075      -0.73559806
506         -1.51369838      -4.75241114      -0.67784314
507         -1.59519350      -4.80006407      -0.61411431
508         -1.66333191      -4.83806482      -0.58932447
509         -1.72980292      -4.86029073      -0.57891067
510         -1.76877755      -4.86845102      -0.58388668
511         -1.81724657      -4.87525506      -0.55745511
512         -1.88330895      -4.88316587      -0.53083902
513         -1.91870556      -4.88423562      -0.53500024
514         -1.91380553      -4.87756200      -0.54877194
515         -1.89515480      -4.87057361      -0.53648102
516         -1.91099353      -4.89717051      -0.48836933
517         -1.96907279      -4.94192587      -0.41276947
518         -2.05320674      -4.96446463      -0.35512007
519         -2.12945726      -4.95293208      -0.31427503
520         -2.17803868      -4.92849629      -0.26297644
521         -2.20275900      -4.91962421      -0.18046880
522         -2.19666782      -4.92927913      -0.08044876
523         -2.17473864      -4.94743096       0.01245016
524         -2.14421175      -4.95758483       0.09244974
525         -2.14243439      -4.96095819       0.14192758
526         -2.21928435      -4.96370279       0.16120248
527         -2.33266743      -4.99512345       0.17645151
528         -2.42267373      -5.04283848       0.23220781
529         -2.46001054      -5.06429728       0.31507151
530         -2.46943944      -5.04287386       0.38501236
531         -2.47798899      -5.00620523       0.43122285
532         -2.49159046      -4.98464868       0.48075861
533         -2.49287799      -4.96038363       0.53118242
534         -2.48838965      -4.91599194       0.57858592
535         -2.47990463      -4.87247707       0.62599949
536         -2.48314298      -4.86996818       0.67607507
537         -2.49609123      -4.92341135       0.71516823
538         -2.52574163      -5.00675452       0.72228541
539         -2.56538290      -5.08054362       0.70230763
540         -2.59285791      -5.10930669       0.66737659
541         -2.58171867      -5.11005403       0.67068678
542         -2.54039238      -5.13553441       0.70874966
543         -2.50005313      -5.18254518       0.73007958
544         -2.47413563      -5.21333277       0.73577260
545         -2.45945459      -5.21253669       0.74139857
546         -2.44549377      -5.19502560       0.74739623
547         -2.44530291      -5.17863962       0.72952564
548         -2.44902818      -5.17514639       0.70991265
549         -2.44788372      -5.17380993       0.71998388
550         -2.46301238      -5.16657881       0.73685648
551         -2.50300936      -5.17474688       0.71365468
552         -2.56881900      -5.21179943       0.67471751
553         -2.62453258      -5.26232685       0.66709437
554         -2.66510632      -5.31162051       0.68160949
555         -2.71564240      -5.35347718       0.71703991
556         -2.79179366      -5.36441236       0.77023522
557         -2.84614523      -5.35166226       0.79920944
558         -2.87515534      -5.33467783       0.79362128
559         -2.91570882      -5.30697686       0.78181189
560         -2.98657030      -5.27086501       0.77347898
561         -3.07408274      -5.23758797       0.76268303
562         -3.14455584      -5.22867723       0.75419846
563         -3.19469153      -5.24744092       0.75535988
564         -3.24236951      -5.28029513       0.76232384
565         -3.30964799      -5.29439523       0.78062855
566         -3.38248878      -5.28075294       0.78791395
567         -3.44697160      -5.25599144       0.78921316
568         -3.49183323      -5.24198868       0.80169533
569         -3.52287796      -5.23343230       0.84208651
570         -3.54844277      -5.22627915       0.91884493
571         -3.55835374      -5.21063787       1.00818214
572         -3.55286902      -5.17460795       1.08433907
573         -3.54692735      -5.13058033       1.13545454
574         -3.56264284      -5.09526400       1.14573490
575         -3.60123380      -5.05728161       1.12894791
576         -3.65541618      -5.02608176       1.11249498
577         -3.71733300      -5.00307236       1.10042849
578         -3.80106635      -4.96370205       1.10050541
579         -3.86503628      -4.90690395       1.14575615
580         -3.87988102      -4.84014830       1.24689926
581         -3.87846400      -4.78022935       1.37237917
582         -3.89305927      -4.71310270       1.48628825
583         -3.91963860      -4.63550783       1.57124814
584         -3.92830094      -4.55828365       1.62726537
585         -3.91642597      -4.48111079       1.66052675
586         -3.91587253      -4.40451936       1.69063626
587         -3.95529251      -4.32596962       1.69415826
588         -4.02580143      -4.24840160       1.67530401
589         -4.10657239      -4.19338355       1.67088270
590         -4.16640533      -4.15655050       1.70112539
591         -4.20086414      -4.11780045       1.75786845
592         -4.21657785      -4.05286461       1.80907431
593         -4.21771881      -3.97654552       1.85783742
594         -4.20378706      -3.91915302       1.90192346
595         -4.19206775      -3.87534946       1.92224677
596         -4.20216764      -3.80824778       1.92877261
597         -4.21669928      -3.73398532       1.93773186
598         -4.22921678      -3.66324451       1.93306405
599         -4.23397856      -3.57666739       1.90187528
600         -4.24031836      -3.51334437       1.88423578
601         -4.24662877      -3.45099181       1.90899082
602         -4.26257709      -3.38869507       1.96962918
603         -4.30820098      -3.34645529       2.01707673
604         -4.37090052      -3.31836413       2.02785591
605         -4.40221600      -3.27595057       1.99840956
606         -4.39330558      -3.22697549       1.94621125
607         -4.36596576      -3.21036218       1.87578898
608         -4.34663661      -3.24070138       1.80633914
609         -4.36107264      -3.27016248       1.77546777
610         -4.40228965      -3.28571418       1.78075244
611         -4.43521953      -3.32582411       1.80678193
612         -4.43525198      -3.36075933       1.81988480
613         -4.43793852      -3.36507362       1.82895843
614         -4.44086050      -3.33412994       1.82219787
615         -4.46377756      -3.29272776       1.79155270
616         -4.50846682      -3.25442531       1.75405959
617         -4.56029187      -3.22355530       1.72369607
618         -4.60651005      -3.22191517       1.73145671
619         -4.63415534      -3.25507848       1.74312039
620         -4.64912265      -3.29575743       1.73473462
621         -4.63501852      -3.33211434       1.70813383
622         -4.60801175      -3.38418828       1.69123668
623         -4.58503684      -3.42710184       1.68254187
624         -4.55752423      -3.45991182       1.67933336
625         -4.51657151      -3.48047772       1.65208167
626         -4.47995051      -3.48654376       1.61747627
627         -4.44683440      -3.48557602       1.56865487
628         -4.42556846      -3.46672727       1.49793080
629         -4.41889832      -3.45152141       1.45471448
630         -4.41558364      -3.45102543       1.45609980
631         -4.38721608      -3.47349188       1.49716132
632         -4.32519537      -3.53846674       1.52588629
633         -4.25385599      -3.62418306       1.52671259
634         -4.20569198      -3.69565093       1.49530848
635         -4.20899911      -3.74628753       1.44654193
636         -4.24236413      -3.78453581       1.38947326
637         -4.27184671      -3.79600241       1.31803034
638         -4.28207594      -3.79379488       1.24855621
639         -4.30577187      -3.81377450       1.17423092
640         -4.34157765      -3.85417582       1.15306238
641         -4.36957267      -3.88915544       1.18473979
642         -4.35890531      -3.90625939       1.25056467
643         -4.30032545      -3.91864551       1.27688978
644         -4.22204473      -3.92778816       1.23525189
645         -4.14728629      -3.92871017       1.17728937
646         -4.07193176      -3.91310619       1.15214356
647         -4.01356229      -3.87723731       1.14768744
648         -3.99912280      -3.85781557       1.11936556
649         -4.00834539      -3.85314213       1.05419958
650         -4.03309331      -3.85537324       0.97204196
651         -4.06335368      -3.86529955       0.92002740
652         -4.08456013      -3.86786528       0.90419317
653         -4.06617833      -3.84449121       0.91778278
654         -4.01641958      -3.79973566       0.93480375
655         -3.97836542      -3.74877527       0.94992270
656         -3.98806380      -3.69306300       0.98757614
657         -4.02607849      -3.63999640       1.05915214
658         -4.06969793      -3.59495933       1.14087270
659         -4.10893749      -3.56046432       1.19157651
660         -4.12844612      -3.53224612       1.19976163
661         -4.12545243      -3.50269162       1.22164348
662         -4.08892309      -3.48453293       1.27924368
663         -4.03934213      -3.48713288       1.35447817
664         -3.99147057      -3.49979063       1.42771056
665         -3.96053339      -3.49646487       1.49580792
666         -3.95533824      -3.48189352       1.57032313
667         -3.97056591      -3.44440221       1.67048549
668         -3.98206976      -3.38420241       1.78923419
669         -3.96359582      -3.30206199       1.88622973
670         -3.90059462      -3.20840740       1.94929099
671         -3.80701453      -3.11701712       1.98038959
672         -3.70627252      -3.03868712       2.00802571
673         -3.61495332      -2.98242714       2.04474318
674         -3.54904470      -2.93047320       2.08034414
675         -3.49594411      -2.86673657       2.08286903
676         -3.44978293      -2.80599765       2.07011126
677         -3.41376588      -2.75680145       2.06757367
678         -3.39659780      -2.72278754       2.05740882
679         -3.43216925      -2.68658256       2.02627961
680         -3.51650841      -2.65358951       1.96585120
681         -3.61804851      -2.63958753       1.90766852
682         -3.71832944      -2.65047091       1.84496965
683         -3.82310066      -2.67869210       1.76092054
684         -3.91810018      -2.71156799       1.65617900
685         -3.97583204      -2.75307743       1.53869137
686         -3.98810276      -2.80545247       1.40983050
687         -3.96411691      -2.83998334       1.27497881
688         -3.94201128      -2.85442814       1.13973122
689         -3.93187043      -2.86249843       1.02179283
690         -3.90963844      -2.87889066       0.95003997
691         -3.86949160      -2.90460702       0.91600231
692         -3.84764359      -2.91739011       0.89821132
693         -3.86833019      -2.89940952       0.89566537
694         -3.91550297      -2.86005752       0.91595233
695         -3.93356527      -2.83788055       0.94287520
696         -3.90721163      -2.84948217       0.95438716
697         -3.85936594      -2.87014611       0.90107037
698         -3.80767164      -2.84226742       0.81813681
699         -3.75528245      -2.77307750       0.75743056
700         -3.70556776      -2.71686014       0.73798746
701         -3.67521064      -2.71236702       0.73549265
702         -3.65962390      -2.74547363       0.74364637
703         -3.64882214      -2.74789546       0.76615539
704         -3.63959462      -2.72186621       0.77838580
705         -3.64016353      -2.69140581       0.75981150
706         -3.65239087      -2.67923129       0.69982163
707         -3.66164534      -2.65492315       0.62382427
708         -3.67848571      -2.63145191       0.55339568
709         -3.72583633      -2.61327130       0.51300864
710         -3.78545160      -2.57090793       0.49729088
711         -3.83727418      -2.53344065       0.50841456
712         -3.89803538      -2.52371185       0.52835718
713         -3.95250291      -2.53649741       0.54429261
714         -3.99887656      -2.52527644       0.55395604
715         -4.02305286      -2.50253754       0.55316745
716         -4.02161699      -2.48149572       0.53494340
717         -4.01989133      -2.45343155       0.50803359
718         -4.01790232      -2.42131001       0.46798711
719         -3.98834971      -2.39192403       0.41297489
720         -3.95019803      -2.38898321       0.36879365
721         -3.92695998      -2.41751337       0.37612360
722         -3.90451123      -2.45259852       0.43437358
723         -3.88097609      -2.44705485       0.47828353
724         -3.84922971      -2.39628028       0.48559065
725         -3.83954783      -2.33951652       0.47335385
726         -3.84251097      -2.34685190       0.44835496
727         -3.84950926      -2.42394144       0.39430663
728         -3.85907809      -2.52096540       0.32192674
729         -3.88376016      -2.57865155       0.25972605
730         -3.90577013      -2.60951098       0.20024218
731         -3.92286926      -2.62738650       0.14710789
732         -3.96558822      -2.64672927       0.08297777
733         -4.04567750      -2.62850469       0.02995776
734         -4.16294900      -2.55283002       0.01601405
735         -4.29451061      -2.48581922       0.02551866
736         -4.40893147      -2.46005589       0.03339021
737         -4.48283560      -2.47415130       0.01694026
738         -4.53579450      -2.49592271      -0.00965736
739         -4.57926925      -2.50080080      -0.05126124
740         -4.62356849      -2.49922818      -0.10289171
741         -4.64569462      -2.48429536      -0.15833535
742         -4.64102979      -2.46190231      -0.21641426
743         -4.62609927      -2.44895628      -0.28196580
744         -4.58540286      -2.47546375      -0.31701254
745         -4.59905723      -2.49160715      -0.32957272
746         -4.65791943      -2.49647133      -0.35141399
747         -4.70670035      -2.49718623      -0.37121219
748         -4.71364285      -2.48714898      -0.38152617
749         -4.69253469      -2.47173118      -0.38287820
750         -4.66235568      -2.47002606      -0.37225424
751         -4.61736545      -2.46809337      -0.35689385
752         -4.57173164      -2.46357587      -0.35850732
753         -4.54921139      -2.45190662      -0.36241868
754         -4.54283551      -2.40422948      -0.35447030
755         -4.52172048      -2.33857876      -0.37646484
756         -4.50252183      -2.29003053      -0.44615227
757         -4.49267922      -2.24341976      -0.50811627
758         -4.48334280      -2.16013962      -0.54681325
759         -4.46247223      -2.06361776      -0.60817547
760         -4.42310834      -1.97654631      -0.67603242
761         -4.38407763      -1.89786714      -0.72118247
762         -4.35387720      -1.81542186      -0.71391708
763         -4.35086814      -1.73412767      -0.66631314
764         -4.37792613      -1.66690128      -0.61395654
765         -4.40640302      -1.61764576      -0.60201366
766         -4.41245061      -1.58864755      -0.64121917
767         -4.38347304      -1.59650565      -0.71357165
768         -4.34335137      -1.63503997      -0.80627393
769         -4.31872267      -1.66381095      -0.90684489
770         -4.32637765      -1.66530960      -0.99860988
771         -4.34512246      -1.67866870      -1.06528192
772         -4.36868329      -1.73126415      -1.08793626
773         -4.38462099      -1.77345204      -1.06799473
774         -4.38729516      -1.78519389      -1.00172967
775         -4.38597647      -1.80253665      -0.93227937
776         -4.39762609      -1.85682424      -0.91587649
777         -4.43527847      -1.93766147      -0.95773161
778         -4.48571208      -2.01804328      -1.02843412
779         -4.51727075      -2.06806666      -1.09276920
780         -4.52935491      -2.08298162      -1.12313431
781         -4.54485437      -2.08109730      -1.11462059
782         -4.57029749      -2.08041847      -1.09966035
783         -4.57631625      -2.08316579      -1.10262937
784         -4.55705715      -2.07402702      -1.14166384
785         -4.53526332      -2.07532873      -1.20282109
786         -4.53595501      -2.07757460      -1.22069373
787         -4.56534189      -2.06388191      -1.17493638
788         -4.59981858      -2.02233855      -1.11989114
789         -4.62631348      -1.96700177      -1.11631677
790         -4.64054694      -1.93474309      -1.16191582
791         -4.65861222      -1.93614247      -1.20203246
792         -4.67195285      -1.94937744      -1.19591482
793         -4.67153205      -1.96219589      -1.16096275
794         -4.66323492      -1.95669105      -1.12613433
795         -4.64393388      -1.91871021      -1.11824758
796         -4.62933575      -1.86108436      -1.11345740
797         -4.62129701      -1.80291517      -1.08075417
798         -4.59259009      -1.75716628      -1.04317012
799         -4.55072737      -1.72050848      -1.01279099
800         -4.51685114      -1.69074562      -1.00322242
801         -4.47334036      -1.66451358      -1.01039018
802         -4.41270689      -1.63136935      -1.01740772
803         -4.36930157      -1.59164755      -1.02257180
804         -4.35657502      -1.54802400      -1.03911919
805         -4.37307466      -1.51210216      -1.05598210
806         -4.41613410      -1.49548819      -1.08137726
807         -4.47671816      -1.47552959      -1.10037069
808         -4.53630939      -1.43627401      -1.08678751
809         -4.56968995      -1.36203086      -1.05098680
810         -4.56498991      -1.27363276      -1.00098047
811         -4.51557504      -1.19293540      -0.95856860
812         -4.45938004      -1.11552902      -0.93925941
813         -4.42004901      -1.05753192      -0.95047215
814         -4.37901027      -1.02213774      -0.97549376
815         -4.32052512      -1.01253016      -1.00040304
816         -4.24511511      -1.01746382      -1.04459837
817         -4.17102866      -1.02691028      -1.09454656
818         -4.10453158      -1.02148050      -1.12102766
819         -4.04624876      -0.99279020      -1.10566589
820         -4.00035003      -0.96762802      -1.07829285
821         -3.95746636      -0.96369638      -1.08439128
822         -3.90350421      -0.98923898      -1.11147872
823         -3.85830458      -1.00528458      -1.12628521
824         -3.82706752      -0.99979996      -1.12950251
825         -3.77254203      -0.98577768      -1.13762448
826         -3.68320636      -0.98073579      -1.15009983
827         -3.56743947      -0.99035593      -1.13664654
828         -3.44605025      -1.01954849      -1.09727160
829         -3.32350354      -1.09273087      -1.06650685
830         -3.19760253      -1.17869476      -1.08445849
831         -3.07651139      -1.26960838      -1.12611273
832         -2.98594425      -1.31380878      -1.14417039
833         -2.92837166      -1.30947951      -1.12865868
834         -2.90319963      -1.30610242      -1.12178129
835         -2.90299204      -1.33960327      -1.14200008
836         -2.91766972      -1.41173083      -1.15241256
837         -2.96167650      -1.51433648      -1.12738541
838         -3.01559433      -1.62399418      -1.09200488
839         -3.05260198      -1.71239041      -1.08700684
840         -3.06587348      -1.78357993      -1.12834419
841         -3.04790469      -1.83155787      -1.19310043
842         -3.00477904      -1.86043282      -1.27101118
843         -2.95736221      -1.87264263      -1.35587137
844         -2.91395197      -1.89209329      -1.40427921
845         -2.87907100      -1.93505621      -1.40917690
846         -2.84702447      -2.00260248      -1.40425665
847         -2.81366153      -2.05851848      -1.43452435
848         -2.79233778      -2.08128559      -1.48604178
849         -2.79233053      -2.08572413      -1.51780329
850         -2.80718576      -2.06454245      -1.52852212
851         -2.82203921      -2.03193528      -1.53385572
852         -2.82763973      -1.98623653      -1.55603669
853         -2.80680351      -1.95330732      -1.59282890
854         -2.75338851      -1.94179734      -1.63367863
855         -2.69051164      -1.95885835      -1.65124373
856         -2.61617533      -2.00123912      -1.64835130
857         -2.51424934      -2.04937138      -1.64335304
858         -2.43033009      -2.08812431      -1.65952879
859         -2.41394098      -2.09287021      -1.69436241
860         -2.44400558      -2.04707218      -1.71655588
861         -2.48318703      -1.97806304      -1.71818696
862         -2.51861304      -1.92124288      -1.71026192
863         -2.55567268      -1.88666490      -1.71148140
864         -2.57872513      -1.89052417      -1.71635940
865         -2.57504852      -1.91505825      -1.69852712
866         -2.52193594      -1.94822319      -1.64802257
867         -2.44733584      -1.98026415      -1.57428487
868         -2.38096032      -2.00254612      -1.47897797
869         -2.34595534      -2.01247559      -1.36714962
870         -2.34239112      -2.01234014      -1.23861020
871         -2.35486524      -2.01598347      -1.09975128
872         -2.38304762      -2.02097007      -0.97124611
873         -2.41891686      -2.02007785      -0.85001339
874         -2.45079940      -2.00373890      -0.74562208
875         -2.46616367      -1.98396317      -0.65180840
876         -2.47504552      -1.97006214      -0.56655414
877         -2.47971166      -1.95196389      -0.49281659
878         -2.46826471      -1.92373789      -0.43358953
879         -2.45054544      -1.90673911      -0.38119064
880         -2.43515036      -1.90928700      -0.32118063
881         -2.40882760      -1.91873379      -0.26261968
882         -2.36973146      -1.93674329      -0.22319402
883         -2.31605298      -1.94350450      -0.22027978
884         -2.25424877      -1.92052228      -0.22686385
885         -2.18740669      -1.86773353      -0.20763904
886         -2.11491931      -1.81794842      -0.17102490
887         -2.06209003      -1.80074744      -0.13687646
888         -2.03546456      -1.78823939      -0.10528419
889         -2.03465424      -1.74893837      -0.05608169
890         -2.05231126      -1.69539049       0.01306902
891         -2.07641908      -1.67706307       0.07358855
892         -2.09502183      -1.69887618       0.11782992
893         -2.09624782      -1.73153953       0.16226148
894         -2.08737934      -1.76018780       0.19094940
895         -2.09577693      -1.79529387       0.18143348
896         -2.11707123      -1.83225934       0.15394736
897         -2.13753663      -1.86316847       0.14850322
898         -2.17656448      -1.89775747       0.16993593
899         -2.21914036      -1.95274570       0.19308113
900         -2.21361291      -2.04057312       0.19763857
901         -2.16601151      -2.14294023       0.21761980
902         -2.15419314      -2.23954262       0.25648033
903         -2.20313534      -2.31080039       0.29307122
904         -2.23910541      -2.34103577       0.30260095
905         -2.23275080      -2.36715567       0.28902297
906         -2.21026850      -2.42543180       0.27203863
907         -2.18945196      -2.49624210       0.26298377
908         -2.17140081      -2.55689660       0.26063709
909         -2.17479517      -2.59179258       0.26321316
910         -2.19738446      -2.61008974       0.26540547
911         -2.22154765      -2.61647377       0.27277476
912         -2.24719782      -2.62616244       0.26712534
913         -2.28990687      -2.63159844       0.20989654
914         -2.34257699      -2.63221812       0.14843059
915         -2.33515570      -2.65324057       0.17789168
916         -2.29401294      -2.67799163       0.27046644
917         -2.29891233      -2.69269629       0.32988510
918         -2.35716224      -2.68731151       0.34149236
919         -2.42437123      -2.68253499       0.31099568
920         -2.49592574      -2.68283644       0.26539413
921         -2.57252580      -2.66455103       0.23709183
922         -2.61885885      -2.61749101       0.23024017
923         -2.63835816      -2.56110160       0.24648369
924         -2.65558623      -2.50390797       0.27051321
925         -2.68676772      -2.46265833       0.27687780
926         -2.70750778      -2.45371293       0.26336320
927         -2.73715012      -2.47166993       0.26822642
928         -2.77504175      -2.49525233       0.30027093
929         -2.80422307      -2.51864229       0.34849530
930         -2.83100827      -2.55897454       0.41504322
931         -2.85754526      -2.63013608       0.50021721
932         -2.90376976      -2.70893675       0.57792282
933         -2.98626382      -2.76260366       0.61702607
934         -3.09273249      -2.79193024       0.64114573
935         -3.18667033      -2.79741157       0.67601416
936         -3.25724811      -2.75989401       0.74291262
937         -3.31690697      -2.68421468       0.80619769
938         -3.37878655      -2.61710034       0.83659840
939         -3.43700756      -2.60626312       0.82857497
940         -3.48616253      -2.65157622       0.79129004
941         -3.53471804      -2.70901306       0.73590456
942         -3.56892117      -2.74244819       0.68281654
943         -3.59567346      -2.75077799       0.64281458
944         -3.61516175      -2.75563828       0.62774076
945         -3.63620000      -2.76481776       0.63508422
946         -3.67154944      -2.76910068       0.65319703
947         -3.72026992      -2.76646664       0.67999155
948         -3.78489770      -2.74113252       0.71358461
949         -3.85202522      -2.70994407       0.76873210
950         -3.92763351      -2.67720969       0.82663992
951         -4.01336021      -2.64144038       0.87220803
952         -4.08822380      -2.60012771       0.89621956
953         -4.13458309      -2.56782011       0.90231998
954         -4.14875735      -2.55286796       0.90179301
955         -4.15498553      -2.55497533       0.91563098
956         -4.17199721      -2.57490012       0.95689619
957         -4.18633316      -2.60248016       0.99295163
958         -4.17843915      -2.63128342       1.00189513
959         -4.16861120      -2.64686009       0.98664977
960         -4.18406042      -2.64669584       0.97118152
961         -4.21841523      -2.62617376       0.96188950
962         -4.23794197      -2.59950521       0.94420854
963         -4.23519962      -2.57903148       0.92349534
964         -4.23483762      -2.56795991       0.90954884
965         -4.24011605      -2.54911698       0.90989873
966         -4.24739465      -2.51957520       0.92706923
967         -4.25522468      -2.48727647       0.95006872
968         -4.27009012      -2.43971549       0.96314431
969         -4.32678595      -2.38401826       0.99277993
970         -4.41819416      -2.31430904       1.06216814
971         -4.52706649      -2.24815499       1.14282884
972         -4.60759437      -2.18551506       1.18980637
973         -4.64767791      -2.14627440       1.20525699
974         -4.66506621      -2.13331289       1.20083466
975         -4.68614598      -2.12990678       1.20464571
976         -4.73123480      -2.12669034       1.21029828
977         -4.76676282      -2.11110654       1.19853199
978         -4.77200878      -2.09224648       1.17215712
979         -4.75851567      -2.07221556       1.13206719
980         -4.76575732      -2.05027215       1.09072992
981         -4.81205683      -2.02439865       1.05837846
982         -4.88751714      -2.03487896       1.04054130
983         -4.97360217      -2.06592600       1.02297856
984         -5.07550902      -2.10375338       0.98043819
985         -5.18868599      -2.12883909       0.90615638
986         -5.28926895      -2.15731076       0.81477789
987         -5.35755564      -2.17937205       0.71544445
988         -5.41850609      -2.20153722       0.62340200
989         -5.52525492      -2.23869224       0.55006656
990         -5.67052756      -2.28004184       0.51056943
991         -5.81219820      -2.32885467       0.47929682
992         -5.91664640      -2.35500323       0.45342979
993         -5.99525821      -2.37147978       0.43077932
994         -6.06792833      -2.37850865       0.41529647
995         -6.12586554      -2.39261663       0.39406678
996         -6.16375419      -2.36087735       0.40007942
997         -6.19425847      -2.26819399       0.44748646
998         -6.22041706      -2.19084134       0.47459670
999         -6.20620295      -2.20220706       0.45643810
1000        -6.15358438      -2.26174421       0.40746280
