1            0.00000000       0.00000000       0.00000000       0.00000000
2            0.00390383       0.00364548       0.00025831       0.00000004
3            0.01753149       0.01414316       0.00310829       0.00028004
4            0.04397614       0.02897520       0.01466982       0.00033112
5            0.08350314       0.04702633       0.03561525       0.00086156
6            0.12214039       0.06500016       0.05182018       0.00532005
7            0.16373291       0.08429461       0.06111607       0.01832223
8            0.21260090       0.11252909       0.06764862       0.03242319
9            0.27416662       0.16704055       0.07346943       0.03365664
10           0.36763534       0.25045919       0.08735529       0.02982086
11           0.47103380       0.33561461       0.11223127       0.02318792
12           0.54374680       0.38908407       0.13905460       0.01560813
13           0.57535539       0.40536995       0.15695833       0.01302711
14           0.56381341       0.39730434       0.15047807       0.01603101
15           0.57238771       0.39337219       0.15502577       0.02398975
16           0.63844172       0.41362061       0.18399993       0.04082118
17           0.73752405       0.45852585       0.21095206       0.06804613
18           0.82983426       0.52361396       0.21096703       0.09525327
19           0.89006290       0.59826755       0.18372192       0.10807343
20           0.89783845       0.66158242       0.13573789       0.10051813
21           0.87545657       0.70765962       0.07720867       0.09058827
22           0.86676580       0.73598381       0.03181248       0.09896951
23           0.84104129       0.71681422       0.00996974       0.11425732
24           0.78709404       0.66918093       0.00289302       0.11502008
25           0.76103704       0.65741696       0.00071477       0.10290531
26           0.75493236       0.66899196       0.00003822       0.08590217
27           0.73054771       0.66806176       0.00082441       0.06166154
28           0.69791661       0.66716694       0.00098816       0.02976151
29           0.71305513       0.70622059       0.00153147       0.00530306
30           0.77264791       0.76855346       0.00336412       0.00073033
31           0.84720732       0.82785681       0.00869969       0.01065082
32           0.94894677       0.90571528       0.01936335       0.02386814
33           1.08844436       1.01498694       0.03592995       0.03752748
34           1.21857788       1.09833427       0.06741174       0.05283188
35           1.27098541       1.08436330       0.12124641       0.06537571
36           1.31377636       1.05596361       0.18872411       0.06908865
37           1.39862005       1.09958268       0.22251631       0.07652106
38           1.50386015       1.17746425       0.21845017       0.10794573
39           1.60218531       1.23496822       0.19468845       0.17252864
40           1.68146275       1.26362635       0.16800507       0.24983133
41           1.71452207       1.27187742       0.14294567       0.29969898
42           1.71633239       1.26567988       0.13775305       0.31289946
43           1.70218424       1.24733851       0.15018214       0.30466359
44           1.67260457       1.20984561       0.17584609       0.28691288
45           1.63820264       1.16859282       0.19802237       0.27158744
46           1.63003340       1.15506185       0.18959745       0.28537410
47           1.74306289       1.24841178       0.15768821       0.33696289
48           1.98539653       1.45233388       0.11594815       0.41711450
49           2.23902149       1.66452846       0.08691068       0.48758235
50           2.36922853       1.75616954       0.06999084       0.54306815
51           2.37236843       1.72876946       0.05827739       0.58532158
52           2.29278924       1.66179162       0.04922339       0.58177423
53           2.12095201       1.54200205       0.04361780       0.53533216
54           1.91187769       1.37648764       0.04219954       0.49319051
55           1.75281776       1.24652091       0.04342287       0.46287397
56           1.67398934       1.19505224       0.04409551       0.43484159
57           1.66118158       1.21637645       0.03992198       0.40488315
58           1.73038776       1.31561400       0.03837895       0.37639480
59           1.85858022       1.46107487       0.03477148       0.36273387
60           2.02120281       1.60087639       0.02958318       0.39074325
61           2.15766562       1.66174568       0.02628730       0.46963264
62           2.23964021       1.67118395       0.02092133       0.54753494
63           2.33826856       1.69005509       0.01358791       0.63462555
64           2.49559577       1.74206418       0.00784839       0.74568320
65           2.69034776       1.80499510       0.00307078       0.88228188
66           2.84054699       1.82800867       0.00132504       1.01121328
67           2.94651647       1.84673053       0.00157628       1.09820966
68           3.04470731       1.89980172       0.00199573       1.14290985
69           3.14046785       1.97247947       0.00262915       1.16535924
70           3.25847466       2.08250765       0.00474175       1.17122526
71           3.46067692       2.25019029       0.01065629       1.19983033
72           3.70285367       2.38783598       0.02262063       1.29239707
73           3.90624383       2.45233195       0.04480331       1.40910857
74           4.06772852       2.46253665       0.07382002       1.53137185
75           4.28873666       2.53692398       0.11506612       1.63674655
76           4.63330786       2.74254234       0.16978828       1.72097724
77           5.03344479       3.07261694       0.21177461       1.74905325
78           5.38721696       3.44137004       0.21849437       1.72735255
79           5.62684124       3.77532031       0.20546383       1.64605710
80           5.64514961       3.92679274       0.19792859       1.52042828
81           5.50691631       3.91449925       0.20660324       1.38581383
82           5.41767633       3.85398870       0.24965101       1.31403661
83           5.38485076       3.73739416       0.32962371       1.31783289
84           5.34521579       3.57165284       0.42238098       1.35118197
85           5.27846287       3.38987132       0.47823327       1.41035827
86           5.28575706       3.34330400       0.47895903       1.46349402
87           5.40342779       3.44187379       0.44588078       1.51567322
88           5.50822886       3.59046816       0.41489689       1.50286381
89           5.57115773       3.72674025       0.39814119       1.44627630
90           5.65391124       3.85571070       0.41798629       1.38021425
91           5.78673787       3.96648844       0.47686854       1.34338088
92           5.85761032       4.01454520       0.56753856       1.27552656
93           5.83149758       3.99324673       0.64116011       1.19709074
94           5.83168859       4.01146885       0.68067831       1.13954143
95           5.83032258       4.05256879       0.68298493       1.09476886
96           5.80276920       4.13240545       0.67656860       0.99379516
97           5.70571383       4.17738549       0.66975365       0.85857470
98           5.51097179       4.11995428       0.62844806       0.76256946
99           5.13278376       3.89295724       0.53679015       0.70303637
100          4.63770311       3.55585910       0.42873169       0.65311232
101          4.06590354       3.15917507       0.33171337       0.57501510
102          3.49090361       2.74175083       0.23752603       0.51162675
103          3.03965198       2.39753804       0.16782262       0.47429133
104          2.71551521       2.13587717       0.12477709       0.45486095
105          2.46896584       1.95097945       0.09645236       0.42153403
106          2.29085283       1.81741772       0.08562649       0.38780862
107          2.18508974       1.72231756       0.09785496       0.36491721
108          2.11744829       1.64569573       0.12023919       0.35151337
109          2.09013720       1.60247182       0.14597739       0.34168799
110          2.07490220       1.55051402       0.16320810       0.36118007
111          2.02289222       1.44228364       0.15627034       0.42433823
112          1.94540551       1.32785927       0.11553905       0.50200719
113          1.87168876       1.21691563       0.06327933       0.59149380
114          1.77642929       1.07979261       0.03143255       0.66520413
115          1.70146594       0.97179427       0.02083035       0.70884133
116          1.69235116       0.93483143       0.01764144       0.73987829
117          1.76939422       0.95295207       0.01541042       0.80103173
118          1.83820388       0.96005391       0.01447441       0.86367555
119          1.78148475       0.89940516       0.01968035       0.86239924
120          1.60862795       0.77954093       0.03605030       0.79303672
121          1.39995126       0.64046144       0.06023961       0.69925021
122          1.24201677       0.54344576       0.06610750       0.63246350
123          1.20011217       0.55009369       0.04087661       0.60914187
124          1.27513670       0.62158386       0.01094982       0.64260303
125          1.36042389       0.68159388       0.00023654       0.67859347
126          1.41257268       0.69519511       0.01641794       0.70095963
127          1.44612020       0.68384983       0.05002443       0.71224595
128          1.49091587       0.67667951       0.08831582       0.72592055
129          1.58425905       0.72879319       0.12111137       0.73435449
130          1.71291795       0.83938117       0.13294112       0.74059565
131          1.90056464       1.01649047       0.11438017       0.76969400
132          2.15146487       1.26084510       0.08266524       0.80795453
133          2.35196947       1.48026817       0.05320471       0.81849658
134          2.42603798       1.59473653       0.03083321       0.80046825
135          2.41933785       1.61440563       0.01780302       0.78712920
136          2.45259041       1.66233763       0.01292103       0.77733174
137         13.98785580      13.74159648       0.14873475       0.09752456
138         14.00352731      13.70107219       0.15783584       0.14461927
139         14.31106864      13.93248864       0.17587543       0.20270457
140         14.93174984      14.47467854       0.17878956       0.27828174
141         15.59745800      15.05557116       0.17600866       0.36587818
142         16.13368021      15.52359551       0.16707443       0.44301027
143         16.63380550      15.98680272       0.16219376       0.48480901
144         17.09995220      16.41821242       0.16671336       0.51502643
145         17.50424267      16.76939232       0.17775130       0.55709905
146         17.88495439      17.09881540       0.16686145       0.61927754
147         18.32325697      17.48261700       0.15004499       0.69059499
148         18.71369773      17.80093442       0.14741716       0.76534615
149         18.91173682      17.92308506       0.15471190       0.83393987
150         19.09396490      18.03481294       0.16750751       0.89164445
151         19.50319381      18.40741829       0.17991820       0.91585733
152         20.10283895      19.00776562       0.18766643       0.90740690
153         20.49732674      19.38986833       0.18604434       0.92141408
154         20.49767023      19.38000642       0.16478821       0.95287560
155         20.29283919      19.21923058       0.13626754       0.93734107
156         20.08268468      19.12031849       0.11343581       0.84893038
157         19.83353143      18.98843391       0.09270211       0.75239541
158         19.63979541      18.86792507       0.08260529       0.68926505
159         19.73519179      18.99157759       0.08234343       0.66127077
160         19.94371776      19.20519592       0.09145661       0.64706523
161         20.05588910      19.32553748       0.09837920       0.63197242
162         20.01766791      19.29339756       0.09946448       0.62480587
163         19.77853723      19.05409181       0.10717313       0.61727229
164         19.56648382      18.83338354       0.13476900       0.59833129
165         19.57290152      18.83256108       0.16565089       0.57468955
166         19.80678419      19.04808966       0.19790929       0.56078523
167         19.98104582      19.15422080       0.24619355       0.58063147
168         19.90835911      18.97891642       0.30948201       0.61996068
169         19.71107770      18.67008823       0.36800233       0.67298713
170         19.49593438      18.38590898       0.39587278       0.71415262
171         19.39856068      18.27341515       0.41102065       0.71412488
172         19.31691795      18.20014956       0.41003338       0.70673501
173         19.15850059      18.04307372       0.40700034       0.70842654
174         19.11023910      18.01295174       0.39029456       0.70699280
175         19.13622591      18.04254913       0.37330073       0.72037605
176         19.38363149      18.27390632       0.39373513       0.71599005
177         19.62686391      18.52309504       0.41289897       0.69086990
178         19.84400666      18.71555228       0.43465936       0.69379502
179         20.31735324      19.12378863       0.46993401       0.72363060
180         20.77172975      19.48443348       0.52860365       0.75869262
181         20.88323479      19.48894417       0.62125757       0.77303305
182         20.71317489      19.24947997       0.72795642       0.73573851
183         20.65699795      19.10102821       0.83793501       0.71803473
184         20.77559618      19.10470824       0.90448874       0.76639920
185         20.88065299      19.09022759       0.91118453       0.87924088
186         20.77579755      18.91922703       0.89410677       0.96246375
187         20.78493840      18.89379028       0.91473983       0.97640829
188         20.98382301      19.07393338       0.97626452       0.93362511
189         21.38372786      19.48505155       1.03865394       0.86002237
190         21.98224909      20.08347665       1.10834303       0.79042941
191         22.62339209      20.66212708       1.18628162       0.77498339
192         23.29974986      21.20194204       1.26289623       0.83491160
193         23.74675894      21.53868357       1.25714084       0.95093453
194         23.86850793      21.67760352       1.12639259       1.06451182
195         23.92092132      21.87083729       0.94351525       1.10656878
196         23.82628067      21.96375681       0.79065726       1.07186661
197         23.52089591      21.81345461       0.65765487       1.04978643
198         23.41298760      21.75085200       0.55153664       1.11059896
199         23.39912917      21.69728866       0.45368008       1.24816042
200         23.31899078      21.52387546       0.38612569       1.40898963
201         23.11501253      21.15919206       0.37271817       1.58310229
202         22.75265537      20.59507272       0.39356647       1.76401618
203         22.21007809      19.82873912       0.43092953       1.95040944
204         21.74274594      19.08747053       0.50098829       2.15428713
205         21.52410920      18.57286462       0.59046573       2.36077884
206         21.24746358      18.12387760       0.64121671       2.48236927
207         20.64710792      17.54756659       0.62046907       2.47907226
208         20.00228957      16.93730774       0.58533383       2.47964800
209         19.55024343      16.44591488       0.57174849       2.53258006
210         19.35971298      16.06902637       0.61868894       2.67199768
211         19.25595448      15.67684393       0.69785563       2.88125492
212         18.97813786      15.12075041       0.77753872       3.07984873
213         18.56702258      14.53413833       0.82247673       3.21040752
214         17.95399711      13.90589266       0.82367198       3.22443247
215         17.10715914      13.12199338       0.80969558       3.17547018
216         16.37621897      12.36891163       0.81645223       3.19085511
217         15.93385646      11.83474988       0.81396399       3.28514258
218         15.65624349      11.48120583       0.75624568       3.41879198
219         15.52599781      11.34951948       0.66357500       3.51290333
220         15.63082123      11.40042304       0.60926005       3.62113813
221         15.79151653      11.47989531       0.56798974       3.74363148
222         15.75397683      11.45977159       0.49796263       3.79624261
223         15.45501763      11.35052472       0.42049029       3.68400262
224         14.93114639      11.20166993       0.36668120       3.36279526
225         14.47406457      11.06286059       0.36974601       3.04145797
226         14.25095120      11.00670710       0.38043645       2.86380764
227         14.13416288      10.96845965       0.37011027       2.79559296
228         13.86262491      10.76428283       0.36321841       2.73512367
229         13.53899585      10.46347080       0.39128168       2.68424338
230         13.44967013      10.26583855       0.40088272       2.78294886
231         13.55031351      10.20689668       0.35145503       2.99196179
232         13.70873703      10.16222307       0.27345160       3.27306237
233         13.82349465      10.08901916       0.21617705       3.51829843
234         13.80855746       9.93737407       0.19374767       3.67743572
235         13.65147912       9.75496510       0.17062792       3.72588610
236         13.64590743       9.64478186       0.15264109       3.84848448
237         14.00332968       9.69193784       0.14829871       4.16309313
238         14.31974021       9.70496692       0.16692485       4.44784844
239         14.37628052       9.66558428       0.19296231       4.51773393
240         14.37834785       9.74493435       0.21246820       4.42094530
241         14.47905559       9.90150301       0.21644183       4.36111074
242         14.48030234       9.95067328       0.20403282       4.32559624
243         14.54802311       9.95865651       0.18027388       4.40909272
244         14.55100613       9.89731424       0.14519307       4.50849882
245         14.32411211       9.68180738       0.12218220       4.52012253
246         13.98221049       9.38361586       0.12081279       4.47778183
247         13.74310543       9.15628111       0.14617514       4.44064919
248         13.47239399       8.87753288       0.17455809       4.42030302
249         12.94050129       8.40902685       0.20169337       4.32978108
250         12.49418305       8.00891647       0.21641179       4.26885479
251         12.26904258       7.77433221       0.20570681       4.28900356
252         12.16871570       7.61100757       0.17316144       4.38454670
253         12.11186983       7.48558454       0.13215211       4.49413318
254         12.18013467       7.46128837       0.09584129       4.62300501
255         12.31542247       7.49636878       0.07060578       4.74844792
256         12.32071363       7.44135161       0.06272723       4.81663479
257         12.07233950       7.19908952       0.06791157       4.80533840
258         11.66954311       6.87794600       0.06874911       4.72284801
259         11.21658927       6.59328588       0.05247711       4.57082627
260         10.79219887       6.35220339       0.03416136       4.40583412
261         10.68499898       6.23003752       0.02800412       4.42695735
262         10.80261113       6.19913481       0.03677159       4.56670472
263         11.03187264       6.30321238       0.05075017       4.67791009
264         11.14548022       6.41913018       0.06688847       4.65946157
265         11.18815198       6.56931885       0.07872448       4.54010865
266         11.15425855       6.73256902       0.07533130       4.34635823
267         11.14320966       6.88162435       0.05778317       4.20380214
268         11.24743671       7.03024803       0.04264151       4.17454716
269         11.55900806       7.22065587       0.03192442       4.30642777
270         12.00054486       7.48624480       0.02402870       4.49027136
271         12.39357873       7.74638966       0.02444367       4.62274540
272         12.53379690       7.88508095       0.02969709       4.61901886
273         12.25853430       7.86648154       0.03165632       4.36039644
274         11.89653208       7.81365955       0.03163743       4.05123510
275         11.72554477       7.82799943       0.04008334       3.85746200
276         11.59216341       7.88917077       0.05210194       3.65089070
277         11.42288593       7.94226223       0.06859984       3.41202386
278         11.21716888       7.91392005       0.09264644       3.21060239
279         11.09939911       7.90559048       0.11744972       3.07635891
280         11.17437539       7.96594712       0.15082991       3.05759836
281         11.22862839       7.89666488       0.19405018       3.13791333
282         11.12836531       7.67259248       0.23276514       3.22300769
283         11.12292143       7.48037608       0.26229553       3.38024981
284         11.27729064       7.32775588       0.30165257       3.64788219
285         11.28133217       7.01921751       0.32677962       3.93533504
286         10.99433166       6.58102719       0.33291784       4.08038663
287         10.58248824       6.13046656       0.34045102       4.11157066
288         10.35276091       5.85549781       0.37569553       4.12156757
289         10.35524734       5.77300573       0.43113927       4.15110234
290         10.28787941       5.67199546       0.45345253       4.16243142
291         10.01241980       5.46841846       0.43376878       4.11023256
292          9.67229602       5.31241585       0.40239260       3.95748756
293          9.40785192       5.28727526       0.40463561       3.71594105
294          9.22901397       5.31926015       0.41543795       3.49431588
295          8.97232057       5.25486724       0.38843775       3.32901558
296          8.65269498       5.07080419       0.31370732       3.26818347
297          8.48102009       4.87358964       0.26592264       3.34150781
298          8.63107141       4.84939239       0.26789866       3.51378035
299          8.91859905       4.92287956       0.32015237       3.67556711
300          9.19656256       5.01802668       0.40465859       3.77387729
301          9.42368452       5.10032042       0.51769488       3.80566922
302          9.58902578       5.18781707       0.65456104       3.74664766
303          9.68333378       5.29348112       0.78534583       3.60450684
304          9.65718674       5.37268095       0.89454061       3.38996519
305          9.52260109       5.40188867       0.93816802       3.18254439
306          9.35345291       5.37112672       0.91068255       3.07164363
307          9.34014019       5.44038579       0.86469314       3.03506126
308          9.52907783       5.69857020       0.84273893       2.98776870
309          9.75344908       6.02630693       0.84066809       2.88647405
310         10.00521218       6.36512755       0.86356580       2.77651883
311         10.27739678       6.69304253       0.88049642       2.70385782
312         10.56524188       7.03433925       0.90820128       2.62270135
313         10.88442940       7.35798110       0.95483146       2.57161683
314         11.14151462       7.60170551       0.98033769       2.55947142
315         11.16551263       7.69283555       0.92791791       2.54475917
316         11.10769834       7.74385212       0.80490579       2.55894043
317         11.24521363       7.98121527       0.66463876       2.59935961
318         11.36205713       8.24314866       0.53869777       2.58021071
319         11.37524093       8.41545457       0.45316112       2.50662524
320         11.38059902       8.54081576       0.41282856       2.42695470
321         11.63340120       8.81919233       0.43049785       2.38371101
322         12.16236687       9.21437354       0.51174120       2.43625213
323         12.75328648       9.57603268       0.62439371       2.55286009
324         13.14035072       9.81498847       0.68977809       2.63558416
325         13.26859697       9.92033789       0.65718222       2.69107686
326         13.19327998       9.88976226       0.56734894       2.73616878
327         12.98959193       9.77528420       0.47804374       2.73626400
328         12.74055492       9.61194026       0.40732691       2.72128775
329         12.39960843       9.34118498       0.35842475       2.69999871
330         11.97096234       9.01983215       0.31393269       2.63719749
331         11.51369970       8.72762071       0.26528569       2.52079329
332         11.17349929       8.57466306       0.20457689       2.39425934
333         10.98609783       8.52207906       0.13931667       2.32470210
334         10.81879022       8.44890297       0.10259681       2.26729044
335         10.75264967       8.43433727       0.09839059       2.21992180
336         10.83155331       8.51206165       0.11894721       2.20054445
337         11.03547022       8.63765622       0.15867570       2.23913829
338         11.23199792       8.68542635       0.21783335       2.32873823
339         11.32769254       8.66026919       0.28827329       2.37915006
340         11.22072358       8.53240329       0.34720360       2.34111668
341         10.96089161       8.26556767       0.38568682       2.30963711
342         10.60417654       7.83310663       0.40275805       2.36831185
343         10.26548308       7.38832795       0.40050677       2.47664837
344         10.11956320       7.13929943       0.38848363       2.59178014
345         10.08577054       7.07104176       0.36686849       2.64786029
346         10.11414327       7.09916975       0.34734302       2.66763051
347         10.29324043       7.29086759       0.33430257       2.66807027
348         10.52427908       7.51281798       0.32091678       2.69054433
349         10.56088576       7.51895030       0.30056347       2.74137199
350         10.28796528       7.22947094       0.26339694       2.79509740
351          9.91960214       6.84054345       0.23009968       2.84895901
352          9.64466978       6.51154065       0.20290567       2.93022346
353          9.35492255       6.14397694       0.18302408       3.02792153
354          9.05698382       5.76008678       0.16647964       3.13041739
355          8.93060270       5.54606141       0.15762934       3.22691194
356          8.89218675       5.48120793       0.15462904       3.25634978
357          8.72553507       5.34296984       0.15247100       3.23009423
358          8.33182945       4.98761084       0.14126142       3.20295719
359          7.84901164       4.53954844       0.13062264       3.17884056
360          7.41007712       4.13886710       0.12117830       3.15003172
361          7.17493104       3.86458867       0.11036985       3.19997252
362          7.08742760       3.66151593       0.09726570       3.32864597
363          7.16333892       3.51197011       0.08023268       3.57113613
364          7.20058878       3.31893746       0.06564331       3.81600800
365          7.16844295       3.05159309       0.05440306       4.06244680
366          7.14278259       2.82196839       0.04714296       4.27367124
367          7.08970081       2.65481574       0.04559229       4.38929279
368          6.98493440       2.47711330       0.05318540       4.45463569
369          6.91948350       2.25063001       0.06168625       4.60716724
370          7.09668740       2.05389946       0.07012445       4.97266349
371          7.45746781       1.89593196       0.07256672       5.48896913
372          7.82652832       1.74443759       0.06507557       6.01701517
373          7.99265546       1.59777139       0.04605731       6.34882676
374          7.97645654       1.49753885       0.01980614       6.45911154
375          7.84027464       1.44064106       0.00296385       6.39666973
376          7.69776239       1.39030159       0.00012876       6.30733203
377          7.60092349       1.31117894       0.00319723       6.28654732
378          7.54936860       1.18637041       0.00981697       6.35318123
379          7.45544314       1.03300558       0.02062951       6.40180805
380          7.21645666       0.88204143       0.03280050       6.30161473
381          6.79219106       0.72750386       0.04075324       6.02393396
382          6.33947524       0.61898115       0.03434175       5.68615234
383          5.92066283       0.58649303       0.02223201       5.31193779
384          5.46664717       0.58845703       0.01321352       4.86497662
385          5.10804810       0.57183383       0.01303526       4.52317900
386          4.99525259       0.53753862       0.02024474       4.43746923
387          5.08072171       0.50664216       0.02133947       4.55274009
388          5.13540183       0.50246886       0.01012749       4.62280548
389          5.06089413       0.50073505       0.00035361       4.55980546
390          4.74280298       0.45688319       0.00457234       4.28134746
391          4.35437359       0.38056848       0.02410534       3.94969977
392          4.17042587       0.31824248       0.06594068       3.78624271
393          4.27692961       0.29926554       0.13294029       3.84472378
394          4.60720270       0.30431151       0.20887600       4.09401519
395          4.91605084       0.30887429       0.26647556       4.34070098
396          5.11094054       0.29772230       0.28643631       4.52678193
397          5.21786442       0.29044241       0.27327990       4.65414211
398          5.19373771       0.29983784       0.25143883       4.64246103
399          4.96902963       0.31306071       0.26487721       4.39109171
400          4.66341862       0.30942207       0.32429947       4.02969708
401          4.32548335       0.28504153       0.38100532       3.65943651
402          4.03774282       0.23442438       0.43886677       3.36445168
403          3.83156318       0.18196053       0.53316483       3.11643781
404          3.79736443       0.13749652       0.66290044       2.99696747
405          3.95606488       0.10536063       0.78031146       3.07039278
406          4.36196963       0.09766496       0.89287246       3.37143221
407          4.86489269       0.10183567       1.00607606       3.75698096
408          5.24993327       0.10320284       1.10539957       4.04133086
409          5.32829536       0.09849901       1.15150843       4.07828792
410          5.07145296       0.08932129       1.11783772       3.86429396
411          4.69743032       0.07302813       1.07022735       3.55417484
412          4.37874610       0.05452281       1.06483577       3.25938752
413          4.20512318       0.04230926       1.12086699       3.04194694
414          4.11786048       0.03706693       1.17770410       2.90308945
415          4.06803141       0.03763094       1.14986439       2.88053607
416          4.08910392       0.04235121       1.06810129       2.97865142
417          4.18714379       0.05379873       1.02323963       3.11010543
418          4.25342757       0.07925411       0.99221186       3.18196160
419          4.27390099       0.11500332       0.95000576       3.20889190
420          4.28796737       0.14816100       0.90289724       3.23690913
421          4.20957766       0.17137762       0.81544472       3.22275532
422          3.98149959       0.20157928       0.68911507       3.09080524
423          3.70648930       0.24201664       0.59806224       2.86641041
424          3.52408349       0.28426886       0.59250835       2.64730628
425          3.55771747       0.33947541       0.65636248       2.56187958
426          3.83194019       0.41183794       0.74384062       2.67626163
427          4.14352146       0.46419683       0.80626895       2.87305568
428          4.32930644       0.50219972       0.78342913       3.04367759
429          4.30513202       0.55015400       0.68447582       3.07050220
430          4.14624053       0.60433652       0.56063158       2.98127243
431          3.96837110       0.68238183       0.48298530       2.80300397
432          3.75029148       0.76775981       0.47180582       2.51072585
433          3.49045876       0.79137985       0.51683428       2.18224464
434          3.28292631       0.71025111       0.59763498       1.97504021
435          3.35331512       0.62681956       0.68923000       2.03726556
436          3.61868021       0.58386958       0.73881994       2.29599068
437          3.91250129       0.55214583       0.78318985       2.57716561
438          4.10306290       0.54061186       0.81902840       2.74342264
439          4.13121927       0.54479952       0.80481841       2.78160134
440          3.97761233       0.52696847       0.75055047       2.70009339
441          3.68350761       0.48508166       0.68559544       2.51283051
442          3.33994628       0.45322274       0.65389060       2.23283294
443          3.03208081       0.42834188       0.66649089       1.93724804
444          2.81328150       0.39925343       0.73120940       1.68281867
445          2.62713612       0.36702108       0.81153164       1.44858339
446          2.43166428       0.33720462       0.87238206       1.22207761
447          2.34839345       0.30914509       0.98217404       1.05707433
448          2.37370898       0.29167874       1.12442939       0.95760085
449          2.33352165       0.26694030       1.13706440       0.92951694
450          2.23954498       0.23417681       1.06140480       0.94396336
451          2.16327336       0.22852500       0.98298667       0.95176170
452          2.13918566       0.21981863       0.94547347       0.97389357
453          2.21439096       0.22996118       1.00256835       0.98186143
454          2.18346598       0.25146599       1.00260301       0.92939697
455          2.00648456       0.25842208       0.91051493       0.83754755
456          1.76228974       0.26611774       0.74130845       0.75486355
457          1.52675652       0.25621079       0.57498584       0.69555989
458          1.40407031       0.26421443       0.45883421       0.68102167
459          1.36705637       0.31965972       0.40123422       0.64616243
460          1.41922271       0.38780376       0.45498631       0.57643264
461          1.59733110       0.44495889       0.63340466       0.51896754
462          1.88209872       0.50586833       0.88698782       0.48924257
463          2.19300751       0.61713630       1.10282378       0.47304744
464          2.35995610       0.76647292       1.16407242       0.42941076
465          2.39964181       0.90219958       1.14957310       0.34786912
466          2.41266169       1.00516473       1.14387607       0.26362089
467          2.44220764       1.07869565       1.16397498       0.19953701
468          2.45707006       1.11112131       1.17946492       0.16648384
469          2.41542444       1.13382202       1.14754494       0.13405748
470          2.28902722       1.17849907       1.01828931       0.09223884
471          2.21267287       1.25212642       0.90605368       0.05449277
472          2.30704521       1.31289036       0.95938748       0.03476737
473          2.51190549       1.36239128       1.12816755       0.02134666
474          2.68901433       1.39770435       1.28235397       0.00895601
475          2.77426124       1.37151589       1.39907162       0.00367373
476          2.81053685       1.31030331       1.49852606       0.00170747
477          2.85166257       1.26052858       1.58948149       0.00165251
478          2.92958189       1.26562995       1.66138192       0.00257002
479          3.04843555       1.30222442       1.74314430       0.00306683
480          3.21273286       1.36781649       1.84098876       0.00392760
481          3.40088392       1.44017425       1.95360205       0.00710762
482          3.47722846       1.47651630       1.98143444       0.01927773
483          3.39500086       1.46945085       1.89390060       0.03164941
484          3.27646174       1.44599723       1.79575413       0.03471038
485          3.20422922       1.41895370       1.75831599       0.02695953
486          3.19494169       1.41131038       1.76829783       0.01533349
487          3.23063041       1.40950529       1.81428664       0.00683848
488          3.20168229       1.38932919       1.81185978       0.00049332
489          3.10895431       1.39132249       1.71391889       0.00371293
490          3.07975896       1.43544440       1.62561291       0.01870165
491          3.09106596       1.46327775       1.60188544       0.02590277
492          3.09815103       1.44543062       1.62906350       0.02365690
493          3.01555153       1.38403667       1.61250678       0.01900808
494          2.86293397       1.31430755       1.53191394       0.01671249
495          2.75940969       1.29056836       1.45130809       0.01753323
496          2.78526607       1.34273408       1.42071088       0.02182112
497          2.92749335       1.45552708       1.44837439       0.02359188
498          3.10850700       1.55377262       1.53480423       0.01993015
499          3.26206784       1.56937938       1.68100521       0.01168325
500          3.35826818       1.52281968       1.82912492       0.00632358
501          3.44514904       1.50553572       1.93463249       0.00498082
502          3.55717884       1.54440793       2.00714758       0.00562334
503          3.64316794       1.57573089       2.06276704       0.00467001
504          3.69046525       1.59392645       2.09441592       0.00212289
505          3.72559018       1.63387250       2.09084769       0.00086999
506          3.80197013       1.71235442       2.08930668       0.00030902
507          3.86173449       1.82947736       2.03224908       0.00000804
508          3.89281234       1.94986521       1.94282309       0.00012404
509          3.98879940       2.08620236       1.90221669       0.00038035
510          4.14329598       2.22738730       1.91538337       0.00052531
511          4.30454112       2.39291582       1.91132793       0.00029737
512          4.45790857       2.55696484       1.90094290       0.00000083
513          4.60456483       2.71148023       1.89203684       0.00104776
514          4.68534660       2.79935506       1.88043402       0.00555753
515          4.59490984       2.79636337       1.78592292       0.01262354
516          4.38527099       2.73757230       1.63236055       0.01533814
517          4.14885037       2.66888473       1.46777019       0.01219545
518          3.93471041       2.59385642       1.33255814       0.00829586
519          3.77437094       2.47854984       1.29247185       0.00334926
520          3.75645272       2.37362242       1.38263658       0.00019372
521          3.88219177       2.31514979       1.56485806       0.00218391
522          3.97755388       2.26598990       1.69733865       0.01422533
523          3.95302869       2.19236322       1.72492111       0.03574436
524          3.85740578       2.13242682       1.66638148       0.05859748
525          3.78384598       2.12513072       1.58392643       0.07478883
526          3.77684053       2.18070397       1.51221263       0.08392393
527          3.86163556       2.26993486       1.50625289       0.08544780
528          4.03678867       2.40116694       1.55817902       0.07744272
529          4.34018878       2.64009957       1.63626440       0.06382481
530          4.69424373       2.95812257       1.69164214       0.04447902
531          5.03517970       3.26488056       1.74362665       0.02667248
532          5.37563186       3.54378724       1.81394722       0.01789740
533          5.61486026       3.73027579       1.87263603       0.01194844
534          5.57479633       3.69985683       1.87070105       0.00423845
535          5.36140666       3.53139745       1.82963205       0.00037717
536          5.13095612       3.32420793       1.80665003       0.00009817
537          5.02467598       3.21426232       1.81041250       0.00000116
538          5.08136646       3.24623557       1.83374985       0.00138105
539          5.22533020       3.38306896       1.83664697       0.00561427
540          5.44646077       3.54517647       1.89217285       0.00911145
541          5.72236608       3.69976969       2.01043213       0.01216426
542          6.02871516       3.85891333       2.14529231       0.02450952
543          6.28704350       3.93264456       2.29482775       0.05957119
544          6.46059530       3.93021549       2.41618199       0.11419781
545          6.53900556       3.91271108       2.46483996       0.16145452
546          6.53064892       3.86942588       2.47977785       0.18144519
547          6.46160779       3.78619457       2.50957843       0.16583478
548          6.42007785       3.74048744       2.54858360       0.13100681
549          6.41867768       3.75259553       2.58412219       0.08195996
550          6.44224342       3.74829928       2.65191246       0.04203168
551          6.43293015       3.65577945       2.76123572       0.01591498
552          6.27030883       3.40124692       2.86336313       0.00569878
553          5.94052681       3.01983644       2.91856233       0.00212804
554          5.57024176       2.61986965       2.95032935       0.00004275
555          5.36700183       2.38418709       2.97945515       0.00335959
556          5.24435619       2.26466472       2.96101549       0.01867598
557          5.19832038       2.19956633       2.95915716       0.03959689
558          5.12848350       2.09744260       2.97585729       0.05518361
559          4.96923617       1.88815282       3.03544217       0.04564118
560          4.84698095       1.69099948       3.13115594       0.02482553
561          4.78690153       1.60374609       3.17611455       0.00704089
562          4.71813956       1.60181593       3.11623809       0.00008555
563          4.55251439       1.57452312       2.97580737       0.00218390
564          4.30845020       1.49342556       2.80807686       0.00694778
565          4.09658297       1.37608750       2.71247718       0.00801830
566          4.02489012       1.30537110       2.71631410       0.00320492
567          4.12550432       1.29875262       2.82661521       0.00013649
568          4.32183203       1.30815434       3.00810715       0.00557055
569          4.51851859       1.31224045       3.19050040       0.01577774
570          4.63117829       1.30111660       3.30187952       0.02818218
571          4.75532862       1.27580619       3.43735282       0.04216961
572          4.92527348       1.25309196       3.62144577       0.05073576
573          4.99389304       1.25607088       3.69258964       0.04523251
574          4.86784326       1.24120932       3.59852963       0.02810432
575          4.69367647       1.16573227       3.51434269       0.01360151
576          4.62462239       1.10023237       3.51717557       0.00721445
577          4.66213768       1.14659951       3.51004519       0.00549298
578          4.80978402       1.29062517       3.51271526       0.00644358
579          4.96451232       1.39491872       3.56113969       0.00845392
580          4.93934183       1.39141051       3.53605309       0.01187823
581          4.76520970       1.32429919       3.42341751       0.01749300
582          4.61542358       1.23068123       3.35574213       0.02900022
583          4.67346925       1.14250540       3.49082028       0.04014357
584          4.87985700       1.04996627       3.79189893       0.03799180
585          4.96313943       0.92591844       4.01211696       0.02510402
586          4.82180516       0.77453266       4.02965986       0.01761264
587          4.70567372       0.64884559       4.03690429       0.01992384
588          4.79632564       0.58030945       4.18642569       0.02959050
589          5.01044589       0.57079137       4.40204992       0.03760459
590          5.11976998       0.59384967       4.48901253       0.03690778
591          5.04491604       0.60239720       4.41612921       0.02638963
592          4.87568126       0.59476048       4.26785051       0.01307027
593          4.68122833       0.57818415       4.10154837       0.00149581
594          4.46120358       0.55352186       3.90574015       0.00194157
595          4.23460049       0.53413693       3.69021599       0.01024758
596          4.03186923       0.50612495       3.51336400       0.01238028
597          3.86952693       0.46103242       3.40132346       0.00717106
598          3.72884765       0.40169213       3.32616145       0.00099406
599          3.62773994       0.38328319       3.24374062       0.00071614
600          3.59488851       0.42467729       3.16642807       0.00378315
601          3.65967455       0.49242084       3.16357544       0.00367827
602          3.77466213       0.53533225       3.23923994       0.00008994
603          3.92690912       0.56796844       3.35430958       0.00463110
604          4.10176560       0.59717910       3.48039747       0.02418903
605          4.24286430       0.61896771       3.57072145       0.05317513
606          4.32137594       0.61065040       3.62862207       0.08210348
607          4.27690729       0.57049294       3.61090183       0.09551252
608          4.11639990       0.51178093       3.50950557       0.09511340
609          3.90378522       0.45989475       3.35522769       0.08866279
610          3.67011757       0.43204301       3.16530768       0.07276687
611          3.50741672       0.43915770       3.01461348       0.05364554
612          3.43059297       0.47658022       2.91940031       0.03461243
613          3.49560084       0.54170798       2.93716748       0.01672538
614          3.69615588       0.62328720       3.06545545       0.00741324
615          3.99255592       0.69923967       3.28879197       0.00452428
616          4.29787823       0.75845216       3.53616896       0.00325710
617          4.48088433       0.75191194       3.72569613       0.00327626
618          4.49461217       0.68049817       3.81036596       0.00374805
619          4.46384611       0.59352826       3.86698853       0.00332933
620          4.50572602       0.54437093       3.95951771       0.00183738
621          4.58481595       0.53585628       4.04814851       0.00081116
622          4.68142688       0.55264787       4.12837862       0.00040039
623          4.76796256       0.60236340       4.16504276       0.00055639
624          4.82439516       0.68922666       4.13481691       0.00035160
625          4.85751475       0.80766850       4.04976950       0.00007675
626          4.90518503       0.90262352       4.00218550       0.00037601
627          4.99152312       0.95949479       4.02846843       0.00355990
628          5.13438060       0.97364176       4.14608413       0.01465471
629          5.28293818       0.97021141       4.28211895       0.03060782
630          5.43240056       0.94258805       4.44239406       0.04741845
631          5.60674614       0.90892063       4.63386706       0.06395845
632          5.86126997       0.87518878       4.89448668       0.09159450
633          6.07465187       0.82974264       5.09798276       0.14692647
634          6.15010538       0.76727073       5.14931697       0.23351768
635          6.12208220       0.69551322       5.08328537       0.34328361
636          6.04779554       0.66401260       4.93017194       0.45361101
637          5.93801455       0.63481847       4.75793785       0.54525823
638          5.64012053       0.59957905       4.44789100       0.59265048
639          5.32686734       0.58513724       4.15486758       0.58686251
640          5.12985933       0.59696466       3.93805998       0.59483469
641          5.08340054       0.58823238       3.82542417       0.66974399
642          5.01324275       0.54261425       3.67364444       0.79698406
643          4.81030353       0.47836018       3.44581602       0.88612734
644          4.56955422       0.41366842       3.23495768       0.92092812
645          4.38832180       0.35001577       3.10030001       0.93800602
646          4.25463943       0.28638460       3.03386571       0.93438912
647          4.21043200       0.24528491       3.02628108       0.93886600
648          4.28193928       0.21903753       3.08349006       0.97941169
649          4.39914484       0.20480287       3.15411949       1.04022249
650          4.45783883       0.17610166       3.19013324       1.09160393
651          4.40334290       0.14214758       3.13240626       1.12878906
652          4.23984903       0.10420177       2.99022076       1.14542650
653          4.00638295       0.06820334       2.80748848       1.13069113
654          3.78089607       0.05175964       2.67793944       1.05119699
655          3.61033168       0.06131597       2.64191557       0.90710014
656          3.49975029       0.07768803       2.69608476       0.72597750
657          3.39008709       0.07743156       2.75391390       0.55874163
658          3.23687562       0.05852007       2.76512031       0.41323524
659          3.14392633       0.03137899       2.78912365       0.32342369
660          3.22457478       0.01068424       2.91961150       0.29427904
661          3.45519018       0.00110573       3.15911432       0.29497012
662          3.70312237       0.00031726       3.41418764       0.28861747
663          3.92447729       0.00258104       3.65662155       0.26527470
664          4.03715128       0.00316202       3.82317334       0.21081592
665          4.05204860       0.00078815       3.91538753       0.13587293
666          3.99341078       0.00021262       3.92399175       0.06920641
667          3.98445954       0.00134033       3.95268790       0.03043131
668          4.20361157       0.00048604       4.18795633       0.01516920
669          4.60603887       0.00056680       4.59557853       0.00989355
670          4.93391289       0.00495612       4.92000461       0.00895215
671          5.06301398       0.00556456       5.05309694       0.00435249
672          5.07636426       0.00135334       5.07497695       0.00003397
673          5.05636412       0.00058519       5.05160848       0.00417045
674          5.03568721       0.00408812       5.01499195       0.01660714
675          5.02599283       0.00435323       4.99047604       0.03116356
676          4.99301505       0.00194652       4.95523952       0.03582901
677          4.88936054       0.00055053       4.85672413       0.03208589
678          4.79287345       0.00000803       4.76857486       0.02429055
679          4.74886585       0.00107883       4.73050581       0.01728121
680          4.81238428       0.00684036       4.79048832       0.01505560
681          4.94696936       0.01465831       4.90908254       0.02322851
682          5.05099443       0.01317704       4.97540438       0.06241301
683          4.98266610       0.00490572       4.83606175       0.14169863
684          4.84586506       0.00001999       4.62355098       0.22229409
685          4.77356893       0.00264094       4.51317984       0.25774815
686          4.81337934       0.00602316       4.56557599       0.24178019
687          4.96837784       0.00604449       4.75797044       0.20436291
688          5.13801563       0.00227184       4.95199658       0.18374720
689          5.37383134       0.00016609       5.17866626       0.19499899
690          5.64944080       0.00526665       5.41092172       0.23325244
691          5.89226186       0.01234220       5.60972096       0.27019870
692          6.09835944       0.01887714       5.79818501       0.28129729
693          6.31291581       0.02549329       6.01078596       0.27663656
694          6.43024297       0.03378395       6.11601389       0.28044513
695          6.43729258       0.04117516       6.09002652       0.30609090
696          6.47685872       0.04521091       6.10452457       0.32712323
697          6.55714274       0.04064279       6.19113048       0.32536946
698          6.57999476       0.02391058       6.23999526       0.31608892
699          6.68485306       0.00802457       6.35777344       0.31905505
700          6.85112496       0.00052817       6.52354461       0.32705219
701          7.00868857       0.00014963       6.65885850       0.34968044
702          7.03584624       0.00012329       6.66096093       0.37476201
703          6.86881931       0.00492777       6.48723569       0.37665585
704          6.72756556       0.01682042       6.35007946       0.36066567
705          6.73100946       0.02836711       6.35607646       0.34656589
706          6.79624811       0.02605267       6.42637563       0.34381981
707          6.87042105       0.01571020       6.52610746       0.32860339
708          6.97008694       0.00417879       6.65476227       0.31114588
709          7.12814636       0.00000034       6.82000396       0.30814206
710          7.28517091       0.00380909       6.95858426       0.32277757
711          7.29077700       0.01201356       6.94288330       0.33588014
712          7.21847303       0.02125494       6.87046496       0.32675313
713          7.26887051       0.02677273       6.93565803       0.30643974
714          7.41440758       0.03094249       7.10871320       0.27475189
715          7.59020388       0.03313745       7.30339972       0.25366671
716          7.73500819       0.02947125       7.47696480       0.22857214
717          7.90078300       0.02427983       7.65976441       0.21673876
718          8.15229257       0.02565528       7.91036550       0.21627178
719          8.50535320       0.03799783       8.22567317       0.24168220
720          8.79290006       0.05161867       8.45915615       0.28212524
721          8.91598044       0.04652337       8.55362354       0.31583354
722          9.00107297       0.02512169       8.63566923       0.34028206
723          9.21043175       0.01100728       8.83714107       0.36228339
724          9.62818068       0.00767241       9.22793472       0.39257355
725         10.11820122       0.00616550       9.71443513       0.39760059
726         10.56852159       0.00218998      10.18077586       0.38555574
727         10.79923088       0.00016300      10.43705122       0.36201666
728         10.79815404       0.00006822      10.43818133       0.35990449
729         10.67922972       0.00081694      10.29653394       0.38187884
730         10.46537097       0.00143434      10.04688962       0.41704701
731         10.21785666       0.00017959       9.78612637       0.43155071
732         10.05090830       0.00059143       9.61920499       0.43111189
733         10.10234774       0.00297452       9.66721014       0.43216308
734         10.29813395       0.00595142       9.87302304       0.41915949
735         10.47950099       0.00972580      10.07641076       0.39336444
736         10.55580287       0.01687039      10.17909193       0.35984055
737         10.51432883       0.02588982      10.17162735       0.31681166
738         10.57074224       0.03351889      10.26186305       0.27536030
739         10.86060493       0.03253687      10.57088374       0.25718433
740         11.32333370       0.02582910      11.03358679       0.26391781
741         11.70669144       0.01683529      11.40025942       0.28959673
742         11.94041028       0.01090183      11.62011133       0.30939712
743         12.00444550       0.00892893      11.67659982       0.31891675
744         12.07979623       0.00886504      11.76405411       0.30687709
745         12.18627984       0.01039887      11.89780391       0.27807707
746         12.33417236       0.01528096      12.07945809       0.23943331
747         12.63195974       0.02033603      12.40544109       0.20618263
748         13.08682753       0.02590190      12.88996148       0.17096416
749         13.72902317       0.03137079      13.55113751       0.14651487
750         14.31977856       0.03687460      14.15229323       0.13061073
751         14.95918189       0.04638706      14.78851569       0.12427914
752         15.78194967       0.06250838      15.58453220       0.13490909
753         16.45895551       0.08900581      16.21451930       0.15543041
754         16.88829415       0.11938060      16.58959318       0.17932037
755         16.96946146       0.15857528      16.62373826       0.18714792
756         17.10238840       0.20216649      16.71964172       0.18058019
757         17.57772323       0.22602958      17.18191188       0.16978177
758         18.20069364       0.25198094      17.78729512       0.16141759
759         18.60526980       0.28994236      18.16934256       0.14598487
760         18.67367955       0.32006360      18.22259240       0.13102355
761         18.65159919       0.31943636      18.20680939       0.12535344
762         18.71589224       0.30411484      18.28729274       0.12448467
763         18.89513425       0.29195376      18.46058105       0.14259943
764         19.04465776       0.27681589      18.57686314       0.19097873
765         19.01622705       0.25967788      18.50491653       0.25163265
766         19.01011520       0.25905724      18.47788992       0.27316804
767         19.23009037       0.28148863      18.69966467       0.24893707
768         19.45599043       0.32528456      18.89912693       0.23157894
769         19.52943125       0.37794477      18.92692316       0.22456332
770         19.57886391       0.43488489      18.95262355       0.19135547
771         19.89276540       0.47529817      19.28370996       0.13375727
772         20.27853371       0.50645644      19.69447339       0.07760388
773         20.45964540       0.52217365      19.90264307       0.03482868
774         20.26379369       0.52370433      19.73031499       0.00977436
775         19.85149912       0.49595389      19.35532273       0.00022250
776         19.49882251       0.44407927      19.04917057       0.00557267
777         19.28661090       0.39044568      18.87221700       0.02394822
778         19.34441356       0.34193421      18.95909422       0.04338514
779         19.76132693       0.29777339      19.39072127       0.07283227
780         20.45431125       0.24861834      20.08405924       0.12163366
781         21.11473851       0.21382638      20.73365929       0.16725284
782         21.36470491       0.19356244      21.00025658       0.17088589
783         21.32595306       0.18506733      21.00416902       0.13671670
784         21.29368579       0.18291609      21.01356574       0.09720396
785         21.35938692       0.17038972      21.11702619       0.07197101
786         21.48300327       0.14070569      21.27882759       0.06346999
787         21.68687112       0.11025895      21.51003358       0.06657859
788         21.92281514       0.09806439      21.74074247       0.08400828
789         21.96776333       0.11336818      21.74933201       0.10506314
790         21.87785584       0.13894024      21.60781593       0.13109967
791         21.63612349       0.17371146      21.31552812       0.14688391
792         21.43064256       0.21805750      21.06074673       0.15183834
793         21.37411033       0.26369034      20.96266967       0.14775032
794         21.32944112       0.29939920      20.90045470       0.12958723
795         21.32507779       0.29215971      20.92500902       0.10790906
796         21.43110436       0.24809723      21.09625895       0.08674817
797         21.78220147       0.20954434      21.50825572       0.06440141
798         22.40201247       0.19643190      22.15933495       0.04624561
799         23.31169057       0.19387512      23.08013971       0.03767573
800         24.41312869       0.20545736      24.17182515       0.03584618
801         25.25879730       0.20958719      25.01428524       0.03492486
802         25.77136300       0.19501515      25.54528699       0.03106086
803         26.11703972       0.18837631      25.89425278       0.03441063
804         26.38028819       0.17996077      26.15769782       0.04262960
805         26.48341967       0.15376404      26.27731591       0.05233972
806         26.24355188       0.13390796      26.03802144       0.07162249
807         26.06957099       0.12588683      25.85466456       0.08901960
808         26.10041370       0.12649958      25.87806966       0.09584446
809         26.21285514       0.14742340      25.96579782       0.09963393
810         26.01968650       0.18772908      25.72767847       0.10427895
811         25.55068708       0.20797999      25.22342577       0.11928132
812         25.13170437       0.19304500      24.78878661       0.14987276
813         24.87170487       0.17088871      24.53233124       0.16848491
814         24.85337535       0.17701098      24.52423611       0.15212826
815         25.06742774       0.19604229      24.75422584       0.11715962
816         25.46887253       0.20343059      25.17594980       0.08949215
817         25.94543935       0.18794703      25.67905295       0.07843937
818         26.23782948       0.18183385      25.97784455       0.07815108
819         26.30384473       0.20081132      26.01957613       0.08345728
820         26.38546511       0.22702083      26.07083661       0.08760766
821         26.48686249       0.24179955      26.15496585       0.09009709
822         26.67922328       0.24316586      26.33811847       0.09793896
823         26.87394406       0.21944543      26.53244888       0.12204975
824         27.07650710       0.16552930      26.77621267       0.13476513
825         27.49675609       0.10108598      27.27847121       0.11719889
826         28.39754747       0.04957073      28.26272416       0.08525258
827         29.54704511       0.02536384      29.46083915       0.06084212
828         30.44227964       0.02144710      30.36737672       0.05345582
829         31.07838051       0.02573294      31.00161743       0.05103014
830         31.85815023       0.02341500      31.78877230       0.04596294
831         32.94130314       0.01336537      32.88473660       0.04320117
832         34.01226598       0.00650770      33.95700631       0.04875197
833         34.73873791       0.00455836      34.67554106       0.05863848
834         34.98523919       0.00484925      34.90452166       0.07586828
835         35.35965882       0.00594933      35.26181794       0.09189154
836         36.08753751       0.00756202      35.98897272       0.09100277
837         36.99502088       0.00603233      36.91507381       0.07391473
838         37.75823564       0.00075568      37.70788074       0.04959923
839         38.42633139       0.00248810      38.39302989       0.03081340
840         38.95260643       0.01398498      38.92094872       0.01767273
841         39.09562605       0.02733480      39.06086827       0.00742299
842         38.90162004       0.04202543      38.85832687       0.00126774
843         38.57082794       0.05714465      38.51360887       0.00007442
844         38.28428162       0.07581788      38.20717113       0.00129260
845         38.27389092       0.09442969      38.17731080       0.00215044
846         38.73527572       0.09454313      38.63628239       0.00445020
847         39.68353502       0.07801062      39.59279439       0.01273000
848         40.91398264       0.06109293      40.82290889       0.02998082
849         42.20131317       0.04263827      42.09865536       0.06001954
850         43.26810680       0.02689657      43.13229951       0.10891073
851         43.52367916       0.01825654      43.33565794       0.16976469
852         42.99494939       0.01513053      42.74470717       0.23511169
853         42.34543580       0.01725401      42.02765854       0.30052325
854         42.20160785       0.02732233      41.81851709       0.35576842
855         42.64845410       0.04559846      42.19658780       0.40626784
856         43.37898895       0.06245868      42.84305931       0.47347096
857         44.06782835       0.07363893      43.40616321       0.58802621
858         44.54438557       0.08914158      43.71395685       0.74128715
859         44.71206313       0.09817377      43.73806044       0.87582892
860         44.34776040       0.08097789      43.31727375       0.94950876
861         43.96738541       0.05085550      42.94352643       0.97300348
862         43.78389432       0.03501790      42.76977745       0.97909897
863         44.04548126       0.02474558      43.03035509       0.99038059
864         44.89582030       0.01826340      43.87603796       1.00151894
865         46.01607963       0.01745636      45.01173875       0.98688453
866         46.85377943       0.02670500      45.88027597       0.94679845
867         46.95115605       0.04922574      46.03067151       0.87125880
868         46.50305338       0.07880768      45.63904513       0.78520057
869         46.24866097       0.08851656      45.41124781       0.74889660
870         46.53630086       0.08066888      45.71856354       0.73706844
871         47.09489056       0.07903688      46.30961385       0.70623984
872         47.77356402       0.08988851      47.02772300       0.65595251
873         48.47651338       0.10882319      47.75693332       0.61075686
874         49.00174032       0.12930176      48.26347224       0.60896632
875         49.73728440       0.14605124      48.93166044       0.65957271
876         50.94772101       0.14832904      50.02711582       0.77227615
877         52.21488266       0.13546033      51.17749599       0.90192633
878         53.15976197       0.10744743      52.08066984       0.97164471
879         53.72148135       0.07384638      52.65703360       0.99060137
880         54.23189860       0.04359142      53.17289517       1.01541201
881         54.75360594       0.02384843      53.67162194       1.05813557
882         55.27888662       0.02033841      54.14379597       1.11475224
883         55.99384444       0.02360975      54.78434175       1.18589295
884         57.33178151       0.02188963      56.05807864       1.25181324
885         59.17032235       0.01770977      57.85605709       1.29655550
886         60.87456588       0.01483791      59.54242385       1.31730412
887         62.19283535       0.01448653      60.87376808       1.30458075
888         63.51528239       0.01066834      62.26068714       1.24392690
889         64.89434752       0.00560638      63.71941078       1.16933037
890         65.42022929       0.00127276      64.28384923       1.13510729
891         64.87696149       0.00002913      63.75179200       1.12514037
892         63.91419406       0.00082647      62.78580757       1.12756002
893         63.11502863       0.00680375      62.00444489       1.10377999
894         62.29797487       0.02211342      61.18895020       1.08691125
895         61.54139038       0.04948434      60.40800934       1.08389671
896         61.20949258       0.08297409      60.01038016       1.11613833
897         61.38474646       0.11034553      60.12214857       1.15225235
898         61.80943141       0.12125656      60.51612409       1.17205076
899         62.48647240       0.12864116      61.21881937       1.13901187
900         63.66216094       0.13067194      62.46302294       1.06846606
901         65.06931712       0.11404301      63.90224264       1.05303148
902         66.71518360       0.09868155      65.56191620       1.05458586
903         68.18815952       0.08061594      67.03202375       1.07551983
904         69.19601591       0.05229038      68.04853413       1.09519141
905         70.23648033       0.02920469      69.14495216       1.06232348
906         71.28122254       0.02085971      70.27937585       0.98098698
907         72.30495664       0.02104375      71.31474432       0.96916856
908         73.02540602       0.02419700      71.95961922       1.04158980
909         73.97110454       0.01964179      72.89297767       1.05848508
910         74.98256204       0.00926631      73.96417880       1.00911693
911         75.83211817       0.00072106      74.89105432       0.94034280
912         76.46690378       0.00224231      75.56537738       0.89928408
913         77.01146039       0.01004629      76.12328236       0.87813175
914         77.54516550       0.01763038      76.69596254       0.83157259
915         77.59760567       0.02138604      76.81707447       0.75914517
916         77.14865785       0.01737436      76.37871727       0.75256623
917         76.56675891       0.01046856      75.72320214       0.83308821
918         76.50452112       0.00254643      75.55397525       0.94799944
919         76.70999342       0.00001875      75.69428672       1.01568795
920         77.02319214       0.00038184      75.95633068       1.06647962
921         77.31479518       0.00075225      76.21669812       1.09734481
922         78.01946051       0.01158211      76.88848398       1.11939443
923         78.94250476       0.04212051      77.74029558       1.16008866
924         80.06368219       0.10193482      78.74917676       1.21257061
925         81.02462124       0.19044966      79.55720660       1.27696498
926         81.32327912       0.26433736      79.73307515       1.32586660
927         81.37226498       0.26433970      79.73379807       1.37412721
928         81.76317168       0.20620211      80.11187862       1.44509096
929         82.60635142       0.13816136      80.95153793       1.51665213
930         83.33286351       0.09784883      81.67379082       1.56122386
931         83.69560781       0.08077919      82.04496002       1.56986859
932         83.70660594       0.06861605      82.02683026       1.61115963
933         83.76041515       0.04808559      82.03619895       1.67613061
934         83.95721372       0.02723418      82.21561665       1.71436288
935         84.35492213       0.01852978      82.62912717       1.70726518
936         84.63634311       0.01751521      82.97488973       1.64393816
937         84.88992227       0.01390801      83.28248666       1.59352760
938         85.76374169       0.00971366      84.15510887       1.59891915
939         87.54436348       0.00868987      85.92150829       1.61416532
940         89.33461594       0.00906553      87.73152288       1.59402753
941         90.19010401       0.00759008      88.65606992       1.52644402
942         90.33924574       0.00444030      88.83060540       1.50420004
943         89.84314764       0.00115271      88.33728636       1.50470857
944         88.69008954       0.00005749      87.22564067       1.46439138
945         87.38014132       0.00197207      85.92550381       1.45266543
946         86.80638126       0.00398269      85.28240742       1.51999115
947         87.19463126       0.00388978      85.60030763       1.59043384
948         88.50630354       0.00413297      86.90704984       1.59512073
949         90.42997363       0.00687556      88.81844266       1.60465541
950         92.79482604       0.01308595      91.16457173       1.61716837
951         95.02784702       0.01763877      93.38397808       1.62623017
952         96.30214279       0.01858081      94.71259263       1.57096935
953         96.90626510       0.01845468      95.42529725       1.46251318
954         97.72769504       0.02352816      96.32745454       1.37671235
955         99.13635402       0.03584772      97.76742821       1.33307809
956        100.55300030       0.05499842      99.11956569       1.37843619
957        101.42861528       0.06153677      99.93253978       1.43453873
958        101.98867389       0.05223236     100.43418848       1.50225305
959        102.57506804       0.05106953     100.94105541       1.58294311
960        103.75567404       0.05282337     102.02453078       1.67831989
961        105.40339141       0.04609672     103.59635433       1.76094036
962        106.47398259       0.03476943     104.66740357       1.77180959
963        106.67945048       0.02999860     104.95211130       1.69734058
964        106.64688960       0.02861305     104.96545697       1.65281958
965        107.05948885       0.02544244     105.35265164       1.68139476
966        107.53317136       0.02218131     105.80124282       1.70974723
967        107.74417250       0.02470826     106.01449199       1.70497225
968        108.36427304       0.03429351     106.57837721       1.75160233
969        109.51119969       0.04421786     107.57260355       1.89437827
970        110.00432725       0.05596952     107.91127095       2.03708678
971        109.22022233       0.06244530     107.07466681       2.08311021
972        107.98125593       0.07005921     105.85696063       2.05423609
973        106.95727497       0.07361328     104.88341356       2.00024814
974        106.38857982       0.07444627     104.41724379       1.89688976
975        106.21352694       0.07398268     104.36834083       1.77120343
976        106.55799838       0.06833363     104.85888840       1.63077635
977        107.38634760       0.06629855     105.81324483       1.50680422
978        108.38145857       0.07110897     106.88842097       1.42192863
979        109.17084419       0.08141597     107.71559390       1.37383433
980        109.59497549       0.08703711     108.12645511       1.38148326
981        109.43802066       0.08840634     107.92969554       1.41991878
982        108.75878481       0.08618119     107.17309926       1.49950436
983        107.75169703       0.09403972     106.08367692       1.57398039
984        106.55316524       0.11462302     104.80540687       1.63313535
985        105.56777378       0.15386610     103.71144180       1.70246588
986        105.17118111       0.20706159     103.13515152       1.82896799
987        105.41736987       0.28512259     103.20097607       1.93127120
988        105.86992792       0.39597847     103.50822514       1.96572432
989        106.31433388       0.51761406     103.89228038       1.90443944
990        106.91325695       0.62026954     104.47587869       1.81710872
991        107.71606799       0.67658946     105.30611628       1.73336225
992        108.69872746       0.72237946     106.31907749       1.65727051
993        109.70924295       0.77013641     107.23789444       1.70121211
994        110.75274722       0.84063220     108.01973349       1.89238153
995        111.77072773       0.93644064     108.65620977       2.17807732
996        112.71100511       1.09401898     109.20755786       2.40942828
997        113.31840645       1.28418675     109.44711939       2.58710030
998        113.12006300       1.41496449     108.98702102       2.71807749
999        112.09377581       1.46214890     107.82240944       2.80921748
1000       110.75604192       1.42641932     106.53365001       2.79597259
