0      357          6.92875992      -1.74120103       1.10155480
1      357          6.86838213      -1.75727291       1.10134883
2      357          6.80983490      -1.79695305       1.11828925
3      357          6.75853888      -1.86232007       1.11975144
4      357          6.71190437      -1.92992105       1.13090722
5      357          6.67380864      -1.96884149       1.17449348
6      357          6.63842458      -1.98841768       1.23691443
7      357          6.59330636      -2.00129451       1.28161920
8      357          6.52005398      -2.01225348       1.28501226
9      357          6.42830094      -2.03676031       1.27424198
10     357          6.34943738      -2.07621039       1.25383061
11     357          6.30499388      -2.11410129       1.22648729
12     357          6.29207322      -2.13738070       1.21569116
13     357          6.29843910      -2.12911606       1.22816841
14     357          6.30156602      -2.13493415       1.25644104
15     357          6.28562649      -2.17015316       1.30359732
16     357          6.25161455      -2.20049621       1.36241134
17     357          6.20514817      -2.20051250       1.41018609
18     357          6.15528235      -2.16982898       1.43030004
19     357          6.11538275      -2.10962727       1.41860075
20     357          6.08753485      -2.01906552       1.40253366
21     357          6.07086493      -1.91956156       1.41614900
22     357          6.08211110      -1.84104963       1.43957451
23     357          6.11072512      -1.79498786       1.44070091
24     357          6.11794739      -1.76793621       1.42234338
25     357          6.11084063      -1.73501848       1.39464552
26     357          6.11140947      -1.71248844       1.34987221
27     357          6.11195704      -1.70976609       1.27407004
28     357          6.08839060      -1.70206704       1.17437694
29     357          6.05208811      -1.68320001       1.07453022
30     357          6.01889355      -1.64792891       0.99835200
31     357          5.97706917      -1.60204878       0.94706162
32     357          5.92129432      -1.55164907       0.90783469
33     357          5.88074548      -1.48156333       0.87170294
34     357          5.88743226      -1.39299648       0.84586806
35     357          5.90115902      -1.30677715       0.83870761
36     357          5.88015004      -1.26948468       0.82493040
37     357          5.84364967      -1.27381450       0.77300385
38     357          5.81746868      -1.29996589       0.68618913
39     357          5.80464856      -1.33131681       0.60172350
40     357          5.80098449      -1.36311947       0.55410710
41     357          5.80373553      -1.37005005       0.54218063
42     357          5.81191682      -1.35366763       0.54959140
43     357          5.82883010      -1.32186097       0.56591231
44     357          5.84774520      -1.29620398       0.58041428
45     357          5.85402188      -1.30577314       0.56735063
46     357          5.81143643      -1.34410128       0.52106975
47     357          5.72363176      -1.40068943       0.45571078
48     357          5.63859386      -1.44639486       0.40328383
49     357          5.60355445      -1.47664321       0.36462322
50     357          5.61393314      -1.49979393       0.33649168
51     357          5.63965495      -1.51933759       0.33881354
52     357          5.68698617      -1.53235229       0.36989083
53     357          5.75552182      -1.53577576       0.39927956
54     357          5.81228291      -1.53281947       0.42120638
55     357          5.83557547      -1.53121173       0.44212960
56     357          5.82586534      -1.54139618       0.46525051
57     357          5.78175774      -1.54529556       0.48804457
58     357          5.72001062      -1.55472991       0.49928088
59     357          5.66350248      -1.56920342       0.47646021
60     357          5.63967277      -1.57906744       0.41625732
61     357          5.63601712      -1.59655897       0.36159876
62     357          5.62873873      -1.62463383       0.30492091
63     357          5.60888713      -1.65260988       0.23802530
64     357          5.58525886      -1.68578641       0.16225619
65     357          5.57672121      -1.70479996       0.09596379
66     357          5.56981528      -1.70149866       0.05359981
67     357          5.55042697      -1.69652739       0.03248518
68     357          5.52431004      -1.68992584       0.02203674
69     357          5.48567030      -1.67234063       0.01932319
70     357          5.42869649      -1.63797171       0.00618713
71     357          5.38349749      -1.59079948      -0.03528163
72     357          5.36276760      -1.52953310      -0.08550399
73     357          5.35951276      -1.46950263      -0.13593130
74     357          5.33598750      -1.40198705      -0.17779916
75     357          5.27269762      -1.32914729      -0.21030542
76     357          5.17587175      -1.28101128      -0.22096297
77     357          5.07366692      -1.27376722      -0.21273305
78     357          4.98574157      -1.28791985      -0.18143277
79     357          4.94714625      -1.29630937      -0.13150168
80     357          4.95025057      -1.28666474      -0.07565114
81     357          4.96560208      -1.24155014      -0.04475956
82     357          4.99552580      -1.16707238      -0.04641423
83     357          5.03887822      -1.09129259      -0.06084873
84     357          5.08759960      -1.04965691      -0.08603026
85     357          5.10028952      -1.04913237      -0.10819477
86     357          5.07353115      -1.07345798      -0.12957201
87     357          5.03390685      -1.09707613      -0.12435866
88     357          4.99828323      -1.11021673      -0.10105748
89     357          4.96516355      -1.09468244      -0.07327040
90     357          4.93715543      -1.05064434      -0.05748829
91     357          4.92512692      -0.98784948      -0.02783732
92     357          4.93044895      -0.94047629       0.00743838
93     357          4.92589476      -0.91616872       0.03406174
94     357          4.91566062      -0.91477201       0.05524277
95     357          4.89592804      -0.91866313       0.10466205
96     357          4.88489459      -0.92281625       0.17496174
97     357          4.89899287      -0.94845387       0.22830257
98     357          4.95570208      -1.00854139       0.26308216
99     357          5.04306135      -1.08642497       0.29340115
100    357          5.15135308      -1.16525540       0.34325730
101    357          5.27293661      -1.25383461       0.38627391
102    357          5.38036138      -1.33153944       0.41286668
103    357          5.46729587      -1.38796302       0.42712100
104    357          5.53198526      -1.43063322       0.45229828
105    357          5.58064356      -1.44858098       0.47881198
106    357          5.61638895      -1.42838325       0.49747102
107    357          5.64591319      -1.39444580       0.50866917
108    357          5.66287216      -1.35913116       0.51701396
109    357          5.68356354      -1.33721081       0.50057221
110    357          5.72780878      -1.34589059       0.45014231
111    357          5.77643216      -1.40129067       0.39303014
112    357          5.82562093      -1.48964720       0.33246846
113    357          5.88962922      -1.56390875       0.28595433
114    357          5.94296366      -1.59687379       0.25962765
115    357          5.96189311      -1.60837994       0.24139302
116    357          5.95256728      -1.61706232       0.20655104
117    357          5.94893651      -1.62089137       0.17221334
118    357          5.98039018      -1.60091437       0.17290027
119    357          6.04584377      -1.55133186       0.21102871
120    357          6.12847157      -1.49576344       0.26534298
121    357          6.19157218      -1.48408724       0.30627906
122    357          6.18707691      -1.53902137       0.32107939
123    357          6.14035402      -1.63655966       0.29992956
124    357          6.10317293      -1.75658086       0.27778695
125    357          6.09497631      -1.86933353       0.26432148
126    357          6.10180779      -1.96486245       0.25760815
127    357          6.10615460      -2.03838080       0.24954509
128    357          6.07506607      -2.08921162       0.24460994
129    357          6.01258244      -2.10581195       0.24097613
130    357          5.92054840      -2.07940241       0.22423274
131    357          5.80588633      -2.02871666       0.20269189
132    357          5.71209720      -1.97186250       0.19684679
133    357          5.66593114      -1.91679490       0.20686589
134    357          5.65816729      -1.87462898       0.21435178
135    357          5.63944319      -1.85487175       0.21989061
136    429          3.22179398      -2.12686248       0.78926557
137    429          3.22726398      -2.13848662       0.72126639
138    429          3.19613502      -2.16057608       0.65132756
139    429          3.12419969      -2.16403617       0.57403064
140    429          3.04860900      -2.16073489       0.49667615
141    429          2.98876049      -2.14994842       0.43596463
142    429          2.93040992      -2.14393390       0.40527252
143    429          2.87682058      -2.14950650       0.38390138
144    429          2.83371507      -2.16280665       0.35516412
145    429          2.79368853      -2.14968781       0.31461291
146    429          2.74753797      -2.12855744       0.27053435
147    429          2.70964456      -2.12515046       0.22671416
148    429          2.69519345      -2.13453536       0.18835172
149    429          2.68201847      -2.15047784       0.15728553
150    429          2.63837319      -2.16536868       0.14455045
151    429          2.56897029      -2.17440587       0.14897572
152    429          2.52536710      -2.17252960       0.14165164
153    429          2.52648705      -2.14714217       0.12540133
154    429          2.54478563      -2.11034537       0.13339104
155    429          2.55608128      -2.07800336       0.18018062
156    429          2.57118790      -2.04567124       0.23414751
157    429          2.58503743      -2.02861239       0.27133492
158    429          2.57082720      -2.02815648       0.28836923
159    429          2.54638660      -2.04361897       0.29715115
160    429          2.53267786      -2.05485562       0.30658787
161    429          2.53633490      -2.05658093       0.31110817
162    429          2.56366063      -2.06857411       0.31588802
163    429          2.58901528      -2.10831000       0.32803603
164    429          2.58911004      -2.14820335       0.34347199
165    429          2.56434820      -2.18607100       0.35269885
166    429          2.55220639      -2.23737998       0.33956302
167    429          2.57228010      -2.29751210       0.31417898
168    429          2.60787017      -2.34783299       0.28119687
169    429          2.64088061      -2.37038525       0.25647929
170    429          2.65401839      -2.38230995       0.25649570
171    429          2.66259659      -2.38153952       0.26087947
172    429          2.68104598      -2.37916681       0.25987402
173    429          2.68459313      -2.36593662       0.26072616
174    429          2.68110773      -2.35218444       0.25280510
175    429          2.65396094      -2.36868420       0.25539285
176    429          2.62491338      -2.38377318       0.27036896
177    429          2.60261241      -2.40048804       0.26861121
178    429          2.55568450      -2.42671836       0.25089000
179    429          2.51464240      -2.46825237       0.23052517
180    429          2.51413149      -2.52939997       0.22233182
181    429          2.54133699      -2.59440465       0.24380279
182    429          2.55828761      -2.65658893       0.25418550
183    429          2.55786662      -2.69224716       0.22611251
184    429          2.55952342      -2.69576089       0.16387635
185    429          2.57913614      -2.68677322       0.12050243
186    429          2.58206114      -2.69762135       0.11342106
187    429          2.56138847      -2.72926202       0.13531202
188    429          2.51457239      -2.76034476       0.17418089
189    429          2.44730071      -2.79397975       0.21249383
190    429          2.38319867      -2.83036659       0.22122339
191    429          2.32420326      -2.86498759       0.18781983
192    429          2.28778119      -2.86242395       0.12639608
193    429          2.27283858      -2.80251747       0.06980298
194    429          2.25213322      -2.71254816       0.04961907
195    429          2.24220929      -2.63039013       0.06624489
196    429          2.25827230      -2.55216026       0.07696394
197    429          2.26497905      -2.48385616       0.04770521
198    429          2.27072507      -2.41475881      -0.01565620
199    429          2.28937683      -2.36259116      -0.08545389
200    429          2.32884774      -2.35170752      -0.15665913
201    429          2.39058047      -2.36854979      -0.22660791
202    429          2.47581268      -2.39765326      -0.29501580
203    429          2.55983894      -2.44900629      -0.36619420
204    429          2.61913527      -2.50961871      -0.43492782
205    429          2.67154515      -2.54196111      -0.47399884
206    429          2.73977835      -2.52889962      -0.47295219
207    429          2.81326387      -2.50627216      -0.47313501
208    429          2.87340360      -2.49734155      -0.48985340
209    429          2.92014091      -2.52776885      -0.53306983
210    429          2.96936048      -2.57657857      -0.59587117
211    429          3.04021901      -2.62298259      -0.65339498
212    429          3.11639342      -2.64810606      -0.69020621
213    429          3.19969936      -2.64876479      -0.69411568
214    429          3.30633071      -2.64103189      -0.68043010
215    429          3.41181357      -2.64477849      -0.68474168
216    429          3.48859279      -2.64340056      -0.71094143
217    429          3.54036711      -2.61082490      -0.74744276
218    429          3.55985513      -2.55580216      -0.77271928
219    429          3.55230867      -2.52175215      -0.80137403
220    429          3.54056050      -2.49485197      -0.83329183
221    429          3.54353148      -2.44686570      -0.84684008
222    429          3.55970594      -2.38965326      -0.81782078
223    429          3.58187033      -2.34674310      -0.73223779
224    429          3.60267204      -2.34926847      -0.64242283
225    429          3.61112415      -2.35799634      -0.59072403
226    429          3.61689343      -2.34956792      -0.57044788
227    429          3.64786327      -2.34387707      -0.55226613
228    429          3.69403106      -2.36672615      -0.53681127
229    429          3.72472519      -2.37435403      -0.56666247
230    429          3.73393650      -2.33403746      -0.62817402
231    429          3.74093573      -2.26412703      -0.70760588
232    429          3.75243828      -2.20614947      -0.77415798
233    429          3.77639984      -2.18136880      -0.81610933
234    429          3.80546597      -2.15427236      -0.82870065
235    429          3.82315501      -2.13189412      -0.86020066
236    429          3.81557219      -2.12629675      -0.93881113
237    429          3.81348033      -2.14976541      -1.00743748
238    429          3.81980764      -2.18047579      -1.02394136
239    429          3.80707218      -2.20214376      -1.00104961
240    429          3.78209454      -2.20643412      -0.98677246
241    429          3.77429114      -2.19290095      -0.97825198
242    429          3.77302601      -2.16578775      -0.99822917
243    429          3.78276020      -2.12224311      -1.02176779
244    429          3.81719964      -2.09074673      -1.02450318
245    429          3.86549110      -2.08878238      -1.01452219
246    429          3.90282517      -2.12352960      -1.00572999
247    429          3.94924102      -2.15900253      -1.00089687
248    429          4.02892771      -2.19030388      -0.97925780
249    429          4.09875701      -2.20640184      -0.96456591
250    429          4.14051097      -2.19475016      -0.96943616
251    429          4.16995446      -2.15732774      -0.99237612
252    429          4.19278029      -2.10472835      -1.01838227
253    429          4.19722402      -2.05078347      -1.04856264
254    429          4.19081018      -2.00691851      -1.07753857
255    429          4.20087583      -1.99165508      -1.09312850
256    429          4.24564801      -2.00179952      -1.09055341
257    429          4.30617608      -2.00340154      -1.07165665
258    429          4.36102047      -1.97027987      -1.03639428
259    429          4.40840213      -1.92602895      -0.99745309
260    429          4.43275561      -1.90854534      -1.00247879
261    429          4.43895374      -1.93296024      -1.03543016
262    429          4.41814000      -1.96647902      -1.06129288
263    429          4.39515968      -1.99982908      -1.05702380
264    429          4.36569167      -2.02177986      -1.02919827
265    429          4.33404047      -2.01566651      -0.98323733
266    429          4.30547489      -1.98158234      -0.94876277
267    429          4.27729843      -1.94769925      -0.94161606
268    429          4.24163211      -1.91987510      -0.97363863
269    429          4.19265963      -1.89621297      -1.01747124
270    429          4.14552625      -1.89754574      -1.04850227
271    429          4.12072129      -1.91352947      -1.04763548
272    429          4.12403506      -1.91912327      -0.98660143
273    429          4.13346753      -1.91907016      -0.91121322
274    429          4.13090370      -1.94140928      -0.86248746
275    429          4.11999315      -1.96945952      -0.80917561
276    429          4.11055797      -2.00311675      -0.74561164
277    429          4.11559088      -2.04557980      -0.69026059
278    429          4.11707173      -2.08391041      -0.65240042
279    429          4.10635897      -2.12956930      -0.64704417
280    429          4.11865941      -2.18171230      -0.66986083
281    429          4.15881543      -2.22365843      -0.69371891
282    429          4.19373230      -2.25334899      -0.73699077
283    429          4.22177712      -2.29043010      -0.80838818
284    429          4.27937933      -2.31284744      -0.88221309
285    429          4.36340864      -2.31819136      -0.91844189
286    429          4.45278202      -2.32468284      -0.92614603
287    429          4.50894633      -2.35414110      -0.92860962
288    429          4.52605192      -2.39781299      -0.93587062
289    429          4.54716477      -2.41458987      -0.93864897
290    429          4.59029494      -2.39981228      -0.92581605
291    429          4.62389206      -2.37554526      -0.88778870
292    429          4.62935233      -2.37731078      -0.82612283
293    429          4.62240779      -2.38574579      -0.76775413
294    429          4.63641020      -2.36444877      -0.72300421
295    429          4.67691530      -2.30129684      -0.70625699
296    429          4.72113911      -2.25687791      -0.72642436
297    429          4.72662632      -2.25879031      -0.77295323
298    429          4.71000361      -2.30702112      -0.81562206
299    429          4.68866468      -2.37732884      -0.84109218
300    429          4.67037102      -2.46071120      -0.84925765
301    429          4.65108192      -2.55025050      -0.83407111
302    429          4.62800328      -2.62739843      -0.79699908
303    429          4.61085549      -2.68700260      -0.73963101
304    429          4.60456357      -2.70979177      -0.68241392
305    429          4.61119078      -2.69549792      -0.65105572
306    429          4.59629646      -2.67108981      -0.64058792
307    429          4.54159210      -2.65920916      -0.62696153
308    429          4.47390617      -2.65808057      -0.59740784
309    429          4.40583948      -2.67048344      -0.56473414
310    429          4.34166840      -2.67954874      -0.54278635
311    429          4.27652704      -2.69419698      -0.51792084
312    429          4.21620004      -2.71835581      -0.50207135
313    429          4.17164086      -2.73132107      -0.49828001
314    429          4.15516378      -2.70448599      -0.49367533
315    429          4.14598215      -2.63836645      -0.49811405
316    429          4.10365545      -2.55645483      -0.51069816
317    429          4.05767151      -2.47516136      -0.50474863
318    429          4.02781963      -2.41437346      -0.48167773
319    429          4.00629251      -2.38371839      -0.45631384
320    429          3.95904742      -2.39732438      -0.44237234
321    429          3.89324126      -2.45656192      -0.45929501
322    429          3.83424337      -2.53138690      -0.49621242
323    429          3.79587172      -2.57172983      -0.52189343
324    429          3.77910313      -2.55186879      -0.53889540
325    429          3.78396068      -2.49442672      -0.55258207
326    429          3.80221483      -2.43260810      -0.55261085
327    429          3.82844699      -2.37942271      -0.54807781
328    429          3.87242470      -2.33988688      -0.54161248
329    429          3.92545638      -2.30149800      -0.52239024
330    429          3.97450524      -2.25625995      -0.48614583
331    429          4.00050736      -2.19350280      -0.44578464
332    429          4.00949990      -2.11445251      -0.42314258
333    429          4.02206025      -2.06150840      -0.40419765
334    429          4.02456687      -2.05487378      -0.38838540
335    429          4.01121615      -2.08608827      -0.38186842
336    429          3.98977094      -2.13954222      -0.39482025
337    429          3.98165518      -2.20792723      -0.42446559
338    429          3.98592639      -2.27811191      -0.44089457
339    429          4.00773214      -2.33044088      -0.42851601
340    429          4.05376989      -2.36223792      -0.41819423
341    429          4.12999115      -2.37583325      -0.43737725
342    429          4.21061203      -2.37405707      -0.47218227
343    429          4.25681317      -2.36448558      -0.50834586
344    429          4.26961687      -2.34689773      -0.52566992
345    429          4.26433320      -2.33055917      -0.53173345
346    429          4.22859926      -2.31939007      -0.53186807
347    429          4.18780790      -2.30769620      -0.53873308
348    429          4.18668948      -2.28943772      -0.55415411
349    429          4.23999237      -2.25442315      -0.57029968
350    429          4.31331666      -2.22088809      -0.58633116
351    429          4.37698786      -2.19165155      -0.61023475
352    429          4.45005523      -2.16901417      -0.63853759
353    429          4.52874184      -2.14922020      -0.66774376
354    429          4.57375219      -2.13822665      -0.69480595
355    429          4.58756195      -2.13443002      -0.70298109
356    429          4.61727342      -2.13167638      -0.69569149
357    429          4.69546396      -2.11704863      -0.68812595
358    429          4.79813831      -2.10261857      -0.68137553
359    429          4.89433934      -2.08930777      -0.67327807
360    429          4.96290421      -2.07342061      -0.68729190
361    429          5.01525112      -2.05307553      -0.72290292
362    429          5.05473481      -2.02445476      -0.78819019
363    429          5.10696480      -1.99741054      -0.85190572
364    429          5.18187896      -1.97444566      -0.91399644
365    429          5.24888838      -1.95832532      -0.96573116
366    429          5.29939939      -1.95472453      -0.99350911
367    429          5.35487514      -1.97182063      -1.00904599
368    429          5.42854993      -1.98956820      -1.04487648
369    429          5.49561671      -2.00601124      -1.12839217
370    429          5.55183147      -2.01058314      -1.24130011
371    429          5.60798833      -1.99630016      -1.35140569
372    429          5.66473010      -1.95581071      -1.41813303
373    429          5.70502022      -1.88193533      -1.43992342
374    429          5.72849284      -1.79564226      -1.42760904
375    429          5.74964941      -1.72985372      -1.40988543
376    429          5.78369270      -1.68465698      -1.40574401
377    429          5.83955360      -1.64212042      -1.41899697
378    429          5.91239110      -1.59757127      -1.42862465
379    429          5.98958931      -1.56009194      -1.40874692
380    429          6.07582155      -1.53932672      -1.35281558
381    429          6.14200637      -1.55588576      -1.28301064
382    429          6.16293159      -1.59209700      -1.20320935
383    429          6.16165039      -1.62625096      -1.10411440
384    429          6.17256297      -1.62702895      -1.02522187
385    429          6.19558967      -1.59891702      -1.00497534
386    429          6.21697192      -1.59512069      -1.03216029
387    429          6.21990954      -1.64056561      -1.04851624
388    429          6.22113357      -1.72239643      -1.03381530
389    429          6.25282857      -1.80882008      -0.96758692
390    429          6.31185759      -1.89645996      -0.88583036
391    429          6.36463008      -1.99799020      -0.84427220
392    429          6.38170824      -2.10581081      -0.85924192
393    429          6.37711555      -2.19823057      -0.92181249
394    429          6.37299532      -2.25741374      -0.98188010
395    429          6.38312057      -2.27639848      -1.02606874
396    429          6.38983283      -2.26396283      -1.05579128
397    429          6.38118541      -2.24263780      -1.05308230
398    429          6.36924164      -2.25586326      -0.99393839
399    429          6.37250272      -2.31067401      -0.90585574
400    429          6.39486711      -2.35845731      -0.81141057
401    429          6.44458601      -2.40367123      -0.73268937
402    429          6.50219160      -2.47138240      -0.66378874
403    429          6.55795469      -2.55538801      -0.62962037
404    429          6.60416690      -2.62455343      -0.65069883
405    429          6.61624598      -2.68612032      -0.73459122
406    429          6.60964290      -2.74423446      -0.83673851
407    429          6.60750793      -2.79258087      -0.90875136
408    429          6.61491440      -2.81428464      -0.91792234
409    429          6.62989325      -2.79847948      -0.86422595
410    429          6.65852274      -2.77571896      -0.78369713
411    429          6.69525872      -2.77310983      -0.70382259
412    429          6.72306778      -2.79991109      -0.64256301
413    429          6.73623219      -2.82642179      -0.60229069
414    429          6.73477295      -2.81351833      -0.59565941
415    429          6.72296583      -2.77469089      -0.62432220
416    429          6.69681439      -2.75275411      -0.66199430
417    429          6.64723885      -2.73729935      -0.68225057
418    429          6.58963852      -2.71588342      -0.68978322
419    429          6.54384304      -2.69141008      -0.69758642
420    429          6.51478212      -2.64422081      -0.69364862
421    429          6.47978411      -2.57133058      -0.65651381
422    429          6.43680805      -2.51454587      -0.59149287
423    429          6.39559122      -2.51094667      -0.52549968
424    429          6.34611474      -2.55136304      -0.49903246
425    429          6.28701391      -2.60366298      -0.53437357
426    429          6.24744000      -2.63912583      -0.59345425
427    429          6.22009941      -2.62631635      -0.64305908
428    429          6.18703625      -2.56853157      -0.65073005
429    429          6.15136908      -2.48995438      -0.62508136
430    429          6.10269586      -2.43617247      -0.57266262
431    429          6.05254088      -2.42808226      -0.48297221
432    429          6.03916459      -2.46011290      -0.37568744
433    429          6.08599595      -2.51426958      -0.30380644
434    429          6.13704055      -2.57139980      -0.32577332
435    429          6.16464633      -2.60074739      -0.41369788
436    429          6.18569476      -2.62618117      -0.50380049
437    429          6.19349680      -2.64620291      -0.55477326
438    429          6.19065456      -2.63831775      -0.56625854
439    429          6.20283398      -2.60754419      -0.54164129
440    429          6.23228188      -2.56920794      -0.48363620
441    429          6.25554172      -2.54983605      -0.39271189
442    429          6.27428159      -2.55758996      -0.29029578
443    429          6.29689488      -2.59630886      -0.19568021
444    429          6.32293727      -2.64205154      -0.10201630
445    429          6.34806670      -2.67521498      -0.00392139
446    429          6.37275175      -2.73224797       0.07341360
447    429          6.38868702      -2.80159218       0.12298398
448    429          6.41209726      -2.80753325       0.13744021
449    429          6.44484173      -2.77144605       0.12997703
450    429          6.45071704      -2.73265787       0.12597205
451    429          6.45991173      -2.71355563       0.11469434
452    429          6.44921724      -2.74248438       0.11066559
453    429          6.42729607      -2.74250169       0.13750243
454    429          6.42040760      -2.69541009       0.18637856
455    429          6.41289391      -2.60219374       0.23272596
456    429          6.42258723      -2.49947924       0.26755247
457    429          6.41474199      -2.41857405       0.27631443
458    429          6.36337534      -2.37463155       0.29771251
459    429          6.30602100      -2.41572776       0.34232319
460    429          6.26170753      -2.53706827       0.38116078
461    429          6.21751571      -2.68300134       0.40209603
462    429          6.14317969      -2.79135520       0.41377036
463    429          6.05327553      -2.82012291       0.44626039
464    429          5.97891805      -2.81338250       0.51175049
465    429          5.92618088      -2.81072245       0.58811455
466    429          5.89015718      -2.82007775       0.65485914
467    429          5.87466253      -2.82723276       0.69353049
468    429          5.86394913      -2.81243627       0.73541619
469    429          5.84317295      -2.75030425       0.79784632
470    429          5.80977537      -2.69306955       0.86811794
471    429          5.78294564      -2.72068430       0.91509469
472    429          5.76154474      -2.80335335       0.95544983
473    429          5.74651445      -2.87361172       1.00691860
474    429          5.75764255      -2.92402461       1.04094353
475    429          5.78407511      -2.96534402       1.06023324
476    429          5.80602728      -3.00194743       1.06090378
477    429          5.80375772      -3.03014708       1.05085948
478    429          5.78760944      -3.06148293       1.04617580
479    429          5.75922305      -3.09803144       1.03888420
480    429          5.72868732      -3.13891418       1.01724809
481    429          5.71364005      -3.14883537       0.96271053
482    429          5.71655084      -3.11739164       0.92365199
483    429          5.72626367      -3.08125854       0.91524758
484    429          5.73756149      -3.06721611       0.93736122
485    429          5.74077407      -3.07097463       0.97772635
486    429          5.74153404      -3.08815561       1.01885971
487    429          5.75006183      -3.08725444       1.07934403
488    429          5.74921658      -3.05036828       1.16248862
489    429          5.73065959      -3.01619629       1.23830877
490    429          5.71909974      -3.00685716       1.26249818
491    429          5.72649929      -3.01754875       1.25536280
492    429          5.75230904      -3.01104621       1.23942459
493    429          5.78232739      -2.97890614       1.23083159
494    429          5.79272807      -2.94590352       1.23396791
495    429          5.76999589      -2.93313680       1.24927452
496    429          5.72230765      -2.94468530       1.25515129
497    429          5.68225576      -2.98007319       1.24272898
498    429          5.67601119      -3.03773688       1.20964390
499    429          5.69473412      -3.09365248       1.18107573
500    429          5.70175718      -3.13211170       1.17212973
501    429          5.68601782      -3.15793939       1.17654371
502    429          5.67347872      -3.17743466       1.16989224
503    429          5.66625192      -3.18841073       1.14762960
504    429          5.65052970      -3.18717741       1.13105040
505    429          5.62019031      -3.18664445       1.11913388
506    429          5.57617818      -3.16677077       1.10439022
507    429          5.53238418      -3.13505292       1.09041745
508    429          5.48439073      -3.12040975       1.08205229
509    429          5.43631652      -3.12517479       1.07863521
510    429          5.38185468      -3.12370887       1.08431030
511    429          5.32970869      -3.11994789       1.10246359
512    429          5.28210263      -3.11671433       1.13392386
513    429          5.25563259      -3.11249021       1.17610362
514    429          5.25652687      -3.07758530       1.21390935
515    429          5.27419886      -3.01883969       1.22540204
516    429          5.29508776      -2.95271669       1.21198781
517    429          5.31821454      -2.89556585       1.19263639
518    429          5.35441884      -2.87807035       1.15942756
519    429          5.38810343      -2.91705671       1.11547310
520    429          5.40719829      -2.99214390       1.05482249
521    429          5.42343939      -3.04402053       0.98228480
522    429          5.44809682      -3.05456355       0.91249301
523    429          5.46847679      -3.03208502       0.85948563
524    429          5.47097711      -2.99974242       0.82807934
525    429          5.45203924      -2.97092158       0.81185852
526    429          5.42212962      -2.96849598       0.80924024
527    429          5.37919000      -2.98947144       0.82326948
528    429          5.30392160      -3.02036654       0.84891907
529    429          5.20884057      -3.04183247       0.89065431
530    429          5.12186187      -3.06166559       0.93823767
531    429          5.04626497      -3.08802961       0.96777364
532    429          4.99736773      -3.10964395       0.99224588
533    429          5.00525873      -3.10893677       1.03645142
534    429          5.04955864      -3.09383995       1.08213403
535    429          5.10551887      -3.08531785       1.09164689
536    429          5.13592353      -3.08671673       1.10047783
537    429          5.12702865      -3.09536123       1.13871724
538    429          5.08944783      -3.09643052       1.17648321
539    429          5.04589602      -3.11676377       1.19700871
540    429          5.00528138      -3.15909811       1.21184649
541    429          4.96434822      -3.20588267       1.25810998
542    429          4.94567027      -3.25606992       1.34562689
543    429          4.94628281      -3.29560831       1.43948647
544    429          4.95070252      -3.31118191       1.50336884
545    429          4.96167429      -3.31593207       1.52751864
546    429          4.98294529      -3.32536593       1.50878297
547    429          4.99472594      -3.33762942       1.46350343
548    429          4.99159820      -3.34872154       1.38784130
549    429          4.99270742      -3.36967039       1.30657109
550    429          5.01675065      -3.40289767       1.22770937
551    429          5.08451294      -3.43334852       1.17704506
552    429          5.19099226      -3.44958106       1.14768553
553    429          5.31015878      -3.45885331       1.10809338
554    429          5.38467861      -3.46731086       1.04359284
555    429          5.42387962      -3.46196118       0.96489471
556    429          5.44566642      -3.46142112       0.90256512
557    429          5.48050490      -3.46626836       0.86664289
558    429          5.55465919      -3.48345307       0.88791683
559    429          5.62837556      -3.51070829       0.94399362
560    429          5.66236895      -3.52336672       1.01764478
561    429          5.66313125      -3.50648800       1.09230562
562    429          5.67395989      -3.46625389       1.14828706
563    429          5.70670200      -3.41693277       1.18490812
564    429          5.75569236      -3.38816101       1.19109975
565    429          5.78623154      -3.38932545       1.15816683
566    429          5.78913164      -3.42245509       1.08987175
567    429          5.78501417      -3.47559059       1.02691870
568    429          5.78322928      -3.52739822       0.97594533
569    429          5.78809494      -3.55830849       0.93367932
570    429          5.79924401      -3.59521096       0.89620239
571    429          5.80934402      -3.64421069       0.87630880
572    429          5.80801424      -3.66281224       0.88887543
573    429          5.81466418      -3.63818011       0.93391138
574    429          5.84906910      -3.61585905       0.98492928
575    429          5.87984030      -3.61661447       1.01661686
576    429          5.85796605      -3.61471249       1.02744016
577    429          5.79270307      -3.61542494       1.02128286
578    429          5.74769315      -3.62829925       1.00960962
579    429          5.74917927      -3.62164063       0.99256751
580    429          5.77797793      -3.59144899       0.96929371
581    429          5.81939919      -3.57306951       0.93126029
582    429          5.85987948      -3.60957473       0.90119620
583    429          5.90408130      -3.68848091       0.90663995
584    429          5.96651336      -3.74422798       0.94311231
585    429          6.04868455      -3.74860230       0.96884216
586    429          6.12325040      -3.75040592       0.96040297
587    429          6.16697947      -3.78727671       0.92953592
588    429          6.17325256      -3.83930730       0.90763576
589    429          6.15814350      -3.85993002       0.90944083
590    429          6.15261741      -3.84265986       0.93910594
591    429          6.15755276      -3.80707869       0.98722953
592    429          6.16837571      -3.76642901       1.06287913
593    429          6.18476942      -3.71749558       1.14561800
594    429          6.19791320      -3.66219452       1.20278511
595    429          6.21733533      -3.61559800       1.21282152
596    429          6.24976624      -3.58546876       1.18623689
597    429          6.29496805      -3.56497773       1.13308356
598    429          6.30966123      -3.54223979       1.07479401
599    429          6.27708723      -3.52064703       1.04004751
600    429          6.22703288      -3.51984530       1.04090607
601    429          6.19709589      -3.54098989       1.09207126
602    429          6.17512311      -3.57267846       1.16960699
603    429          6.15598628      -3.60678337       1.25708303
604    429          6.14201491      -3.63083630       1.33215214
605    429          6.14731869      -3.64609527       1.38809185
606    429          6.17345009      -3.64143834       1.41060580
607    429          6.21337126      -3.61456847       1.40995940
608    429          6.25060452      -3.57292909       1.39931778
609    429          6.27146013      -3.52033219       1.37130815
610    429          6.26607017      -3.47746526       1.33316987
611    429          6.23841202      -3.44982630       1.28759897
612    429          6.19275178      -3.45501767       1.23088144
613    429          6.13927452      -3.49204524       1.18765495
614    429          6.09255440      -3.55470371       1.16881758
615    429          6.05786833      -3.62167144       1.15862585
616    429          6.06163136      -3.67140727       1.15879344
617    429          6.10383679      -3.69321690       1.16277609
618    429          6.15835207      -3.70766703       1.15925511
619    429          6.19094495      -3.73105472       1.14441947
620    429          6.19673787      -3.75320215       1.13003574
621    429          6.18535702      -3.77304222       1.12156449
622    429          6.15263918      -3.78204467       1.12514275
623    429          6.09856316      -3.77462595       1.12030575
624    429          6.03005613      -3.75360494       1.11031533
625    429          5.97869491      -3.74174733       1.12094579
626    429          5.94922187      -3.74830552       1.16121969
627    429          5.94202705      -3.77739457       1.22261143
628    429          5.94376682      -3.81052917       1.27650570
629    429          5.95789018      -3.84889979       1.31931257
630    429          5.97538663      -3.89384291       1.35445487
631    429          5.99324467      -3.95354971       1.40420064
632    429          6.01785782      -3.99907232       1.48486469
633    429          6.05282001      -4.01041168       1.58479147
634    429          6.09478557      -3.99581527       1.68745890
635    429          6.11389024      -3.96160008       1.77506130
636    429          6.13200496      -3.92247081       1.83997083
637    429          6.15443502      -3.85020340       1.87139276
638    429          6.16381728      -3.77955026       1.86762432
639    429          6.15612504      -3.72565561       1.87281007
640    429          6.16179683      -3.69707019       1.91993368
641    429          6.19213637      -3.65787639       1.99429444
642    429          6.23712405      -3.59749196       2.04289817
643    429          6.28558932      -3.53979984       2.06120480
644    429          6.33713861      -3.50196791       2.07006191
645    429          6.39361078      -3.48300059       2.06819285
646    429          6.43349745      -3.48082199       2.07050578
647    429          6.46074547      -3.49718795       2.09120711
648    429          6.47620841      -3.51718512       2.12146778
649    429          6.50911524      -3.52729544       2.14635331
650    429          6.55173528      -3.51106155       2.16399965
651    429          6.60595693      -3.47042651       2.17180080
652    429          6.66760222      -3.41675720       2.16489441
653    429          6.70125247      -3.37764212       2.12683378
654    429          6.68113930      -3.36659808       2.05397285
655    429          6.65003419      -3.38317690       1.95359793
656    429          6.65049465      -3.40069309       1.84904502
657    429          6.68685071      -3.40406612       1.74438856
658    429          6.75161877      -3.41126799       1.67025832
659    429          6.82539533      -3.44988810       1.64402972
660    429          6.89550740      -3.51859078       1.64466632
661    429          6.94657174      -3.58895308       1.63878610
662    429          6.97956385      -3.65343050       1.61660305
663    429          6.98499180      -3.69649470       1.56070175
664    429          6.95683389      -3.71993485       1.47016425
665    429          6.91417842      -3.72210783       1.36462592
666    429          6.89214939      -3.72933782       1.27600052
667    429          6.90671366      -3.78765072       1.22471810
668    429          6.95256745      -3.88493108       1.20102111
669    429          6.99915967      -3.95930937       1.19617062
670    429          7.00335588      -3.98911049       1.16752817
671    429          6.96554767      -3.99397198       1.10738285
672    429          6.90456917      -3.98877939       1.03697581
673    429          6.86482151      -3.98061880       0.97268612
674    429          6.86278092      -3.97513837       0.92502275
675    429          6.88464055      -3.96723776       0.91226928
676    429          6.90529661      -3.94499869       0.92242945
677    429          6.92592540      -3.92490771       0.94570053
678    429          6.96160545      -3.91617363       0.97009680
679    429          7.01146638      -3.92991945       0.97885353
680    429          7.04983143      -3.95684598       0.94914578
681    429          7.04355119      -3.97176248       0.85172884
682    429          6.99880075      -3.94030579       0.72512601
683    429          6.93323085      -3.89144543       0.63007406
684    429          6.87736986      -3.86562562       0.59386577
685    429          6.85115092      -3.87792188       0.60984331
686    429          6.85101359      -3.92247828       0.64948964
687    429          6.88109608      -3.96650923       0.67289736
688    429          6.94164766      -4.01686934       0.65996790
689    429          7.00133159      -4.06733983       0.61859265
690    429          7.03985537      -4.10968598       0.58174839
691    429          7.06615401      -4.14914310       0.57118013
692    429          7.08842609      -4.19289146       0.57559229
693    429          7.11256404      -4.21425863       0.57198410
694    429          7.13167656      -4.20899894       0.54829998
695    429          7.14138850      -4.21193464       0.52960792
696    429          7.13036050      -4.22939927       0.53114314
697    429          7.08339037      -4.23919928       0.53933694
698    429          7.01833987      -4.26266359       0.53670522
699    429          6.95174185      -4.29532409       0.52967003
700    429          6.91652765      -4.32167744       0.51021696
701    429          6.93986353      -4.32208478       0.48937671
702    429          6.99895798      -4.28820627       0.48783186
703    429          7.05845350      -4.26113743       0.50100033
704    429          7.09718531      -4.26232706       0.51285633
705    429          7.09016831      -4.27623074       0.51519330
706    429          7.05410027      -4.29582575       0.52831542
707    429          6.99340351      -4.32088362       0.54375028
708    429          6.92817883      -4.35271476       0.54644935
709    429          6.86704213      -4.37911389       0.53341963
710    429          6.81915353      -4.37613619       0.52200313
711    429          6.78296917      -4.36235821       0.52993156
712    429          6.76513616      -4.37476478       0.54798480
713    429          6.75285515      -4.40741805       0.57738699
714    429          6.74672297      -4.44368132       0.59790144
715    429          6.75708799      -4.47560495       0.62346261
716    429          6.77294007      -4.50882897       0.63600270
717    429          6.76858725      -4.55373823       0.63650450
718    429          6.73382960      -4.60924447       0.60994296
719    429          6.70156250      -4.64966388       0.57040017
720    429          6.71306716      -4.66585888       0.53956411
721    429          6.77026170      -4.67985195       0.51821780
722    429          6.82384434      -4.71393396       0.49965498
723    429          6.84116763      -4.77895262       0.47499790
724    429          6.85023923      -4.85799989       0.47099902
725    429          6.88196271      -4.93193384       0.48062345
726    429          6.91599284      -4.97184357       0.49987660
727    429          6.92050047      -4.97201847       0.50163440
728    429          6.90017782      -4.95002230       0.48359134
729    429          6.89088723      -4.91088392       0.45576303
730    429          6.91535897      -4.86947953       0.44462961
731    429          6.95307921      -4.84268535       0.44496369
732    429          6.98329905      -4.85041478       0.44416368
733    429          7.00590534      -4.88333773       0.45412952
734    429          7.02737937      -4.91553730       0.47436708
735    429          7.05864598      -4.93166995       0.50168769
736    429          7.08966307      -4.93049991       0.53869455
737    429          7.11184157      -4.94461531       0.57680696
738    429          7.10913970      -4.99249058       0.59442136
739    429          7.08947425      -5.06288536       0.58782548
740    429          7.05851081      -5.11762805       0.56341288
741    429          7.03317175      -5.15002947       0.54532003
742    429          7.02325292      -5.15830504       0.53682765
743    429          7.02291425      -5.17107772       0.54758992
744    429          7.03073475      -5.19052037       0.57422467
745    429          7.05237610      -5.21675251       0.61223557
746    429          7.07136438      -5.26333690       0.64748143
747    429          7.08970058      -5.33146028       0.68807668
748    429          7.10587793      -5.42238800       0.71878219
749    429          7.12078752      -5.50315441       0.74015374
750    429          7.14413648      -5.58678495       0.74902233
751    429          7.17877667      -5.68892597       0.73425507
752    429          7.22709833      -5.76792666       0.70730817
753    429          7.27427490      -5.81423346       0.67809244
754    429          7.32697504      -5.81842291       0.66894884
755    429          7.37838920      -5.83016688       0.67660752
756    429          7.40418560      -5.88630801       0.68950896
757    429          7.43073695      -5.95869971       0.69978672
758    429          7.46722288      -6.00375221       0.71947513
759    429          7.49450156      -6.00999388       0.73958305
760    429          7.49394693      -6.00814483       0.74750192
761    429          7.48022600      -6.01756546       0.74873095
762    429          7.46908738      -6.03777886       0.72393140
763    429          7.45489288      -6.05128956       0.66454367
764    429          7.43834591      -6.04293516       0.59992481
765    429          7.43773658      -6.03979265       0.57890000
766    429          7.45931494      -6.06551192       0.60261886
767    429          7.49909715      -6.08851364       0.62032830
768    429          7.54353205      -6.09170941       0.62767368
769    429          7.58821795      -6.09466213       0.66411284
770    429          7.61817864      -6.13252315       0.73582639
771    429          7.64041745      -6.17904661       0.82298007
772    429          7.65137576      -6.20243887       0.91493037
773    429          7.65243411      -6.18308295       1.00268943
774    429          7.63299986      -6.14066949       1.08663848
775    429          7.59515265      -6.10573658       1.17620512
776    429          7.55361645      -6.08541753       1.25630691
777    429          7.51351133      -6.09540523       1.30984579
778    429          7.47444608      -6.14469070       1.37142935
779    429          7.42737635      -6.22272524       1.45031498
780    429          7.39117357      -6.29462384       1.51052037
781    429          7.36871724      -6.32380472       1.51493826
782    429          7.35895445      -6.32423158       1.47130702
783    429          7.35644683      -6.32525663       1.41333029
784    429          7.34154282      -6.33652759       1.36982893
785    429          7.30386749      -6.35409899       1.35348731
786    429          7.26081255      -6.37909210       1.35958308
787    429          7.24191226      -6.40389794       1.39139662
788    429          7.26546183      -6.40481894       1.42568925
789    429          7.30150681      -6.38962183       1.46363168
790    429          7.34554699      -6.35807531       1.48480917
791    429          7.39572619      -6.33039995       1.49121919
792    429          7.44226780      -6.31970184       1.48593784
793    429          7.47593375      -6.31290254       1.46153706
794    429          7.46927792      -6.31558722       1.43004995
795    429          7.42685352      -6.33426743       1.39608522
796    429          7.38652005      -6.37890043       1.35532913
797    429          7.37196631      -6.44857131       1.31660272
798    429          7.36907245      -6.54538043       1.29565718
799    429          7.38203396      -6.65768607       1.29088568
800    429          7.38656686      -6.74262935       1.28843675
801    429          7.37036512      -6.79543559       1.27779571
802    429          7.36278332      -6.82984061       1.28705582
803    429          7.35297775      -6.85566071       1.30802418
804    429          7.32088750      -6.86734148       1.33033355
805    429          7.29469428      -6.84394749       1.36917859
806    429          7.28356526      -6.82594926       1.39991632
807    429          7.28442771      -6.82825024       1.41114236
808    429          7.31271747      -6.83686564       1.41720322
809    429          7.36203706      -6.81344693       1.42447732
810    429          7.38480815      -6.76349391       1.44692608
811    429          7.36812879      -6.72003489       1.48868884
812    429          7.34214680      -6.69421337       1.51202394
813    429          7.34948665      -6.69339611       1.49159103
814    429          7.37152655      -6.71656291       1.44384067
815    429          7.37979272      -6.75876516       1.40070718
816    429          7.36228850      -6.80865137       1.38162510
817    429          7.35517973      -6.83804756       1.38110994
818    429          7.37687968      -6.84213978       1.39044454
819    429          7.40522695      -6.84716192       1.39754072
820    429          7.42049110      -6.85539362       1.40171657
821    429          7.42187842      -6.87326869       1.41450681
822    429          7.39720995      -6.89216685       1.45091099
823    429          7.33561284      -6.91577470       1.46865851
824    429          7.24670014      -6.96408062       1.44389804
825    429          7.15140477      -7.05747079       1.39353524
826    429          7.08802021      -7.16898503       1.34821675
827    429          7.07520822      -7.25186131       1.33275994
828    429          7.08917483      -7.30911064       1.32745331
829    429          7.08177952      -7.37935430       1.31594449
830    429          7.04436862      -7.47572251       1.30940370
831    429          7.00943023      -7.56846508       1.32235329
832    429          6.99627555      -7.62979518       1.34370864
833    429          6.99839650      -7.64920591       1.37699677
834    429          7.00589185      -7.67936724       1.40469098
835    429          7.01571981      -7.74028202       1.40322145
836    429          7.00642802      -7.81697866       1.37342744
837    429          6.95624954      -7.88187532       1.32426364
838    429          6.87887909      -7.93741196       1.27709227
839    429          6.81050182      -7.97986665       1.23449362
840    429          6.76342754      -7.99107049       1.18771158
841    429          6.72375886      -7.97484578       1.13716011
842    429          6.68971045      -7.94713439       1.09292803
843    429          6.65340945      -7.92239599       1.06560203
844    429          6.62146578      -7.91998010       1.05518201
845    429          6.62128126      -7.95701010       1.03484497
846    429          6.64945610      -8.03348157       0.98872748
847    429          6.68159007      -8.13048181       0.92840511
848    429          6.72226955      -8.22954869       0.85656595
849    429          6.76475819      -8.30871955       0.77153855
850    429          6.79364317      -8.32418348       0.68952969
851    429          6.80575369      -8.27914468       0.61667163
852    429          6.79740540      -8.22407528       0.55335479
853    429          6.76346523      -8.20792486       0.50509154
854    429          6.71522196      -8.23709110       0.46416337
855    429          6.67884257      -8.28666200       0.41346254
856    429          6.65739498      -8.32953642       0.33472613
857    429          6.63019405      -8.35285414       0.24057446
858    429          6.61543299      -8.35467670       0.16569748
859    429          6.64419377      -8.32278699       0.12712740
860    429          6.70324828      -8.29433207       0.11514541
861    429          6.74162922      -8.28106169       0.11206050
862    429          6.77145263      -8.30095370       0.10637613
863    429          6.79361777      -8.36510003       0.10079562
864    429          6.79663742      -8.45027986       0.10813418
865    429          6.76534326      -8.51469909       0.12851911
866    429          6.70689117      -8.52579177       0.16814235
867    429          6.64803287      -8.49686866       0.21543936
868    429          6.63124259      -8.47998785       0.23616668
869    429          6.64473724      -8.50275141       0.24302790
870    429          6.64762494      -8.54631777       0.26117403
871    429          6.62894580      -8.59887724       0.29164585
872    429          6.59887632      -8.65184017       0.32004545
873    429          6.56917438      -8.68839271       0.32119186
874    429          6.54659341      -8.73631793       0.28941398
875    429          6.54362483      -8.81418596       0.22276236
876    429          6.56071056      -8.89504587       0.15185678
877    429          6.60096817      -8.95789486       0.11583440
878    429          6.65701302      -8.99771766       0.10626521
879    429          6.71997433      -9.03317574       0.09387826
880    429          6.77433055      -9.06729289       0.07289763
881    429          6.78614713      -9.09944783       0.04573652
882    429          6.77510529      -9.14284556       0.01256768
883    429          6.78080847      -9.22839534      -0.01728980
884    429          6.79568187      -9.34751795      -0.03710911
885    429          6.80694897      -9.45757478      -0.04618390
886    429          6.80839992      -9.54336535      -0.04062765
887    429          6.82547225      -9.63174519      -0.01375991
888    429          6.85388418      -9.72364494       0.02019900
889    429          6.89308411      -9.75892198       0.03614066
890    429          6.92336314      -9.72567296       0.04082846
891    429          6.95750838      -9.66495062       0.03968851
892    429          7.01124476      -9.61549115       0.05094546
893    429          7.07746573      -9.56353765       0.05900444
894    429          7.15121067      -9.51345999       0.06045120
895    429          7.21681215      -9.48783773       0.04508032
896    429          7.26094290      -9.49504837       0.02812462
897    429          7.27697904      -9.52041205       0.01894187
898    429          7.28742573      -9.56544664       0.03430981
899    429          7.29024566      -9.64455620       0.06788848
900    429          7.26646246      -9.73508886       0.07538158
901    429          7.24289611      -9.83823235       0.07462449
902    429          7.21268939      -9.92850973       0.06448208
903    429          7.15743082      -9.99035457       0.05504087
904    429          7.09965372     -10.05654541       0.07086402
905    429          7.07318884     -10.12448057       0.11110693
906    429          7.07382457     -10.18600679       0.11709121
907    429          7.08431377     -10.22410261       0.08097173
908    429          7.06890910     -10.27893947       0.07272776
909    429          7.02502162     -10.34144398       0.09700668
910    429          6.95561240     -10.39516280       0.13184206
911    429          6.88140684     -10.43403586       0.15324890
912    429          6.82852873     -10.46606678       0.16446796
913    429          6.79598049     -10.49882414       0.18964878
914    429          6.78252026     -10.50573607       0.23026543
915    429          6.79694810     -10.48069285       0.23404905
916    429          6.82644394     -10.44310899       0.18881814
917    429          6.87829772     -10.43338000       0.12790217
918    429          6.93308978     -10.44144739       0.09374135
919    429          6.94830068     -10.45649395       0.06884980
920    429          6.90133266     -10.47141856       0.05401253
921    429          6.82113972     -10.50980890       0.04354042
922    429          6.72352709     -10.55824677       0.02448068
923    429          6.60948759     -10.61527432       0.00038696
924    429          6.49235453     -10.66068569      -0.02847395
925    429          6.41462243     -10.67053892      -0.04990801
926    429          6.41462015     -10.67057940      -0.07067692
927    429          6.47466510     -10.69172496      -0.10056456
928    429          6.55705929     -10.73850829      -0.12996951
929    429          6.61595195     -10.77855633      -0.14793464
930    429          6.64454312     -10.79906833      -0.15138917
931    429          6.66681326     -10.79806750      -0.16775983
932    429          6.70947565     -10.79858470      -0.19309983
933    429          6.76373209     -10.80848379      -0.20778201
934    429          6.79263578     -10.83125753      -0.20506878
935    429          6.79641486     -10.85025640      -0.18060672
936    429          6.81082769     -10.86712491      -0.16079523
937    429          6.83020200     -10.91481040      -0.16292895
938    429          6.83554045     -11.01058657      -0.16894326
939    429          6.83354682     -11.10771174      -0.16099323
940    429          6.84163888     -11.15693626      -0.13393863
941    429          6.86212431     -11.16619999      -0.12490353
942    429          6.89480834     -11.13999278      -0.12511083
943    429          6.93634218     -11.08066786      -0.10856560
944    429          6.97316797     -11.01080209      -0.10371091
945    429          6.99186847     -10.97604848      -0.13132441
946    429          6.99112806     -10.99324446      -0.15956924
947    429          6.99304807     -11.06359610      -0.16142609
948    429          7.01167892     -11.16555473      -0.16519514
949    429          7.04315375     -11.28921505      -0.17012455
950    429          7.06157096     -11.40473962      -0.17368250
951    429          7.06507138     -11.47324052      -0.15182836
952    429          7.06460791     -11.50978830      -0.10778931
953    429          7.08214883     -11.55585612      -0.07177906
954    429          7.11809485     -11.62894234      -0.05303521
955    429          7.16327735     -11.69708199      -0.07251342
956    429          7.17682597     -11.73782745      -0.09616751
957    429          7.15730392     -11.76288694      -0.12410953
958    429          7.15474560     -11.78814362      -0.15659587
959    429          7.15859328     -11.84192035      -0.19394506
960    429          7.14346139     -11.91943046      -0.22544948
961    429          7.11522555     -11.97190988      -0.22953858
962    429          7.10196097     -11.98581480      -0.20126544
963    429          7.09791384     -11.98646613      -0.18406551
964    429          7.08826680     -12.00534501      -0.19513127
965    429          7.07769383     -12.02717414      -0.20601823
966    429          7.08594854     -12.03753494      -0.20419106
967    429          7.11394498     -12.06488144      -0.22192634
968    429          7.13904036     -12.11292237      -0.27480935
969    429          7.16533870     -12.12923602      -0.32571069
970    429          7.17865050     -12.08888999      -0.34174358
971    429          7.19344693     -12.02988222      -0.33170585
972    429          7.20007759     -11.98246138      -0.31274649
973    429          7.20160836     -11.95967664      -0.27572141
974    429          7.20075750     -11.95728349      -0.22931087
975    429          7.19016694     -11.98126394      -0.17546374
976    429          7.18624496     -12.02775754      -0.12596474
977    429          7.19542257     -12.07988668      -0.09089169
978    429          7.21409476     -12.11981336      -0.07055199
979    429          7.22378045     -12.13958817      -0.07381036
980    429          7.22609195     -12.13012280      -0.09004865
981    429          7.22232625     -12.09364515      -0.12298771
982    429          7.23541888     -12.04089408      -0.15302895
983    429          7.26732014     -11.97865222      -0.17638704
984    429          7.32101762     -11.92508250      -0.20323096
985    429          7.38380013     -11.89674885      -0.25083863
986    429          7.46272864     -11.89998915      -0.28814704
987    429          7.55802812     -11.91510024      -0.30048811
988    429          7.64821392     -11.93395730      -0.27845949
989    429          7.71633185     -11.96254530      -0.24644695
990    429          7.75131050     -12.00307787      -0.21501736
991    429          7.77868901     -12.05231530      -0.18579539
992    429          7.80633408     -12.09677414      -0.20275042
993    429          7.84561989     -12.13445526      -0.27408379
994    429          7.89645855     -12.16502997      -0.37427626
995    429          7.97471354     -12.19144303      -0.45067852
996    429          8.06197956     -12.20289876      -0.50689175
997    429          8.11828272     -12.18088594      -0.54710450
998    429          8.13795341     -12.12495803      -0.57451724
999    429          8.12308790     -12.06271497      -0.57056140
