1            0.00000000       0.00000000       0.00000000       0.00000000
2            0.00748741       0.00464215       0.00162288       0.00122239
3            0.02638519       0.01603299       0.00479403       0.00555817
4            0.04145755       0.02347447       0.00493914       0.01304393
5            0.04290752       0.01800276       0.00371414       0.02119061
6            0.04349197       0.01010005       0.00512752       0.02826441
7            0.05948049       0.00855527       0.01361607       0.03730915
8            0.09233747       0.01620318       0.03152753       0.04460676
9            0.13952103       0.03653957       0.05966578       0.04331568
10           0.19314116       0.05935917       0.09617031       0.03761169
11           0.24591580       0.08036238       0.13062194       0.03493148
12           0.28934068       0.10261668       0.15684813       0.02987588
13           0.32456383       0.12561541       0.18103558       0.01791285
14           0.34063923       0.13631891       0.19686428       0.00745604
15           0.34925532       0.13641872       0.21135285       0.00148375
16           0.38277272       0.12394332       0.25821920       0.00061021
17           0.46264939       0.10289971       0.35116379       0.00858590
18           0.58221829       0.07709574       0.48064986       0.02447269
19           0.72737338       0.05977025       0.61910431       0.04849882
20           0.91730455       0.05899765       0.78439031       0.07391659
21           1.10674931       0.07605850       0.94124316       0.08944766
22           1.24078453       0.10504363       1.04260424       0.09313666
23           1.28527733       0.12700506       1.07185938       0.08641289
24           1.30670243       0.14502046       1.08619012       0.07549185
25           1.34530747       0.16107380       1.11698474       0.06724893
26           1.36798943       0.17176627       1.12764261       0.06858055
27           1.35952821       0.17761765       1.10233822       0.07957234
28           1.34404335       0.18032518       1.07139725       0.09232092
29           1.41529602       0.18910015       1.12277757       0.10341830
30           1.54120036       0.21269170       1.22347194       0.10503672
31           1.65461007       0.25536181       1.29626809       0.10298016
32           1.70649828       0.30418766       1.31184062       0.09047000
33           1.75844255       0.35482780       1.33533105       0.06828371
34           1.82215376       0.39662352       1.37967398       0.04585627
35           1.92557259       0.43302335       1.46372038       0.02882886
36           2.05893205       0.43761904       1.60361137       0.01770164
37           2.20234093       0.43026438       1.76336340       0.00871315
38           2.31963793       0.41908946       1.89846280       0.00208567
39           2.35542018       0.39144734       1.96387412       0.00009871
40           2.32196300       0.35814306       1.95989769       0.00392225
41           2.25783916       0.32920730       1.91458565       0.01404621
42           2.25332960       0.32441627       1.89873047       0.03018286
43           2.32373002       0.35664680       1.91295593       0.05412729
44           2.49319514       0.45044467       1.96486544       0.07788503
45           2.68432293       0.56039474       2.02201543       0.10191275
46           2.86318414       0.65599347       2.09165234       0.11553833
47           3.04058159       0.73068005       2.18668101       0.12322054
48           3.22475287       0.75673514       2.33189215       0.13612558
49           3.43407956       0.76894498       2.50994702       0.15518757
50           3.67396887       0.82016506       2.68569274       0.16811106
51           3.91270790       0.94676804       2.80402249       0.16191737
52           4.16076798       1.11938258       2.89551641       0.14586899
53           4.41747511       1.24307791       3.05290042       0.12149678
54           4.64011803       1.25835458       3.29098348       0.09077997
55           4.85085734       1.21179199       3.57852878       0.06053657
56           4.99277527       1.18890846       3.76950799       0.03435883
57           5.00597366       1.23780969       3.75253749       0.01562648
58           4.93395483       1.34512968       3.58367238       0.00515277
59           4.83141833       1.43629976       3.39510776       0.00001081
60           4.78897070       1.51943667       3.26108472       0.00844930
61           4.91419745       1.65106173       3.22427639       0.03885932
62           5.18835149       1.81805196       3.28717195       0.08312759
63           5.50030360       1.97479589       3.38095986       0.14454786
64           5.74616689       2.12654608       3.40747499       0.21214582
65           5.76956512       2.21365257       3.27770139       0.27821115
66           5.56288776       2.20973796       3.02338666       0.32976313
67           5.31285508       2.16237487       2.78527200       0.36520821
68           5.18685681       2.16025284       2.64530974       0.38129423
69           5.14120735       2.17254782       2.59487300       0.37378653
70           5.18801317       2.20881258       2.58200497       0.39719561
71           5.40654844       2.30857332       2.60017570       0.49779942
72           5.66490604       2.38976625       2.61585832       0.65928148
73           5.82999011       2.41412424       2.57607520       0.83979066
74           5.91971904       2.39508805       2.50878014       1.01585086
75           6.02492448       2.40977879       2.42824650       1.18689919
76           6.17634947       2.47396357       2.36872698       1.33365891
77           6.33824291       2.54274281       2.37751827       1.41798182
78           6.42681233       2.52334499       2.45107421       1.45239313
79           6.49400647       2.45386532       2.55699029       1.48315085
80           6.57514631       2.41353503       2.64543527       1.51617601
81           6.63068777       2.34876906       2.72782923       1.55408947
82           6.58615367       2.21819360       2.80685686       1.56110321
83           6.49575034       2.10822792       2.83879086       1.54873157
84           6.47594397       2.06886194       2.81310591       1.59397612
85           6.46892404       2.05210152       2.69623260       1.72058992
86           6.38312563       1.99757922       2.50775621       1.87779019
87           6.22324067       1.90112504       2.33474293       1.98737270
88           6.04375713       1.79964506       2.23245299       2.01165908
89           5.92538196       1.68673122       2.25631700       1.98233373
90           5.82491594       1.52177244       2.39088993       1.91225357
91           5.77652061       1.32493772       2.57912991       1.87245299
92           5.84789635       1.13656727       2.73393391       1.97739518
93           6.05737785       1.00690949       2.82399770       2.22647065
94           6.40472677       0.94053274       2.88781262       2.57638142
95           6.80022202       0.95124934       2.90280321       2.94616947
96           7.10014502       1.05912434       2.84992848       3.19109220
97           7.26633824       1.22455351       2.81300031       3.22878442
98           7.39640349       1.35720100       2.87892483       3.16027766
99           7.48396343       1.45040174       2.98709379       3.04646790
100          7.55838603       1.50058776       3.10386119       2.95393708
101          7.51217999       1.46508975       3.18650311       2.86058712
102          7.40999940       1.42932794       3.21432199       2.76634947
103          7.44351715       1.51058416       3.22329074       2.70964225
104          7.70582221       1.68644782       3.27781433       2.74156005
105          8.04225323       1.85568199       3.36084692       2.82572432
106          8.23667958       2.02070964       3.36843235       2.84753759
107          8.34766880       2.20216322       3.29762900       2.84787657
108          8.53413409       2.42690021       3.26972900       2.83750488
109          8.82180649       2.64740729       3.38665392       2.78774528
110          8.91361506       2.75024505       3.46739917       2.69597084
111          8.70788577       2.72063130       3.31178873       2.67546575
112          8.42976695       2.68564630       2.99546510       2.74865555
113          8.13945173       2.71060000       2.60377341       2.82507832
114          8.02711518       2.85366827       2.28355020       2.88989671
115          8.10933268       3.09285805       2.04075513       2.97571950
116          8.33887663       3.35340075       1.86765728       3.11781861
117          8.68355098       3.62699128       1.79672862       3.25983108
118          9.06150371       3.85218297       1.83681725       3.37250350
119          9.33553969       3.97883008       1.91848137       3.43822823
120          9.48284729       4.00162224       1.95421567       3.52700938
121          9.59647211       3.92699066       1.92812639       3.74135506
122          9.76268871       3.83391445       1.84295425       4.08582000
123          9.94311854       3.74005078       1.77699444       4.42607332
124         10.08374153       3.64783856       1.81617915       4.61972382
125         10.21066327       3.56342866       1.91341000       4.73382462
126         10.32175817       3.50882429       1.98222639       4.83070748
127         10.43465580       3.43716761       1.99574788       5.00174032
128         10.51384203       3.25831229       2.00177675       5.25375299
129         10.54027033       2.99855018       1.99170322       5.55001692
130         10.53368252       2.79741805       1.94647575       5.78978872
131         10.37892157       2.67242934       1.86121203       5.84528020
132         10.09555585       2.62210367       1.78253620       5.69091598
133          9.88351612       2.61546137       1.77034550       5.49770925
134          9.88207432       2.63640403       1.84528615       5.40038414
135          9.99518558       2.72088624       1.91495021       5.35934913
136         10.08282126       2.85169557       1.86792728       5.36319842
137         10.22230171       3.00983089       1.74752190       5.46494892
138         10.41213896       3.14550273       1.70719154       5.55944469
139         10.58500163       3.29353519       1.81334540       5.47812103
140         10.69311372       3.41426181       2.02326127       5.25559064
141         10.74731084       3.47402465       2.23709393       5.03619226
142         10.68584567       3.47164221       2.29422494       4.91997852
143         10.62013003       3.50826588       2.23687814       4.87498602
144         10.70035011       3.73650818       2.22624501       4.73759692
145         10.99447795       4.10476632       2.38546759       4.50424405
146         11.40685743       4.42647705       2.62113607       4.35924431
147         11.48866749       4.49412428       2.71509588       4.27944733
148         11.35247242       4.44616714       2.69353836       4.21276692
149         11.26296831       4.43619066       2.70942971       4.11734794
150         11.28323362       4.42774648       2.78578458       4.06970256
151         11.38631674       4.36950982       2.87642909       4.14037783
152         11.49317555       4.30604532       2.92748822       4.25964201
153         11.57217053       4.44661236       2.92066507       4.20489310
154         11.72892109       4.72908101       2.95281061       4.04702947
155         12.01618547       5.01424307       3.08726125       3.91468115
156         12.35344135       5.25806188       3.26742958       3.82794989
157         12.60003308       5.45310075       3.44870234       3.69822999
158         12.76559735       5.64914611       3.55207946       3.56437178
159         12.91801317       5.82489580       3.55831455       3.53480282
160         13.06752927       5.87502240       3.56154003       3.63096684
161         13.07412189       5.75174610       3.60661328       3.71576251
162         13.03927703       5.59771907       3.74140291       3.70015505
163         13.00009490       5.41027963       3.87986184       3.70995343
164         12.77597320       5.05613743       3.94833766       3.77149812
165         12.39063767       4.63690012       3.89652349       3.85721406
166         12.21825903       4.42498377       3.89050725       3.90276801
167         12.37549328       4.55702751       3.93014944       3.88831633
168         12.73390711       4.88607483       3.99888528       3.84894700
169         13.10729829       5.19048061       4.14067602       3.77614167
170         13.43139102       5.37366462       4.41571309       3.64201331
171         13.66217001       5.43880636       4.69782619       3.52553745
172         13.74033491       5.41746126       4.79329301       3.52958065
173         13.88572189       5.44426920       4.80651441       3.63493828
174         14.21983869       5.55936632       4.82454165       3.83593072
175         14.54402351       5.68929229       4.86021398       3.99451724
176         14.68456016       5.72602090       4.87645626       4.08208300
177         14.69999575       5.72180001       4.89100745       4.08718828
178         14.74347569       5.77607248       4.88588995       4.08151326
179         14.84139358       5.95078579       4.81130946       4.07929833
180         14.73357156       6.13940587       4.54862299       4.04554270
181         14.26499380       6.14226993       4.12498915       3.99773472
182         13.64180194       6.01950052       3.67572206       3.94657936
183         13.08585654       5.86862069       3.30923548       3.90800037
184         12.76677952       5.81937873       3.06321236       3.88418843
185         12.65324297       5.84843534       2.95939507       3.84541256
186         12.51489963       5.89527826       2.94674097       3.67288041
187         12.14439225       5.80694822       2.92524920       3.41219483
188         11.60209241       5.57248458       2.82229749       3.20731035
189         11.05946771       5.28085534       2.61619063       3.16242174
190         10.79981372       5.18123590       2.43613847       3.18243935
191         10.69447606       5.25424534       2.34509591       3.09513480
192         10.76943911       5.45749819       2.36923438       2.94270653
193         10.92923846       5.73410590       2.45117917       2.74395339
194         11.07109201       6.02612032       2.53373991       2.51123178
195         11.14594400       6.24898929       2.58170215       2.31525256
196         11.17301285       6.32327512       2.62191243       2.22782530
197         11.20890324       6.28289577       2.67404204       2.25196543
198         11.26503699       6.20092521       2.69574403       2.36836775
199         11.35159283       6.17133793       2.69233093       2.48792397
200         11.40427077       6.16458866       2.64088172       2.59880038
201         11.40984503       6.12377537       2.54482687       2.74124278
202         11.31946598       6.06248355       2.40452575       2.85245668
203         11.30318373       6.13068623       2.30252306       2.86997444
204         11.34517915       6.27149480       2.27373108       2.79995327
205         11.48532524       6.44862666       2.34563609       2.69106249
206         11.60152829       6.57770363       2.40312829       2.62069637
207         11.62507510       6.65323085       2.40037393       2.57147032
208         11.55809428       6.69295499       2.40000097       2.46513833
209         11.55071254       6.71407641       2.45010727       2.38652886
210         11.75981134       6.74818442       2.54714543       2.46448149
211         12.16657798       6.82231305       2.66985835       2.67440658
212         12.49758699       6.88313859       2.77399048       2.84045791
213         12.60909141       6.83310276       2.86362674       2.91236191
214         12.70940025       6.80475316       2.93950264       2.96514445
215         12.83949866       6.83507539       2.99100090       3.01342238
216         12.94385814       6.96243372       3.01266872       2.96875571
217         12.96360070       7.09728069       2.98157253       2.88474748
218         12.82541591       7.16186719       2.86025337       2.80329536
219         12.54702504       7.16249541       2.67750043       2.70702920
220         12.34893272       7.14122016       2.55748980       2.65022277
221         12.45414793       7.22901703       2.60521396       2.61991695
222         12.83703824       7.43420054       2.78155531       2.62128239
223         13.26449114       7.69037285       2.95958957       2.61452873
224         13.56747052       7.86048629       3.09293645       2.61404777
225         13.59814794       7.84906090       3.14000285       2.60908419
226         13.30939421       7.68207964       3.11934707       2.50796750
227         12.83345123       7.47098771       3.05141215       2.31105137
228         12.31799319       7.25649400       2.93127586       2.13022333
229         11.98567679       7.15243456       2.76938477       2.06385746
230         11.82940160       7.17412322       2.58498264       2.07029574
231         11.90524891       7.38318502       2.45698139       2.06508250
232         12.22732602       7.68340638       2.45757920       2.08634044
233         12.49629112       7.90174467       2.46461716       2.12992930
234         12.49923813       7.94976837       2.37938331       2.17008645
235         12.40384766       7.90571279       2.26946126       2.22867362
236         12.37599674       7.81796791       2.25128808       2.30674074
237         12.41775427       7.71719210       2.31714536       2.38341681
238         12.51144444       7.68539152       2.35997318       2.46607974
239         12.53611480       7.62428917       2.36255600       2.54926964
240         12.44701932       7.41780724       2.41001379       2.61919830
241         12.41491092       7.12368500       2.58884425       2.70238166
242         12.57126934       7.07891246       2.69633493       2.79602195
243         12.93092127       7.34258725       2.68125839       2.90707564
244         13.48766806       7.80279176       2.66856107       3.01631522
245         13.97907280       8.15171096       2.70462588       3.12273596
246         14.19403518       8.20139867       2.73647448       3.25616204
247         14.15908723       8.06170586       2.73515463       3.36222674
248         13.95338299       7.78995067       2.70574105       3.45769127
249         13.64523539       7.41729265       2.68837427       3.53956847
250         13.45195389       7.01426690       2.80320475       3.63448225
251         13.41312930       6.65966420       3.07004564       3.68341946
252         13.60207485       6.43997950       3.40574059       3.75635476
253         13.76081825       6.32797112       3.59177000       3.84107713
254         13.81266090       6.22736753       3.58455838       4.00073499
255         13.71956516       6.05177038       3.43774258       4.23005220
256         13.66528888       5.93654122       3.28393068       4.44481698
257         13.64428118       5.93555457       3.14680735       4.56191926
258         13.61030210       5.95271285       3.09193100       4.56565825
259         13.57339963       5.87020115       3.12428317       4.57891531
260         13.55833914       5.80073550       3.17881556       4.57878808
261         13.53760129       5.74486965       3.25353466       4.53919698
262         13.41504250       5.72010357       3.26738949       4.42754944
263         13.40604396       5.79329831       3.21386784       4.39887782
264         13.40145337       5.80968714       3.10820222       4.48356401
265         13.33150785       5.69707908       3.00810094       4.62632784
266         13.18220894       5.51857089       2.92119273       4.74244532
267         13.10672982       5.42654230       2.84198766       4.83819986
268         12.96583985       5.41107990       2.69867438       4.85608557
269         12.70387539       5.40861439       2.44779630       4.84746470
270         12.31260759       5.32534388       2.18139678       4.80586694
271         11.95824422       5.26712772       2.01984128       4.67127522
272         11.84603155       5.35092214       1.98555345       4.50955596
273         12.04841325       5.63237328       2.04185838       4.37418159
274         12.30412188       5.96067771       2.10748509       4.23595907
275         12.42038254       6.27470051       2.12151183       4.02417020
276         12.33569020       6.45575489       2.08669934       3.79323597
277         12.12036450       6.49135939       2.01829850       3.61070661
278         11.86428871       6.44316970       1.94589139       3.47522762
279         11.61932373       6.32033412       1.91531262       3.38367699
280         11.49328253       6.20629064       1.91563559       3.37135630
281         11.26943930       6.00527583       1.84760017       3.41656330
282         11.02673490       5.85585513       1.75331268       3.41756709
283         10.87936981       5.79489170       1.66972008       3.41475803
284         10.83031623       5.83008048       1.64047121       3.35976454
285         10.79663638       5.92210418       1.63068814       3.24384407
286         10.73796625       6.02598250       1.64858646       3.06339729
287         10.74917177       6.09868002       1.68530008       2.96519167
288         10.76765569       6.09787171       1.63505553       3.03472845
289         10.54341140       5.88188379       1.49047567       3.17105194
290         10.16001350       5.53459370       1.35755891       3.26786089
291          9.86973199       5.26006675       1.28853190       3.32113334
292          9.73107078       5.09886554       1.25872208       3.37348316
293          9.55551308       5.00065654       1.20219289       3.35266365
294          9.18650787       4.85453675       1.09475166       3.23721945
295          8.80042914       4.71075358       0.95742579       3.13224977
296          8.57203383       4.61490644       0.83486934       3.12225804
297          8.63426077       4.75269662       0.72836634       3.15319782
298          8.72412185       4.98129155       0.61881912       3.12401118
299          8.85933089       5.23917894       0.52617449       3.09397747
300          8.93521802       5.37493024       0.46858238       3.09170540
301          8.99458761       5.41775504       0.46097676       3.11585581
302          8.93238135       5.36425065       0.46222067       3.10591002
303          8.69357702       5.14216568       0.44985303       3.10155831
304          8.46486639       4.84504759       0.41875225       3.20106656
305          8.36564738       4.61287684       0.36486489       3.38790565
306          8.45967049       4.54796186       0.28493343       3.62677520
307          8.52013208       4.45286647       0.19682398       3.87044163
308          8.57710700       4.39145524       0.13902145       4.04663031
309          8.60480635       4.33968445       0.12649884       4.13862305
310          8.83511446       4.41118641       0.13320312       4.29072493
311          9.04711224       4.44320953       0.13174923       4.47215348
312          9.10813967       4.36796478       0.12944256       4.61073234
313          8.97580811       4.21612031       0.11453911       4.64514868
314          8.66091770       4.00352798       0.08558529       4.57180443
315          8.30401579       3.79489787       0.04706511       4.46205281
316          8.06555770       3.72216272       0.02044530       4.32294968
317          8.06835292       3.85259146       0.00718619       4.20857528
318          8.18129156       4.09968189       0.00372766       4.07788201
319          8.18959512       4.26487984       0.00703814       3.91767714
320          7.89770970       4.10296206       0.01364638       3.78110125
321          7.59473254       3.85588798       0.02099070       3.71785386
322          7.39820266       3.70067290       0.02708521       3.67044455
323          7.18531175       3.57329927       0.04451798       3.56749450
324          6.98227470       3.45150786       0.07250383       3.45826301
325          7.01792379       3.53168370       0.08796696       3.39827314
326          7.23620528       3.76395041       0.09001549       3.38223938
327          7.23810230       3.78754026       0.09292996       3.35763208
328          7.07268184       3.67396828       0.11333709       3.28537647
329          6.88771022       3.59560580       0.11216262       3.17994179
330          6.77661040       3.49272954       0.09276759       3.19111328
331          6.72160646       3.44341889       0.07033757       3.20785000
332          6.66339662       3.31499437       0.06498308       3.28341916
333          6.54378367       3.18750826       0.06889586       3.28737955
334          6.54910735       3.28731957       0.07399764       3.18779014
335          6.64970599       3.48211189       0.07972604       3.08786806
336          6.80182002       3.63369547       0.09535715       3.07276741
337          6.79304525       3.62575668       0.12797269       3.03931587
338          6.74454330       3.53746879       0.18690914       3.02016537
339          6.70138473       3.45064195       0.24677355       3.00396924
340          6.61505990       3.36475595       0.28631593       2.96398803
341          6.51662956       3.21124196       0.33021774       2.97516986
342          6.55379851       3.15580931       0.37659190       3.02139730
343          6.85863454       3.31125488       0.42325115       3.12412851
344          7.36030917       3.59192238       0.48453146       3.28385533
345          7.90042123       3.84891141       0.63442735       3.41708246
346          8.36131913       4.02476979       0.85027464       3.48627470
347          8.68768691       4.01385538       1.01404028       3.65979126
348          8.91669956       3.84552935       1.13986416       3.93130605
349          9.09344046       3.61232784       1.28673440       4.19437822
350          9.33697804       3.44923489       1.53112374       4.35661941
351          9.78088538       3.40993640       1.84539806       4.52555093
352         10.31475392       3.47976879       2.07472790       4.76025722
353         10.70266195       3.46806892       2.24325626       4.99133677
354         10.96479443       3.42190288       2.44076782       5.10212373
355         11.14361179       3.37532104       2.62552767       5.14276308
356         11.21474232       3.29034244       2.81120240       5.11319747
357         11.13682519       3.09488414       3.03875517       5.00318589
358         10.88133749       2.79564252       3.26007949       4.82561549
359         10.39765641       2.52354610       3.30983553       4.56427478
360          9.83866343       2.31654722       3.22479923       4.29731698
361          9.40051942       2.11050639       3.07845970       4.21155332
362          9.05474027       1.88494283       2.84466827       4.32512917
363          8.85669182       1.68112335       2.62624275       4.54932571
364          8.92619266       1.53369911       2.55897517       4.83351838
365          9.26930794       1.41254977       2.66240279       5.19435538
366          9.84347810       1.32662861       2.86864703       5.64820246
367         10.44815205       1.24058343       3.10837245       6.09919616
368         10.90911578       1.13649823       3.33264175       6.43997580
369         11.18299218       1.02291036       3.42801248       6.73206934
370         11.42187252       0.96083072       3.40772678       7.05331502
371         11.83583887       0.95594426       3.34760536       7.53228925
372         12.23021451       0.96942680       3.22019081       8.04059691
373         12.34601093       0.92140887       3.02211950       8.40248256
374         12.19713058       0.82176832       2.81243314       8.56292911
375         11.93913900       0.71200052       2.63624377       8.59089471
376         11.63726744       0.62259951       2.44020077       8.57446716
377         11.32176784       0.56953100       2.25611046       8.49612637
378         11.03763746       0.49942324       2.16325923       8.37495499
379         10.68956755       0.41628883       2.09292498       8.18035374
380         10.25976749       0.37266105       1.99746588       7.88964057
381          9.79494828       0.36684469       1.95155759       7.47654600
382          9.27652817       0.41425018       1.88177063       6.98050736
383          8.70541083       0.47823781       1.78667343       6.44049959
384          8.20631089       0.53055936       1.71230240       5.96344913
385          7.81273768       0.57287879       1.70109772       5.53876117
386          7.52364115       0.61363298       1.71216060       5.19784757
387          7.51149560       0.64904348       1.72289343       5.13955869
388          7.69862276       0.69993697       1.70269811       5.29598767
389          7.87731214       0.78654634       1.64614786       5.44461794
390          8.00498694       0.87017104       1.65776402       5.47705188
391          8.23753865       0.94380341       1.69946865       5.59426659
392          8.57920018       1.03431489       1.80760136       5.73728393
393          8.83416841       1.14493674       1.92899685       5.76023482
394          8.96938404       1.21464788       2.09807707       5.65665908
395          9.01908980       1.19801562       2.30709345       5.51398073
396          8.80267436       1.09584846       2.40739280       5.29943310
397          8.33982008       0.97356779       2.37101745       4.99523483
398          7.94345700       0.93006825       2.32027301       4.69311574
399          7.71189829       0.97971851       2.35446840       4.37771138
400          7.60496630       1.08407018       2.47912362       4.04177249
401          7.58226910       1.16820371       2.62447990       3.78958549
402          7.48738760       1.17713106       2.69445492       3.61580162
403          7.26798884       1.18074794       2.72339352       3.36384739
404          6.98982089       1.21073788       2.77986158       2.99922143
405          6.70010169       1.23276358       2.84067176       2.62666635
406          6.45539903       1.23728021       2.88249031       2.33562851
407          6.34796223       1.24437621       2.94758841       2.15599760
408          6.43778666       1.26478794       3.11952058       2.05347814
409          6.59678812       1.30741972       3.30386257       1.98550583
410          6.65030845       1.39779654       3.35554524       1.89696667
411          6.59017923       1.50709219       3.29690692       1.78618013
412          6.46672099       1.61180504       3.21894979       1.63596617
413          6.25492441       1.65800889       3.11967018       1.47724534
414          5.97988002       1.65281421       3.02059443       1.30647138
415          5.75297985       1.61537387       2.97076887       1.16683712
416          5.66859090       1.55930354       3.02172027       1.08756710
417          5.76359334       1.52859186       3.19812659       1.03687489
418          5.90537377       1.52138839       3.38404748       0.99993790
419          5.92496552       1.53862761       3.44251810       0.94381981
420          5.70906905       1.53788779       3.25182276       0.91935850
421          5.40420088       1.54401845       2.95917622       0.90100621
422          5.20543709       1.51806698       2.80473253       0.88263757
423          5.12250866       1.51066931       2.75773733       0.85410202
424          5.03774947       1.50633365       2.74791644       0.78349937
425          4.94527194       1.53463206       2.74467338       0.66596651
426          4.95301652       1.61560199       2.81594916       0.52146537
427          5.07679377       1.68943268       2.99574120       0.39161990
428          5.14092414       1.74432042       3.10977287       0.28683085
429          5.01909953       1.74869839       3.07860484       0.19179630
430          4.76901184       1.74254090       2.92373287       0.10273807
431          4.62790591       1.80357371       2.78367018       0.04066202
432          4.64605382       1.91531381       2.72514503       0.00559497
433          4.76996156       1.99976493       2.76920242       0.00099422
434          4.93156222       2.01408666       2.90088605       0.01658951
435          5.10332020       1.96959758       3.09192045       0.04180218
436          5.32958255       1.98199291       3.27274345       0.07484618
437          5.56630713       2.03207349       3.43422648       0.10000716
438          5.72091469       2.02282940       3.59245644       0.10562886
439          5.76245475       1.96360741       3.70775089       0.09109645
440          5.72119030       1.89792035       3.75410911       0.06916084
441          5.67489861       1.87534214       3.74362544       0.05593103
442          5.64602756       1.82689682       3.77011652       0.04901422
443          5.53444193       1.70005186       3.77260271       0.06178736
444          5.34204583       1.50788507       3.74278105       0.09137970
445          5.25080586       1.34240028       3.76853675       0.13986883
446          5.35612191       1.25787597       3.90806007       0.19018587
447          5.62212146       1.20155388       4.17375747       0.24681011
448          5.84078081       1.14016342       4.40603508       0.29458231
449          5.93398067       1.14185608       4.51119776       0.28092684
450          6.04388457       1.23724742       4.57575531       0.23088184
451          6.17524888       1.37126337       4.63245586       0.17152966
452          6.34536204       1.46360515       4.75629432       0.12546257
453          6.51945769       1.52838846       4.91255578       0.07851344
454          6.72308563       1.62587524       5.04664355       0.05056684
455          6.96435274       1.77346980       5.14946611       0.04141684
456          7.18441470       1.87888733       5.25473396       0.05079341
457          7.36779892       1.88272858       5.41457176       0.07049858
458          7.48710734       1.87532708       5.52216786       0.08961240
459          7.45091474       1.89883001       5.45042528       0.10165944
460          7.27435334       1.90795994       5.26444014       0.10195326
461          7.03357728       1.82648470       5.10598622       0.10110636
462          6.84105882       1.70655124       5.05221310       0.08229448
463          6.69069359       1.65033130       4.98419668       0.05616561
464          6.67689435       1.67400559       4.96927682       0.03361194
465          6.75741067       1.70519766       5.03083915       0.02137386
466          6.79027134       1.70907980       5.06678257       0.01440897
467          6.76050111       1.70078672       5.05153117       0.00818322
468          6.84449514       1.68274597       5.15335846       0.00839070
469          7.04077601       1.65113605       5.37458759       0.01505237
470          7.19888144       1.64804718       5.52955107       0.02128318
471          7.12682321       1.67120171       5.42719490       0.02842660
472          6.85836920       1.72452282       5.08952928       0.04431710
473          6.55781895       1.70865859       4.78630773       0.06285264
474          6.24390506       1.57953098       4.59565613       0.06871795
475          6.02745780       1.44715147       4.52480060       0.05550572
476          6.00836077       1.41214052       4.54839189       0.04782836
477          6.15240894       1.41079574       4.69328961       0.04832358
478          6.47733381       1.46954097       4.97788963       0.02990321
479          6.82499197       1.54797183       5.26970305       0.00731709
480          7.04831418       1.65373674       5.39455475       0.00002270
481          7.25528657       1.83639117       5.41036560       0.00852981
482          7.58265471       2.04381131       5.50446839       0.03437501
483          8.04889879       2.20316780       5.77877564       0.06695534
484          8.38885051       2.27219953       6.01939212       0.09725886
485          8.43527959       2.28633443       6.01891136       0.13003381
486          8.18546479       2.28177245       5.75170523       0.15198711
487          7.87444649       2.23691032       5.46069388       0.17684229
488          7.63898819       2.11212507       5.31730339       0.20955973
489          7.47771544       1.94002784       5.29423174       0.24345587
490          7.40520649       1.77277673       5.35489965       0.27753011
491          7.36916158       1.61444672       5.43104376       0.32367109
492          7.49107282       1.48662102       5.60809047       0.39636133
493          7.77369423       1.38002539       5.91959751       0.47407133
494          8.06165621       1.29754888       6.22417613       0.53993120
495          8.13829204       1.23614082       6.30699259       0.59515863
496          8.10299893       1.23839292       6.21020614       0.65439986
497          8.13032933       1.25569555       6.15649323       0.71814055
498          8.27909033       1.20549207       6.28468108       0.78891718
499          8.48914985       1.08317170       6.55509835       0.85087980
500          8.60636294       0.94469147       6.76735652       0.89431496
501          8.70010348       0.86576705       6.91765446       0.91668197
502          8.80807950       0.82876982       7.05319949       0.92611019
503          9.00334813       0.81980935       7.19964569       0.98389309
504          9.25977680       0.83794510       7.30010793       1.12172378
505          9.59695239       0.91984371       7.36669311       1.31041556
506          9.91821717       1.02275382       7.44348595       1.45197740
507         10.21631672       1.10297929       7.58113133       1.53220610
508         10.40821162       1.11921508       7.70382990       1.58516664
509         10.50911824       1.11654257       7.73559042       1.65698525
510         10.63093764       1.12087154       7.76269167       1.74737443
511         10.84102379       1.11277114       7.83038506       1.89786759
512         11.11119817       1.08489604       7.93173196       2.09457016
513         11.33293019       1.08086478       7.98535633       2.26670908
514         11.49773852       1.12374045       7.96985550       2.40414257
515         11.64045347       1.16656188       8.00553758       2.46835402
516         11.80075117       1.19091107       8.17700716       2.43283295
517         11.95261175       1.21721544       8.45103011       2.28436620
518         12.22348963       1.25613674       8.85500081       2.11235208
519         12.42168954       1.27451399       9.21905982       1.92811573
520         12.53711313       1.25006078       9.55301039       1.73404196
521         12.58006414       1.19637698       9.82657042       1.55711674
522         12.63628377       1.14604814      10.08732619       1.40290944
523         12.77485146       1.12343323      10.39602601       1.25539222
524         13.06132025       1.12796123      10.80072685       1.13263217
525         13.44546726       1.15320938      11.21703735       1.07522053
526         13.70382602       1.20976074      11.44384827       1.05021701
527         13.82544327       1.31290443      11.51695419       0.99558464
528         13.77715932       1.40624964      11.50237779       0.86853188
529         13.62144838       1.44267616      11.46882575       0.70994647
530         13.42928151       1.48273058      11.34811045       0.59844048
531         13.24192509       1.56605452      11.14039009       0.53548048
532         13.14086717       1.67917039      10.98010269       0.48159410
533         13.18239696       1.83925229      10.90707277       0.43607190
534         13.18145807       2.01660826      10.76378381       0.40106600
535         13.03980464       2.16572238      10.51335535       0.36072691
536         12.84202920       2.29224981      10.25455346       0.29522594
537         12.65427340       2.40570545      10.01718734       0.23138062
538         12.61512094       2.56829596       9.84537353       0.20145146
539         12.66999846       2.76145820       9.72271387       0.18582640
540         12.67657579       2.91251715       9.61553132       0.14852733
541         12.51742207       2.97687755       9.43812455       0.10241998
542         12.19809339       2.96194505       9.15486140       0.08128694
543         11.87788523       2.93431281       8.86393134       0.07964108
544         11.79209891       2.97141890       8.74380589       0.07687412
545         11.80952191       3.04002689       8.70303809       0.06645693
546         11.68408055       3.09818547       8.52572602       0.06016906
547         11.39049197       3.15221784       8.18097543       0.05729870
548         11.08624600       3.25036328       7.78144515       0.05443757
549         10.92095110       3.39518939       7.46554848       0.06021322
550         10.87700212       3.58970029       7.21111155       0.07619028
551         10.89089084       3.79595686       7.01341349       0.08152049
552         10.87227208       3.98283374       6.83052343       0.05891491
553         10.74443091       4.08128259       6.63210509       0.03104323
554         10.61875475       4.15651706       6.43902419       0.02321350
555         10.66795838       4.27748363       6.36150535       0.02896940
556         10.82460959       4.45408210       6.33422964       0.03629785
557         10.87660227       4.59060278       6.25283877       0.03316072
558         10.64947780       4.62441034       6.00374079       0.02132667
559         10.25840570       4.62925166       5.61978793       0.00936611
560          9.89570555       4.58023552       5.31110797       0.00436207
561          9.69252049       4.50007084       5.18876176       0.00368790
562          9.65396566       4.42147896       5.22640816       0.00607853
563          9.71415493       4.42410411       5.27776951       0.01228131
564          9.77406644       4.50569532       5.24244107       0.02593004
565          9.81228883       4.64063623       5.12045962       0.05119297
566          9.87104302       4.85655999       4.93623247       0.07825056
567          9.95998338       5.18444238       4.69069887       0.08484214
568         10.13062154       5.55981285       4.49368186       0.07712683
569         10.26135645       5.78245580       4.39890316       0.07999750
570         10.35153148       5.77904508       4.48328244       0.08920397
571         10.35917432       5.65995132       4.60238760       0.09683539
572         10.14014265       5.44533118       4.59245586       0.10235561
573          9.72281853       5.11936039       4.49135726       0.11210088
574          9.42621053       4.84052845       4.46431062       0.12137146
575          9.37232082       4.68658189       4.56509285       0.12064608
576          9.43798186       4.66319023       4.66833142       0.10646022
577          9.38197151       4.69109842       4.60420654       0.08666655
578          9.17157066       4.65760348       4.43575902       0.07820816
579          9.01617102       4.56594817       4.38296869       0.06725417
580          9.02175946       4.49529384       4.47390868       0.05255694
581          9.14801629       4.53296274       4.58488116       0.03017239
582          9.25381982       4.59207763       4.65144724       0.01029495
583          9.37413611       4.61520045       4.75860081       0.00033485
584          9.55167311       4.59091238       4.95722815       0.00353258
585          9.67218530       4.51918342       5.13433888       0.01866299
586          9.62366194       4.35870349       5.22196198       0.04299647
587          9.41509810       4.14116818       5.20844318       0.06548673
588          9.07357274       3.91514732       5.06948015       0.08894527
589          8.75015284       3.76477736       4.86528868       0.12008680
590          8.59052720       3.70839656       4.73588274       0.14624791
591          8.68483645       3.79245159       4.74750611       0.14487875
592          8.87491710       3.93000622       4.81342068       0.13149020
593          8.85472977       3.92936426       4.80294229       0.12242322
594          8.53896475       3.75409434       4.65191565       0.13295475
595          8.13406039       3.48127308       4.48969610       0.16309121
596          7.86473436       3.27013479       4.38421063       0.21038895
597          7.63068694       3.10663887       4.25348931       0.27055877
598          7.38596826       3.00061048       4.06587114       0.31948664
599          7.20274852       3.00321705       3.85971894       0.33981254
600          7.08561905       3.10868964       3.66038823       0.31654119
601          6.87064474       3.12458369       3.48406285       0.26199820
602          6.42057262       2.91580026       3.30837065       0.19640171
603          5.76165338       2.57191248       3.06025852       0.12948238
604          5.13496199       2.23682020       2.82032370       0.07781810
605          4.72041220       1.99465422       2.67367899       0.05207898
606          4.50144027       1.89238002       2.57137546       0.03768480
607          4.32951024       1.88959573       2.41316776       0.02674675
608          4.10346292       1.85673092       2.22535369       0.02137831
609          3.84025671       1.79176657       2.02699142       0.02149872
610          3.59195269       1.73384781       1.83327722       0.02482766
611          3.31940703       1.66433146       1.63191941       0.02315616
612          3.00616408       1.57276262       1.41492683       0.01847463
613          2.68715921       1.46454926       1.20844657       0.01416338
614          2.38425609       1.34633682       1.02524665       0.01267262
615          2.16472904       1.22567442       0.92740708       0.01164754
616          2.03359429       1.13178142       0.89490987       0.00690300
617          1.96594632       1.07549514       0.88867833       0.00177285
618          1.95320745       1.07075469       0.88241650       0.00003626
619          1.95198928       1.06575672       0.88528122       0.00095134
620          1.88574649       1.01802341       0.86771679       0.00000629
621          1.76637391       0.91412874       0.84760524       0.00463993
622          1.64303364       0.81632864       0.81127827       0.01542673
623          1.55006388       0.74495544       0.77399608       0.03111237
624          1.45293288       0.65449813       0.74116322       0.05727152
625          1.36680643       0.54368504       0.72955809       0.09356330
626          1.32030584       0.43455147       0.74365709       0.14209728
627          1.36635608       0.35908255       0.81876250       0.18851103
628          1.52259652       0.30826226       0.98969672       0.22463754
629          1.67657878       0.26059256       1.14110258       0.27488364
630          1.78992394       0.21795782       1.19584788       0.37611823
631          1.93285046       0.19450993       1.18958858       0.54875196
632          2.11501246       0.16345620       1.19652996       0.75502629
633          2.26905173       0.10873420       1.20622186       0.95409567
634          2.40851151       0.06079889       1.23415744       1.11355518
635          2.61471796       0.03214110       1.34540290       1.23717396
636          2.85470388       0.01839398       1.51583002       1.32047988
637          3.01120015       0.01352044       1.64913045       1.34854927
638          3.03161902       0.01377942       1.67715538       1.34068422
639          3.02189452       0.01552596       1.68311554       1.32325301
640          3.09426067       0.01892064       1.74317765       1.33216238
641          3.19123273       0.01830578       1.80311829       1.36980866
642          3.27897101       0.01398702       1.84991129       1.41507269
643          3.41878899       0.01029102       1.93706092       1.47143705
644          3.53039049       0.00767022       2.04131047       1.48140979
645          3.53227763       0.00854049       2.06936534       1.45437179
646          3.49955823       0.01453742       2.04390899       1.44111182
647          3.51053322       0.03754009       1.98939707       1.48359606
648          3.59685030       0.07643015       1.94901234       1.57140781
649          3.66954883       0.11039729       1.90648070       1.65267084
650          3.64438443       0.13336427       1.78800379       1.72301637
651          3.57633600       0.14734614       1.63708194       1.79190792
652          3.48133631       0.15052857       1.55053064       1.78027710
653          3.37476328       0.14679717       1.54764239       1.68032372
654          3.29248461       0.16179985       1.50351134       1.62717342
655          3.19492612       0.18881264       1.34193736       1.66417611
656          3.08980082       0.21374056       1.13631873       1.73974153
657          3.00790643       0.23668214       1.01297059       1.75825370
658          3.02858774       0.26991176       1.02290654       1.73576944
659          3.17015058       0.30322220       1.10579252       1.76113586
660          3.32783111       0.33327828       1.15233758       1.84221524
661          3.38686443       0.35204762       1.14065113       1.89416569
662          3.31604696       0.35033806       1.10434669       1.86136221
663          3.13901319       0.32099577       1.02456338       1.79345404
664          2.94829601       0.28468769       0.89803491       1.76557340
665          2.82330665       0.27957388       0.75235539       1.79137739
666          2.80029593       0.30791495       0.62153661       1.87084437
667          2.83231105       0.34833021       0.54663699       1.93734385
668          2.85319686       0.35847070       0.56492323       1.92980293
669          2.85375511       0.34861557       0.67610396       1.82903558
670          2.76700542       0.32129650       0.79899312       1.64671581
671          2.62590979       0.29974162       0.88896082       1.43720735
672          2.48366192       0.26795256       0.95013220       1.26557717
673          2.38116622       0.24776853       0.99778079       1.13561689
674          2.29626896       0.25996457       1.00362770       1.03267669
675          2.17812307       0.28957647       0.94771553       0.94083107
676          1.99807365       0.29814384       0.83601617       0.86391364
677          1.73911411       0.26777655       0.71143305       0.75990451
678          1.46992899       0.23496879       0.59255247       0.64240773
679          1.29299518       0.21556789       0.49448644       0.58294085
680          1.22835942       0.21157859       0.45105097       0.56572986
681          1.17824453       0.19599464       0.45284465       0.52940524
682          1.13984964       0.17699319       0.49296700       0.46988945
683          1.16841771       0.16340890       0.57059941       0.43440940
684          1.22905180       0.17394216       0.62186452       0.43324512
685          1.26022049       0.19482684       0.62983693       0.43555673
686          1.23069754       0.19305499       0.59511554       0.44252701
687          1.15530652       0.16703748       0.52568564       0.46258340
688          1.03890454       0.13296291       0.44388064       0.46206099
689          0.90230189       0.09045725       0.36140313       0.45044150
690          0.82322510       0.04622208       0.27828737       0.49871564
691          0.81597334       0.01986448       0.17739377       0.61871508
692          0.83283530       0.00450603       0.10030220       0.72802706
693          0.82635087       0.00068027       0.06710893       0.75856167
694          0.82837648       0.01322445       0.06644672       0.74870531
695          0.84673727       0.02793650       0.07686298       0.74193779
696          0.85956915       0.03347306       0.07871343       0.74738266
697          0.90437981       0.03664115       0.07143943       0.79629923
698          0.99410486       0.03266658       0.06015254       0.90128574
699          1.08957817       0.02431352       0.05195242       1.01331223
700          1.16640550       0.01551078       0.04224286       1.10865186
701          1.24649178       0.01257191       0.02581244       1.20810742
702          1.35964245       0.01435698       0.00982266       1.33546281
703          1.51549928       0.01483521       0.00129918       1.49936489
704          1.69201120       0.00968984       0.00004090       1.68228047
705          1.85029560       0.00468665       0.00001143       1.84559751
706          1.92947329       0.00453436       0.00017857       1.92476036
707          1.92642649       0.00742041       0.00074640       1.91825968
708          1.83697914       0.01140760       0.00016986       1.82540168
709          1.74210533       0.01221973       0.00008042       1.72980517
710          1.78096274       0.01168439       0.00026227       1.76901608
711          1.97756925       0.00829934       0.00000751       1.96926240
712          2.18186719       0.00473459       0.00081533       2.17631727
713          2.24400771       0.00173342       0.00353883       2.23873545
714          2.22955375       0.00059464       0.01234770       2.21661140
715          2.25395107       0.00154094       0.03131738       2.22109275
716          2.38262037       0.00819347       0.05899192       2.31543497
717          2.51737658       0.02859706       0.09907328       2.38970623
718          2.60309468       0.05975353       0.13474287       2.40859828
719          2.63539184       0.09588592       0.15200924       2.38749668
720          2.70017200       0.12586040       0.16692472       2.40738687
721          2.83803215       0.15113968       0.19904541       2.48784706
722          3.05774799       0.17738925       0.24004353       2.64031522
723          3.37801224       0.20576931       0.30354590       2.86869702
724          3.64830281       0.20582379       0.37571142       3.06676760
725          3.79306269       0.18678099       0.45153601       3.15474570
726          3.70725322       0.15543015       0.50258803       3.04923505
727          3.45196193       0.12157061       0.51702302       2.81336830
728          3.20899989       0.09928843       0.53500702       2.57470445
729          3.12185270       0.09213872       0.58371157       2.44600241
730          3.24946659       0.10146331       0.70349926       2.44450401
731          3.45712672       0.12230429       0.82524058       2.50958185
732          3.64522605       0.14554230       0.92062910       2.57905465
733          3.78456322       0.16519828       1.00259610       2.61676884
734          3.82624375       0.18774425       1.03361962       2.60487989
735          3.75553980       0.21175691       1.02820831       2.51557459
736          3.69940595       0.23681889       1.04487072       2.41771634
737          3.66299174       0.22697092       1.09588561       2.34013522
738          3.62092943       0.17012677       1.19210168       2.25870099
739          3.58650135       0.11066741       1.33439784       2.14143610
740          3.59057529       0.05793841       1.51306187       2.01957501
741          3.68941530       0.02615890       1.70349595       1.95976044
742          3.84516626       0.01368163       1.89942504       1.93205958
743          3.93127423       0.02161898       1.99124662       1.91840863
744          3.87207947       0.04461446       1.90937936       1.91808564
745          3.74742336       0.07512776       1.77359895       1.89869665
746          3.59572108       0.10424512       1.67603851       1.81543745
747          3.49780876       0.12122665       1.63102099       1.74556112
748          3.48369504       0.12559932       1.64286184       1.71523388
749          3.57700398       0.12410951       1.71637315       1.73652133
750          3.72707595       0.12560140       1.84923268       1.75224187
751          3.86143471       0.12671786       1.99083389       1.74388297
752          3.86344255       0.14730053       1.99776152       1.71838050
753          3.71558191       0.18767109       1.82856311       1.69934772
754          3.45579128       0.20131340       1.59620991       1.65826797
755          3.18940876       0.17634535       1.40931261       1.60375080
756          3.02432187       0.13822441       1.34346615       1.54263132
757          2.94347321       0.08837323       1.34610664       1.50899334
758          2.88328848       0.05601637       1.34370803       1.48356407
759          2.87214046       0.05115911       1.37973642       1.44124493
760          2.95928047       0.06106534       1.46169703       1.43651810
761          3.06270799       0.05892485       1.56394986       1.43983328
762          3.13036625       0.04811874       1.67352096       1.40872655
763          3.19622184       0.04858186       1.81418675       1.33345322
764          3.23495014       0.05048391       1.92542674       1.25903949
765          3.23212159       0.02974710       1.98193739       1.22043710
766          3.17469026       0.00377714       1.95846305       1.21245008
767          3.06282296       0.00149765       1.86084613       1.20047918
768          2.92669246       0.00776622       1.70833184       1.21059440
769          2.77380048       0.00926342       1.52140482       1.24313223
770          2.76746051       0.00699634       1.44118784       1.31927633
771          3.02051609       0.00353993       1.59568510       1.42129105
772          3.41087088       0.00117990       1.91624585       1.49344514
773          3.70311724       0.00059547       2.16770751       1.53481426
774          3.81442032       0.00278688       2.25376165       1.55787178
775          3.75226106       0.01491586       2.16186184       1.57548336
776          3.67875328       0.04324911       2.04410688       1.59139729
777          3.57394959       0.07988465       1.94671282       1.54735212
778          3.44642291       0.10932831       1.87685106       1.46024354
779          3.35021587       0.11035102       1.83503807       1.40482678
780          3.28610470       0.09444161       1.78995024       1.40171286
781          3.25456533       0.08607075       1.75029950       1.41819508
782          3.28685449       0.09079873       1.73837461       1.45768115
783          3.47988944       0.10156321       1.85139476       1.52693146
784          3.72466147       0.11294174       2.02697388       1.58474585
785          3.79442397       0.12969827       2.11994742       1.54477829
786          3.59640104       0.14555350       2.07204601       1.37880153
787          3.34292568       0.14607387       1.97699072       1.21986109
788          3.15684096       0.14977073       1.89662439       1.11044584
789          3.12844839       0.17910523       1.92195995       1.02738322
790          3.27517357       0.25204840       2.06498975       0.95813542
791          3.41772087       0.34116337       2.17661850       0.89993900
792          3.52705258       0.42168332       2.26937111       0.83599814
793          3.65537420       0.47650829       2.42103471       0.75783120
794          3.81845476       0.51145430       2.62290379       0.68409668
795          3.82335860       0.53875355       2.68220076       0.60240429
796          3.74972226       0.59558894       2.61138735       0.54274597
797          3.69758055       0.72174455       2.45677884       0.51905716
798          3.58098181       0.86843972       2.23886832       0.47367377
799          3.39956995       0.99482912       2.00413503       0.40060580
800          3.27379210       1.13239771       1.79960084       0.34179356
801          3.23459916       1.29246201       1.61505451       0.32708264
802          3.28247194       1.48363257       1.46321047       0.33562889
803          3.41171876       1.71940491       1.35566379       0.33665006
804          3.61825929       1.96340496       1.31550928       0.33934505
805          3.82721533       2.16993363       1.29331802       0.36396367
806          3.97860107       2.31063928       1.25241111       0.41555067
807          3.97747796       2.36968626       1.16949703       0.43829467
808          3.83924840       2.38045898       1.05215262       0.40663680
809          3.74376755       2.40192443       0.96140727       0.38043585
810          3.73276814       2.43078467       0.90244577       0.39953769
811          3.74596769       2.40967251       0.89005730       0.44623788
812          3.74298937       2.34449422       0.91556292       0.48293224
813          3.77938298       2.30239493       0.95544961       0.52153843
814          3.77997402       2.22988250       0.96791580       0.58217571
815          3.71026721       2.13946239       0.94163797       0.62916686
816          3.56115379       2.03615371       0.88186387       0.64313622
817          3.39183793       1.94370600       0.81197187       0.63616005
818          3.25345308       1.89816660       0.72212707       0.63315942
819          3.19418936       1.92110142       0.62628384       0.64680410
820          3.20087951       1.98435049       0.56505107       0.65147795
821          3.21698483       2.04698373       0.53496869       0.63503241
822          3.26740046       2.12311532       0.53442653       0.60985862
823          3.37342916       2.24040886       0.52911284       0.60390746
824          3.59676180       2.43580462       0.52599064       0.63496654
825          3.84968417       2.65283366       0.53716317       0.65968734
826          4.06539240       2.84700889       0.57106005       0.64732346
827          4.21012962       2.99478790       0.59326371       0.62207801
828          4.34729273       3.13095447       0.59191773       0.62442053
829          4.47054722       3.23199118       0.61829518       0.62026087
830          4.51465991       3.26009043       0.68091178       0.57365770
831          4.51992729       3.25174818       0.74443751       0.52374160
832          4.58151943       3.24636119       0.80649396       0.52866427
833          4.75833119       3.27348044       0.88700090       0.59784985
834          4.97347579       3.29373758       0.99314214       0.68659607
835          5.17244613       3.34208975       1.07006603       0.76029035
836          5.37005454       3.45149430       1.10308526       0.81547497
837          5.58373965       3.61829161       1.12188560       0.84356245
838          5.81526439       3.81448192       1.16113305       0.83964942
839          5.97632489       3.97359831       1.19882013       0.80390644
840          6.02829917       4.01815676       1.27350467       0.73663774
841          5.91294700       3.91684057       1.33789858       0.65820785
842          5.66721348       3.78166841       1.31269810       0.57284697
843          5.33183070       3.64330286       1.21797291       0.47055494
844          5.05827043       3.53546653       1.12350450       0.39929940
845          4.99747529       3.51927624       1.12427848       0.35392057
846          5.16823263       3.61336739       1.22002761       0.33483763
847          5.49340229       3.80018215       1.35051441       0.34270572
848          5.84340725       4.01453462       1.47035848       0.35851415
849          6.18044193       4.22304222       1.57097438       0.38642532
850          6.41398504       4.34054498       1.66779090       0.40564916
851          6.46434759       4.37111639       1.71011959       0.38311161
852          6.36334267       4.37223901       1.66330870       0.32779495
853          6.23369876       4.40330761       1.55088888       0.27950227
854          6.14616187       4.48872714       1.41511942       0.24231531
855          6.09069736       4.61404147       1.26792807       0.20872782
856          6.12492665       4.77733874       1.17719820       0.17038971
857          6.33057244       5.04637923       1.15183839       0.13235483
858          6.63725091       5.34955817       1.16882995       0.11886279
859          6.89966937       5.54795848       1.21252130       0.13918959
860          7.13958345       5.69345002       1.26131343       0.18482000
861          7.49404130       5.95728902       1.30233639       0.23441589
862          7.85126172       6.26440429       1.31622428       0.27063316
863          7.95855068       6.41453667       1.27536109       0.26865293
864          7.88050866       6.43483471       1.21494638       0.23072757
865          7.77351938       6.38279514       1.21080331       0.17992094
866          7.68610064       6.34062576       1.22109935       0.12437553
867          7.68102968       6.34509948       1.25702641       0.07890379
868          7.73576174       6.39911501       1.28355298       0.05309376
869          7.78306511       6.45738213       1.28180963       0.04387334
870          7.83075474       6.57622706       1.21941002       0.03511765
871          7.90170770       6.77342786       1.10108050       0.02719934
872          7.86977569       6.90146873       0.94246464       0.02584232
873          7.66438471       6.86092569       0.77903596       0.02442305
874          7.31635630       6.64268967       0.65843491       0.01523173
875          6.86040255       6.26751320       0.58912322       0.00376612
876          6.52838087       5.97746305       0.55091366       0.00000416
877          6.46734788       5.88924010       0.57613158       0.00197619
878          6.51945743       5.83065680       0.68690210       0.00189853
879          6.51814399       5.70703041       0.81107067       0.00004291
880          6.52045948       5.62911569       0.88919152       0.00215228
881          6.62458417       5.71139951       0.90737175       0.00581291
882          6.60607175       5.70230348       0.89292956       0.01083871
883          6.32721132       5.46054511       0.84777412       0.01889209
884          5.99787833       5.15820086       0.81488980       0.02478767
885          5.74639829       4.95219976       0.76984152       0.02435701
886          5.57552296       4.87036855       0.68575676       0.01939765
887          5.46070953       4.83664228       0.61072868       0.01333857
888          5.19216468       4.62121538       0.56159727       0.00935203
889          4.91594190       4.41441148       0.49686186       0.00466856
890          4.83868814       4.42005969       0.41840289       0.00022556
891          4.77935047       4.43491851       0.34397845       0.00045351
892          4.54254009       4.25241870       0.29010453       0.00001685
893          4.20869078       3.96806045       0.23799178       0.00263855
894          3.93906337       3.72702010       0.19492573       0.01711754
895          3.75025876       3.54060552       0.16656675       0.04308649
896          3.69105131       3.47437551       0.14440139       0.07227440
897          3.83169359       3.60508842       0.12061237       0.10599279
898          4.08186935       3.83105997       0.09298073       0.15782866
899          4.28196032       3.98269767       0.07258252       0.22668013
900          4.36723898       3.99731377       0.06679654       0.30312867
901          4.33611910       3.89577496       0.07114588       0.36919826
902          4.26017105       3.72995600       0.07405353       0.45616153
903          4.16766865       3.54292326       0.07136432       0.55338107
904          4.07197426       3.40280508       0.05987049       0.60929869
905          3.92126344       3.27300082       0.05277137       0.59549124
906          3.77224232       3.17533935       0.06043687       0.53646610
907          3.70932316       3.16066792       0.06965086       0.47900438
908          3.69006224       3.21768002       0.06415996       0.40822227
909          3.59334601       3.22019590       0.05010383       0.32304628
910          3.41443968       3.13044323       0.04713358       0.23686287
911          3.25796012       3.02522342       0.05877303       0.17396368
912          3.14104284       2.94946403       0.06714813       0.12443068
913          3.09391390       2.94230202       0.05997590       0.09163599
914          3.14110026       3.01717581       0.04579689       0.07812756
915          3.21321090       3.10698734       0.02989614       0.07632742
916          3.25602150       3.16211082       0.01776384       0.07614684
917          3.22214187       3.13926961       0.00940321       0.07346906
918          3.13751312       3.06943213       0.00596450       0.06211649
919          3.05160246       2.99822114       0.00600826       0.04737306
920          2.99113215       2.94374103       0.00760916       0.03978195
921          2.95728256       2.90515321       0.00978123       0.04234811
922          2.98766450       2.92252882       0.01284959       0.05228608
923          3.03651818       2.95793307       0.01537735       0.06320776
924          3.06667927       2.97391225       0.01155198       0.08121504
925          3.13191498       3.01802307       0.00345220       0.11043971
926          3.23398040       3.08676532       0.00009133       0.14712375
927          3.30412327       3.13781052       0.00003426       0.16627849
928          3.18055126       3.01705662       0.00032351       0.16317113
929          2.91035102       2.77728911       0.00192002       0.13114189
930          2.63072697       2.54058068       0.00214211       0.08800418
931          2.46447354       2.40830940       0.00098515       0.05517898
932          2.40753762       2.36837378       0.00000387       0.03915997
933          2.32982423       2.28925485       0.00237891       0.03819048
934          2.24364063       2.17791772       0.01621634       0.04950656
935          2.25462058       2.13153415       0.05031854       0.07276788
936          2.29288060       2.11364801       0.08799181       0.09124078
937          2.23121606       2.02688131       0.10253419       0.10180056
938          2.09682885       1.90304417       0.08947316       0.10431152
939          2.03701794       1.83346548       0.07930416       0.12424829
940          2.02092812       1.79774341       0.07176524       0.15141947
941          1.99857819       1.77550106       0.06215492       0.16092221
942          1.94157761       1.73927163       0.05101164       0.15129433
943          1.87225148       1.70669235       0.04290708       0.12265205
944          1.86119001       1.72139331       0.04668271       0.09311400
945          1.91014191       1.76702674       0.06319418       0.07992099
946          1.94145504       1.79495410       0.06998048       0.07652047
947          1.87981263       1.76127924       0.04867512       0.06985827
948          1.77460364       1.69159764       0.02200118       0.06100483
949          1.64464124       1.57498163       0.00814552       0.06151409
950          1.51609597       1.43683075       0.00372794       0.07553728
951          1.40623967       1.30329275       0.00215953       0.10078738
952          1.37895463       1.23919877       0.00236484       0.13739103
953          1.41649571       1.24709431       0.00508162       0.16431978
954          1.48217820       1.30428601       0.01184627       0.16604592
955          1.57420457       1.41062580       0.02021712       0.14336165
956          1.65383286       1.52526489       0.02004667       0.10852130
957          1.68925983       1.61413821       0.01192206       0.06319956
958          1.68816515       1.65727854       0.00684030       0.02404630
959          1.70658335       1.68819068       0.01062935       0.00776332
960          1.73280258       1.69685690       0.02848764       0.00745803
961          1.78147828       1.69465489       0.06623604       0.02058735
962          1.86918943       1.71124614       0.11539675       0.04254654
963          1.98604928       1.75380315       0.16893666       0.06330947
964          2.06537213       1.80429660       0.20000028       0.06107525
965          2.09067543       1.83549204       0.21110572       0.04407767
966          2.10442249       1.86997839       0.20421254       0.03023156
967          2.10342125       1.89509435       0.18559138       0.02273552
968          2.07249374       1.89619592       0.15227724       0.02402058
969          2.00326332       1.86292297       0.11190595       0.02843441
970          1.89293734       1.77948436       0.08335329       0.03009969
971          1.78922274       1.68753464       0.08026810       0.02142000
972          1.74245659       1.63112798       0.09820324       0.01312537
973          1.75968222       1.62846903       0.11920070       0.01201249
974          1.80874323       1.64600835       0.14405035       0.01868454
975          1.86951047       1.66409438       0.18116692       0.02424917
976          1.90189787       1.63680100       0.24066120       0.02443567
977          1.84923191       1.53869437       0.28641618       0.02412136
978          1.74531606       1.40694497       0.30813292       0.03023817
979          1.63993138       1.28028184       0.31922929       0.04042025
980          1.57709736       1.21938295       0.31670388       0.04101053
981          1.52517486       1.22136762       0.27209109       0.03171615
982          1.46371514       1.24721919       0.19830089       0.01819506
983          1.44320585       1.28875633       0.14511184       0.00933769
984          1.52012227       1.38395788       0.13070941       0.00545499
985          1.68976105       1.52628239       0.15820602       0.00527264
986          1.84622298       1.62232341       0.21511313       0.00878644
987          1.95696103       1.64477419       0.29582663       0.01636021
988          2.07292120       1.65846178       0.38486036       0.02959905
989          2.19924861       1.69151047       0.45649853       0.05123961
990          2.25676531       1.70965327       0.47379824       0.07331380
991          2.22029175       1.68194287       0.44621474       0.09213415
992          2.12339626       1.61264050       0.39806595       0.11268981
993          2.00332185       1.55119893       0.32685555       0.12526737
994          1.85394150       1.48175051       0.24334017       0.12885081
995          1.70868772       1.39662855       0.17929509       0.13276408
996          1.61602771       1.30393024       0.15952822       0.15256925
997          1.60385336       1.22482015       0.18127786       0.19775535
998          1.65627398       1.15865401       0.23030821       0.26731176
999          1.71670892       1.07566274       0.28734069       0.35370549
1000         1.76385620       1.00484570       0.34412227       0.41488823
