1            4.30655856       3.71009808       1.10027573
2            4.23842527       3.75038302       1.06531308
3            4.17993713       3.77933703       1.02572261
4            4.15334475       3.78037713       0.98606569
5            4.17238418       3.77104182       0.95470577
6            4.20605957       3.78170477       0.93215551
7            4.21406387       3.82678601       0.90711997
8            4.17926684       3.88765801       0.88907261
9            4.11540529       3.95436388       0.89215154
10           4.06292119       4.02021146       0.90633840
11           4.02307597       4.07151466       0.91337609
12           3.98622018       4.10613864       0.92742933
13           3.95213592       4.13558084       0.96643685
14           3.93734465       4.15379198       1.01392734
15           3.93720951       4.16982936       1.06175623
16           3.95450271       4.21825081       1.12497807
17           3.98577872       4.30268882       1.19293586
18           4.02889736       4.40338724       1.25671321
19           4.06207902       4.49692990       1.32050021
20           4.06366424       4.59575620       1.37215179
21           4.03077151       4.68027495       1.39935374
22           3.98245421       4.73117802       1.40545872
23           3.95018087       4.74540450       1.39423642
24           3.92574304       4.75230253       1.37503354
25           3.90521855       4.76697307       1.35959971
26           3.89211161       4.77200326       1.36215461
27           3.88511147       4.76002104       1.38236143
28           3.88191144       4.74518129       1.40411931
29           3.87170209       4.76971007       1.42186289
30           3.84537346       4.81620474       1.42436942
31           3.80122519       4.84863578       1.42118095
32           3.75502646       4.85545419       1.40105805
33           3.71088432       4.86566333       1.36158724
34           3.67677803       4.88469332       1.31441649
35           3.64851346       4.91994120       1.27006638
36           3.64503075       4.97643586       1.23332323
37           3.65061315       5.03801502       1.19361996
38           3.65918737       5.08794524       1.14594492
39           3.68090103       5.11148101       1.09034023
40           3.70810801       5.11006154       1.03764784
41           3.73279267       5.09378361       0.98175901
42           3.73698304       5.08804237       0.92654357
43           3.70935943       5.09319458       0.86762301
44           3.63540681       5.11183466       0.82119684
45           3.55796338       5.13207397       0.78103796
46           3.49662432       5.15635267       0.76036643
47           3.45176031       5.18884113       0.74924790
48           3.43665331       5.23715150       0.73132373
49           3.42966348       5.29437931       0.70633720
50           3.40092891       5.34890641       0.69026224
51           3.33353850       5.38461965       0.69788615
52           3.24854978       5.41171978       0.71834774
53           3.19162452       5.45735319       0.75171185
54           3.18479451       5.52420488       0.79897859
55           3.20574432       5.60179805       0.85423392
56           3.21618777       5.65162016       0.91491439
57           3.19398960       5.64724482       0.97526981
58           3.14676130       5.60315708       1.02849295
59           3.10810132       5.55267990       1.09698765
60           3.07390424       5.51594545       1.19219580
61           3.02162209       5.50572510       1.29740341
62           2.95820699       5.52315405       1.38859428
63           2.90128425       5.54883674       1.48047023
64           2.84829038       5.55603280       1.56086863
65           2.81872370       5.52054040       1.62773298
66           2.82003982       5.44888693       1.67452579
67           2.83605699       5.37901150       1.70460032
68           2.83677870       5.33653890       1.71776600
69           2.83260204       5.32095903       1.71165657
70           2.82035111       5.31695992       1.73051030
71           2.78715956       5.32260411       1.80582475
72           2.76067168       5.32745961       1.91223723
73           2.75281333       5.31511372       2.01667666
74           2.75895136       5.29401100       2.10817000
75           2.75421234       5.26838127       2.18972476
76           2.73367472       5.24916500       2.25511724
77           2.71196055       5.25201840       2.29106615
78           2.71805455       5.27568877       2.30542847
79           2.74007673       5.30915727       2.31812254
80           2.75300295       5.33657749       2.33160672
81           2.77398913       5.36171221       2.34690698
82           2.81719843       5.38546576       2.34971689
83           2.85458476       5.39496925       2.34475617
84           2.86820466       5.38732970       2.36280340
85           2.87404276       5.35211897       2.41198832
86           2.89320113       5.29368774       2.47060058
87           2.92774565       5.23808464       2.51001780
88           2.96505006       5.20423763       2.51860541
89           3.00781639       5.21220227       2.50822947
90           3.07295715       5.25634836       2.48311830
91           3.15549917       5.31606505       2.46865177
92           3.24045947       5.36355927       2.50647457
93           3.30310976       5.39057352       2.59241200
94           3.33674789       5.40945461       2.70538676
95           3.33123844       5.41385957       2.81671666
96           3.27742089       5.39827120       2.88663857
97           3.19996310       5.38729822       2.89715759
98           3.14156886       5.40683755       2.87799271
99           3.10223230       5.43841917       2.84568912
100          3.08157376       5.47187593       2.81897788
101          3.09614964       5.49517598       2.79160276
102          3.11101352       5.50295111       2.76351037
103          3.07750032       5.50545062       2.74637483
104          3.00792550       5.52057159       2.75604143
105          2.94432437       5.54335936       2.78126482
106          2.88504189       5.54542703       2.78774057
107          2.82258982       5.52603558       2.78784101
108          2.74870741       5.51833728       2.78476523
109          2.67947304       5.55038445       2.76992997
110          2.64817228       5.57219345       2.74221691
111          2.65712493       5.52993014       2.73596083
112          2.66776440       5.44083928       2.75818271
113          2.66016857       5.32371929       2.78107266
114          2.61727816       5.22124010       2.80024535
115          2.54790622       5.13864809       2.82530312
116          2.47532926       5.07672066       2.86601031
117          2.40209242       5.05051914       2.90577596
118          2.34386068       5.06539039       2.93671345
119          2.31185806       5.09519063       2.95452173
120          2.30615304       5.10803072       2.97830911
121          2.32489495       5.09866799       3.03453400
122          2.34852014       5.06765259       3.12161687
123          2.37263747       5.04313763       3.20409923
124          2.39662700       5.05775499       3.24963001
125          2.41885396       5.09335872       3.27601115
126          2.43337296       5.11801370       3.29816278
127          2.45259858       5.12280749       3.33673282
128          2.50147898       5.12493968       3.39238240
129          2.57492633       5.12137524       3.45612312
130          2.63401019       5.10525963       3.50647371
131          2.67180190       5.07436053       3.51797716
132          2.68726746       5.04521463       3.48583981
133          2.68931975       5.04064139       3.44499517
134          2.68285784       5.06851118       3.42414839
135          2.65704765       5.09391534       3.41530254
136          2.61786215       5.07681944       3.41613376
137          2.57167214       5.03203677       3.43799875
138          2.53300204       5.01669348       3.45812320
139          2.49174860       5.05670322       3.44081435
140          2.45878644       5.13251197       3.39278323
141          2.44268500       5.20578987       3.34442195
142          2.44332422       5.22476799       3.31837819
143          2.43352202       5.20571773       3.30821278
144          2.37355360       5.20215874       3.27687788
145          2.28053627       5.25459398       3.22259617
146          2.20263911       5.32909038       3.18815607
147          2.18662359       5.35785288       3.16895824
148          2.19796492       5.35129836       3.15277833
149          2.20033192       5.35613262       3.12940065
150          2.20233745       5.37916506       3.11762611
151          2.21622131       5.40610194       3.13506757
152          2.23145728       5.42108850       3.16416575
153          2.19785935       5.41909342       3.15085933
154          2.13191353       5.42847249       3.11199874
155          2.06730800       5.46715848       3.07883105
156          2.01351214       5.51770135       3.05679046
157          1.97137104       5.56716629       3.02335399
158          1.92976532       5.59479420       2.98823012
159          1.89307647       5.59644761       2.98038286
160          1.88271401       5.59730237       3.00578533
161          1.90827874       5.60920663       3.02790705
162          1.94060863       5.64436872       3.02385444
163          1.98055778       5.67983457       3.02639967
164          2.05797291       5.69714052       3.04231026
165          2.15321230       5.68405945       3.06425487
166          2.20299402       5.68253496       3.07581819
167          2.17183902       5.69255853       3.07215715
168          2.09611181       5.70981938       3.06214907
169          2.02829593       5.74496319       3.04350543
170          1.98844195       5.81145790       3.00868169
171          1.97443370       5.87754501       2.97791719
172          1.97901452       5.89945712       2.97899355
173          1.97326278       5.90247451       3.00682714
174          1.94872771       5.90658201       3.05882895
175          1.92133482       5.91468738       3.09890457
176          1.91364801       5.91836805       3.12069227
177          1.91453013       5.92166030       3.12195530
178          1.90321246       5.92050301       3.12055127
179          1.86713531       5.90356781       3.12000302
180          1.82877611       5.84284818       3.11162918
181          1.82819823       5.74110501       3.09970933
182          1.85309152       5.62731535       3.08687568
183          1.88403494       5.52922850       3.07714203
184          1.89421971       5.46030160       3.07111018
185          1.88820471       5.43038732       3.06124808
186          1.87853915       5.42670548       3.01675177
187          1.89679753       5.42043407       2.94748845
188          1.94594750       5.39006757       2.89117225
189          2.00854739       5.32756234       2.87859565
190          2.03032573       5.27091148       2.88421501
191          2.01434449       5.24146868       2.85957525
192          1.97042967       5.24932983       2.81570761
193          1.91195924       5.27572229       2.75676400
194          1.85174282       5.30187065       2.68496238
195          1.80676071       5.31686569       2.62187113
196          1.79194624       5.32933013       2.59286586
197          1.79998804       5.34534792       2.60093073
198          1.81639286       5.35197019       2.63922594
199          1.82234079       5.35093047       2.67759116
200          1.82369959       5.33517707       2.71235525
201          1.83193225       5.30534943       2.75594562
202          1.84434745       5.26075141       2.78919748
203          1.83053630       5.22750477       2.79437562
204          1.80226329       5.21798769       2.77358182
205          1.76714393       5.24164504       2.74072155
206          1.74185514       5.26030074       2.71913223
207          1.72717281       5.25941210       2.70385620
208          1.71948396       5.25929173       2.67035163
209          1.71540507       5.27537993       2.64511516
210          1.70883178       5.30607597       2.67014244
211          1.69460277       5.34406820       2.73563703
212          1.68298493       5.37562817       2.78564154
213          1.69253814       5.40232346       2.80684009
214          1.69796638       5.42459586       2.82223521
215          1.69216085       5.43954912       2.83619692
216          1.66791616       5.44580218       2.82328348
217          1.64248636       5.43682114       2.79873017
218          1.63039205       5.40132644       2.77458017
219          1.63027468       5.34640503       2.74558093
220          1.63425241       5.30931345       2.72822621
221          1.61787542       5.32416560       2.71889148
222          1.57998552       5.37789762       2.71931322
223          1.53340641       5.43044385       2.71722617
224          1.50290268       5.46877271       2.71707744
225          1.50494101       5.48210340       2.71554171
226          1.53490208       5.47626542       2.68393210
227          1.57324780       5.45692725       2.62048998
228          1.61277052       5.42219500       2.55980419
229          1.63215497       5.37424494       2.53688892
230          1.62810318       5.31788620       2.53912796
231          1.58935687       5.27757420       2.53731522
232          1.53466275       5.27776488       2.54469272
233          1.49555435       5.28000800       2.55970346
234          1.48702520       5.25262306       2.57339706
235          1.49484862       5.21657120       2.59315001
236          1.51049563       5.21052738       2.61907155
237          1.52857510       5.23231533       2.64410759
238          1.53430469       5.24631850       2.67065140
239          1.54534702       5.24715891       2.69691897
240          1.58299339       5.26251999       2.71866947
241          1.63753533       5.31908666       2.74416796
242          1.64593599       5.35215013       2.77240669
243          1.59683768       5.34755293       2.80529058
244          1.51321079       5.34367118       2.83702995
245          1.45143843       5.35467276       2.86740220
246          1.44275014       5.36432735       2.90475960
247          1.46724423       5.36392837       2.93391330
248          1.51551025       5.35501177       2.95976256
249          1.58308786       5.34972434       2.98164982
250          1.65811243       5.38437546       3.00670754
251          1.72592604       5.46225265       3.01949939
252          1.76884709       5.55556295       3.03840750
253          1.79101267       5.60529464       3.06014234
254          1.81108916       5.60339108       3.10045947
255          1.84652393       5.56421312       3.15698480
256          1.87005672       5.52225996       3.20854919
257          1.87025920       5.48402236       3.23614072
258          1.86674036       5.46848683       3.23701583
259          1.88370876       5.47766227       3.24011575
260          1.89808695       5.49302140       3.24008602
261          1.90971279       5.51385379       3.23081486
262          1.91488476       5.51769026       3.20445002
263          1.89963141       5.50282445       3.19762592
264          1.89622930       5.47310750       3.21771853
265          1.91970308       5.44448585       3.25116574
266          1.95739469       5.41924779       3.27799135
267          1.97706456       5.39591766       3.29986657
268          1.98038576       5.35286233       3.30392851
269          1.98091577       5.27464156       3.30197160
270          1.99888790       5.18705332       3.29250449
271          2.01153618       5.13130928       3.26158904
272          1.99335253       5.11919476       3.22384724
273          1.93329640       5.13903418       3.19173015
274          1.86510864       5.16181606       3.15842030
275          1.80162333       5.16663913       3.10630918
276          1.76574080       5.15463930       3.04789889
277          1.75874393       5.13076641       3.00046167
278          1.76821861       5.10505019       2.96447197
279          1.79253109       5.09404628       2.93975310
280          1.81531577       5.09416296       2.93640108
281          1.85599213       5.06936265       2.94867052
282          1.88667114       5.03422522       2.94894203
283          1.89930043       5.00227457       2.94818212
284          1.89200260       4.99090689       2.93324178
285          1.87302118       4.98708208       2.90134321
286          1.85177089       4.99407100       2.85053208
287          1.83700799       5.00828916       2.82224892
288          1.83717165       4.98879098       2.84232293
289          1.88129903       4.93094847       2.88102050
290          1.95398684       4.87524138       2.90799830
291          2.01307502       4.84523327       2.92267342
292          2.04849179       4.83202592       2.93698016
293          2.07034378       4.80654365       2.93130376
294          2.10325723       4.75640189       2.89950319
295          2.13613151       4.68857945       2.87009204
296          2.15832523       4.62380993       2.86726697
297          2.12649053       4.56354189       2.87600032
298          2.07467784       4.49674865       2.86776298
299          2.01763328       4.43547694       2.85924630
300          1.98816898       4.39462885       2.85860033
301          1.97895141       4.38905077       2.86545442
302          1.99047336       4.38996621       2.86263495
303          2.03892418       4.38080892       2.86139989
304          2.10541168       4.35720877       2.88942820
305          2.15879767       4.31413855       2.94090216
306          2.17396346       4.24388964       3.00468514
307          2.19637694       4.15374657       3.06761953
308          2.21097863       4.08295388       3.11189953
309          2.22336763       4.06576484       3.13463633
310          2.20627610       4.07506811       3.17168224
311          2.19866636       4.07307085       3.21502240
312          2.21659091       4.06987934       3.24753732
313          2.25323922       4.04853435       3.25553643
314          2.30567676       4.00264772       3.23845356
315          2.35850880       3.92704303       3.21263290
316          2.37726783       3.85308515       3.17944616
317          2.34375662       3.79486945       3.15175697
318          2.28179144       3.77115263       3.11965237
319          2.24140001       3.79399171       3.07958802
320          2.28098159       3.82691582       3.04478113
321          2.34291705       3.85497977       3.02844944
322          2.38284525       3.87467393       3.01611616
323          2.41624132       3.92109093       2.98905695
324          2.44873514       3.97936343       2.95991629
325          2.42728112       4.00669033       2.94371630
326          2.36646825       4.01012390       2.93936229
327          2.36039817       4.01494223       2.93265999
328          2.38979872       4.04675382       2.91283648
329          2.41035029       4.04500497       2.88351486
330          2.43767399       4.01467581       2.88664447
331          2.45091342       3.97531040       2.89132291
332          2.48584596       3.96501588       2.91229647
333          2.52119914       3.97257829       2.91338895
334          2.49346188       3.98212316       2.88571409
335          2.44051679       3.99245608       2.85750880
336          2.40033311       4.01889761       2.85320682
337          2.40241658       4.06783079       2.84363911
338          2.42574257       4.14242798       2.83813803
339          2.44896820       4.20686115       2.83347198
340          2.47223145       4.24518305       2.82189939
341          2.51456471       4.28474383       2.82514380
342          2.53009879       4.32376892       2.83849243
343          2.48687318       4.36067563       2.86779617
344          2.41132180       4.40618102       2.91241682
345          2.34469429       4.50660756       2.94881095
346          2.30037567       4.63220146       2.96743258
347          2.30309771       4.71709375       3.01333382
348          2.34555643       4.77774229       3.08302787
349          2.40594607       4.84444124       3.14829385
350          2.44934697       4.94748393       3.18752737
351          2.45995725       5.06855237       3.22760996
352          2.44114472       5.15048966       3.28207710
353          2.44428336       5.20784848       3.33440571
354          2.45671995       5.27239377       3.35906384
355          2.46935388       5.33044609       3.36804183
356          2.49262845       5.38676215       3.36151377
357          2.54733028       5.45330064       3.33705598
358          2.63454106       5.51566710       3.29700409
359          2.71799125       5.52939342       3.23669207
360          2.78453779       5.50587068       3.17327283
361          2.85380036       5.46465207       3.15248267
362          2.93362636       5.39671252       3.17997022
363          3.00997715       5.33066673       3.23319057
364          3.06813250       5.30977779       3.29880214
365          3.11805119       5.34178518       3.37938858
366          3.15476491       5.40380615       3.47687045
367          3.19274375       5.47315578       3.56993080
368          3.24049185       5.53565053       3.63798647
369          3.29516825       5.56158734       3.69489889
370          3.32633883       5.55610100       3.75608352
371          3.32883454       5.53974432       3.84477737
372          3.32196382       5.50458709       3.93587036
373          3.34665811       5.44852251       3.99897933
374          3.40004418       5.38712913       4.02652403
375          3.46275733       5.33374945       4.03129854
376          3.51750881       5.27221228       4.02849484
377          3.55188578       5.21213352       4.01508728
378          3.59985973       5.18090032       3.99422718
379          3.66135407       5.15679258       3.96040750
380          3.69609886       5.12341541       3.90912613
381          3.70088151       5.10707968       3.83460307
382          3.66293586       5.08187453       3.74234071
383          3.61501116       5.04676312       3.63808967
384          3.57816350       5.01864781       3.54229316
385          3.54967099       5.01435945       3.45373301
386          3.52321127       5.01859363       3.38015458
387          3.50092621       5.02268843       3.36733521
388          3.46993620       5.01497283       3.40157703
389          3.41968408       4.99312102       3.43364624
390          3.37372897       4.99763993       3.44058594
391          3.33506311       5.01373478       3.46549593
392          3.28954583       5.05456874       3.49553854
393          3.23654139       5.09898139       3.50032465
394          3.20444791       5.15857213       3.47864893
395          3.21201956       5.22901001       3.44846242
396          3.25973075       5.26167560       3.40232549
397          3.31986317       5.24990893       3.33527793
398          3.34215810       5.23334232       3.26663575
399          3.31675125       5.24452579       3.19257384
400          3.26537165       5.28462138       3.11069173
401          3.22572383       5.33012274       3.04696150
402          3.22160185       5.35157757       3.00180186
403          3.21993630       5.36036882       2.93435517
404          3.20622321       5.37738977       2.83210177
405          3.19625969       5.39552733       2.72097507
406          3.19422758       5.40788791       2.62855205
407          3.19104244       5.42695230       2.56860730
408          3.18193065       5.47631454       2.53327194
409          3.16313400       5.52775112       2.50935551
410          3.12427410       5.54191282       2.47757986
411          3.07892173       5.52583675       2.43675623
412          3.03698972       5.50424127       2.37932466
413          3.01892162       5.47635689       2.31569555
414          3.02094034       5.44808382       2.24328552
415          3.03558497       5.43368993       2.18047808
416          3.05783780       5.44840768       2.14314058
417          3.07019621       5.49842875       2.11854627
418          3.07311282       5.54967615       2.10024468
419          3.06614427       5.56550049       2.07177962
420          3.06644252       5.51337919       2.05910757
421          3.06397317       5.43032371       2.04948920
422          3.07445995       5.38483165       2.03976366
423          3.07746568       5.37074173       2.02445213
424          3.07923071       5.36778214       1.98543073
425          3.06775589       5.36680366       1.91634344
426          3.03549523       5.38817709       1.82240132
427          3.00677678       5.44091904       1.72607114
428          2.98583133       5.47355289       1.63584165
429          2.98417496       5.46469343       1.53822128
430          2.98650519       5.41999073       1.42080353
431          2.96358659       5.37853153       1.30192398
432          2.92260993       5.36089941       1.17507529
433          2.89242811       5.37419015       1.06874453
434          2.88737335       5.41329685       0.97147546
435          2.90313504       5.46848383       0.89581991
436          2.89872586       5.51917062       0.82669543
437          2.88105041       5.56326469       0.78403664
438          2.88429649       5.60547573       0.77526979
439          2.90527079       5.63565018       0.79845385
440          2.92890826       5.64765043       0.83729124
441          2.93712724       5.64494315       0.86377831
442          2.95493109       5.65177687       0.87888417
443          3.00269819       5.65241698       0.85170510
444          3.07859884       5.64472493       0.79798497
445          3.14793857       5.65137002       0.72628531
446          3.18500786       5.68697948       0.66417268
447          3.21040443       5.75307568       0.60347586
448          3.23877421       5.80915384       0.55752136
449          3.23798190       5.83405612       0.57025041
450          3.19424232       5.84919960       0.61977408
451          3.13554901       5.86241215       0.68611434
452          3.09676306       5.89099109       0.74606877
453          3.07027847       5.92652669       0.82007323
454          3.03146043       5.95657166       0.87540501
455          2.97484170       5.97934159       0.89676446
456          2.93583345       6.00241873       0.87490180
457          2.93443299       6.03702132       0.83476005
458          2.93713274       6.06002741       0.80092242
459          2.92857815       6.04471267       0.78143495
460          2.92526933       6.00453486       0.78097452
461          2.95508355       5.96974102       0.78230347
462          3.00020821       5.95781094       0.81340559
463          3.02190635       5.94262953       0.86328288
464          3.01272488       5.93928556       0.91694014
465          3.00072639       5.95305130       0.95407770
466          2.99924077       5.96104956       0.98023836
467          3.00241642       5.95765924       1.00981457
468          3.00935157       5.98019906       1.00867496
469          3.02159317       6.02841376       0.97758764
470          3.02279566       6.06159783       0.95438817
471          3.01380889       6.03973215       0.93167383
472          2.99334768       5.96609659       0.88975945
473          2.99940188       5.89786126       0.84957145
474          3.04976463       5.85384623       0.83813464
475          3.10358247       5.83725595       0.86467921
476          3.11822337       5.84279400       0.88157878
477          3.11878933       5.87649823       0.88044947
478          3.09431231       5.94121655       0.92735027
479          3.06238340       6.00568146       1.01473575
480          3.02058160       6.03271616       1.10503966
481          2.95142345       6.03611734       1.19263270
482          2.87693927       6.05625843       1.28568071
483          2.82225138       6.11400649       1.35903303
484          2.79917688       6.16354303       1.41213925
485          2.79449559       6.16344505       1.46087774
486          2.79600487       6.10836938       1.49013097
487          2.81092815       6.04691084       1.52080194
488          2.85324336       6.01602596       1.55805267
489          2.91370974       6.01101784       1.59368820
490          2.97510194       6.02416369       1.62708700
491          3.03594976       6.04055807       1.66919672
492          3.08728787       6.07823880       1.72984807
493          3.13181374       6.14312038       1.78880411
494          3.16745853       6.20492796       1.83507584
495          3.19473986       6.22147073       1.87174098
496          3.19372752       6.20212660       1.90922558
497          3.18598034       6.19132625       1.94770747
498          3.20860953       6.21702470       1.98848583
499          3.26580321       6.27039071       2.02270719
500          3.33460616       6.31151241       2.04595800
501          3.37609252       6.34024151       2.05771083
502          3.39619060       6.36588412       2.06262192
503          3.40112532       6.39331363       2.09218958
504          3.39116515       6.41196927       2.15939035
505          3.34747373       6.42426335       2.24500957
506          3.29524564       6.43837335       2.30525598
507          3.25633035       6.46348351       2.33809886
508          3.24862894       6.48567548       2.35930974
509          3.24989278       6.49139102       2.38751512
510          3.24784635       6.49625882       2.42215864
511          3.25167888       6.50838060       2.47790688
512          3.26497513       6.52643115       2.54753872
513          3.26691209       6.53593536       2.60583512
514          3.24649231       6.53319133       2.65080550
515          3.22648362       6.53950395       2.67137535
516          3.21526984       6.56964475       2.66002986
517          3.20328369       6.61716363       2.61168772
518          3.18578350       6.68583342       2.55366903
519          3.17761481       6.74638855       2.48884180
520          3.18849739       6.80089254       2.41710600
521          3.21276837       6.84483418       2.34812057
522          3.23602218       6.88615321       2.28472051
523          3.24663723       6.93438498       2.22071860
524          3.24450337       6.99654401       2.16452766
525          3.23268269       7.05928266       2.13720414
526          3.20666732       7.09297382       2.12507669
527          3.16073814       7.10376191       2.09806561
528          3.12070459       7.10161364       2.03222631
529          3.10544401       7.09666356       1.94285894
530          3.08888431       7.07879374       1.87386508
531          3.05513756       7.04782037       1.83204105
532          3.01073049       7.02372188       1.79424554
533          2.95036820       7.01268385       1.76063313
534          2.88648523       6.99091868       1.73357345
535          2.83491921       6.95252855       1.70088118
536          2.79254079       6.91237125       1.64362271
537          2.75552489       6.87509213       1.58129612
538          2.70396817       6.84783190       1.54910917
539          2.64479498       6.82822474       1.53135159
540          2.59994872       6.81099010       1.48566816
541          2.58119554       6.78225116       1.42030694
542          2.58552833       6.73579823       1.38538438
543          2.59357496       6.68733360       1.38248324
544          2.58277815       6.66709079       1.37753756
545          2.56299127       6.66018928       1.35806815
546          2.54639224       6.62998267       1.34556955
547          2.53110993       6.57033853       1.33964719
548          2.50368217       6.49962226       1.33359434
549          2.46395459       6.44241367       1.34565956
550          2.41190812       6.39544937       1.37630159
551          2.35823701       6.35838309       1.38579366
552          2.31085474       6.32362509       1.34299966
553          2.28634011       6.28538546       1.27646662
554          2.26780476       6.24762132       1.25263549
555          2.23835073       6.23230056       1.27047973
556          2.19608892       6.22688763       1.29079567
557          2.16398936       6.21066577       1.28237659
558          2.15611434       6.16035129       1.24631225
559          2.15498898       6.08070727       1.19705438
560          2.16641008       6.01468220       1.16632170
561          2.18522152       5.98798345       1.16100380
562          2.20382725       5.99623197       1.17824069
563          2.20320312       6.00743774       1.21109678
564          2.18389624       5.99973584       1.26130380
565          2.15234496       5.97294134       1.32653437
566          2.10279814       5.93186145       1.38000874
567          2.02962150       5.87590021       1.39155247
568          1.94863302       5.82992870       1.37799290
569          1.90188482       5.80745431       1.38311402
570          1.90259411       5.82747439       1.39894606
571          1.92749334       5.85541568       1.41145959
572          1.97303522       5.85309968       1.42020637
573          2.04395820       5.82938033       1.43509043
574          2.10643846       5.82298961       1.44865980
575          2.14170709       5.84670587       1.44761718
576          2.14711645       5.87073026       1.42655815
577          2.14066419       5.85583957       1.39466756
578          2.14841040       5.81622225       1.37993294
579          2.16975062       5.80365216       1.35960981
580          2.18634776       5.82525970       1.32952874
581          2.17748300       5.85133164       1.27397774
582          2.16364521       5.86681949       1.20173978
583          2.15825680       5.89151982       1.11857469
584          2.16391711       5.93658144       1.04084023
585          2.18072145       5.97600604       0.96366316
586          2.21880774       5.99525934       0.89291983
587          2.27157252       5.99229947       0.84437197
588          2.32788544       5.96164869       0.80203879
589          2.36625514       5.91583802       0.75374031
590          2.38083881       5.88630642       0.71785200
591          2.35913678       5.88897534       0.71964632
592          2.32413423       5.90404901       0.73765996
593          2.32429615       5.90165969       0.75038544
594          2.36901002       5.86692808       0.73564612
595          2.44074156       5.82898838       0.69643020
596          2.49820716       5.80394875       0.64159398
597          2.54399257       5.77249700       0.58012309
598          2.57433153       5.72649862       0.53504424
599          2.57357932       5.67471482       0.51734131
600          2.54341091       5.62331219       0.53765580
601          2.53890936       5.57666253       0.58841813
602          2.59898711       5.52899078       0.65710341
603          2.70284023       5.45945754       0.74043913
604          2.81095828       5.38948002       0.82131678
605          2.89423628       5.34523691       0.87206753
606          2.93092052       5.31364897       0.90615000
607          2.93193289       5.26353548       0.93673138
608          2.94393942       5.20186002       0.95406249
609          2.96798971       5.13382257       0.95365132
610          2.98980201       5.06408376       0.94270778
611          3.01646885       4.98756409       0.94810424
612          3.05246023       4.89960505       0.96435433
613          3.09637293       4.80939175       0.98126573
614          3.14624101       4.72264272       0.98770298
615          3.19945675       4.67311785       0.99235195
616          3.24270640       4.65609484       1.01719145
617          3.26949774       4.65279545       1.05817053
618          3.27178579       4.64946835       1.10629725
619          3.27420362       4.65099192       1.13111957
620          3.29758710       4.64161125       1.09776706
621          3.35045776       4.63075287       1.03215873
622          3.40304949       4.61080795       0.97607135
623          3.44345055       4.58986855       0.92388875
624          3.49754797       4.57100645       0.86096104
625          3.56920855       4.56423981       0.79439455
626          3.64735338       4.57245363       0.72331780
627          3.70732359       4.61495304       0.66609716
628          3.75134485       4.70493310       0.62631630
629          3.79607589       4.77832211       0.57598226
630          3.83969903       4.80364638       0.48699094
631          3.86552576       4.80078070       0.35949779
632          3.90226139       4.80395820       0.23135324
633          3.97680987       4.80837940       0.12349752
634          4.05998425       4.82102447       0.04502449
635          4.12727918       4.87001312      -0.01200749
636          4.17093414       4.94128857      -0.04884562
637          4.19028114       4.99428282      -0.06099481
638          4.18917280       5.00514842      -0.05760346
639          4.18195534       5.00744751      -0.05005162
640          4.16900625       5.03039261      -0.05391766
641          4.17125969       5.05290048      -0.07011252
642          4.18829181       5.07021252      -0.08929255
643          4.20511391       5.10188144      -0.11275232
644          4.21897875       5.13884245      -0.11685606
645          4.21414377       5.14862696      -0.10569765
646          4.18598732       5.13975153      -0.10018744
647          4.11280591       5.12055796      -0.11775385
648          4.03009853       5.10616840      -0.15328233
649          3.97429768       5.09085175      -0.18528673
650          3.94136783       5.04726067      -0.21236145
651          3.92270164       4.98958311      -0.23834592
652          3.91857844       4.95530113      -0.23399452
653          3.92341737       4.95414084      -0.19599728
654          3.90431504       4.93627561      -0.17533135
655          3.87203279       4.86851828      -0.18975377
656          3.84423772       4.77608060      -0.21871689
657          3.82005867       4.71656248      -0.22571586
658          3.78702823       4.72148650      -0.21721030
659          3.75590241       4.76166478      -0.22680221
660          3.72925597       4.78356796      -0.25700657
661          3.71322255       4.77811078      -0.27601119
662          3.71466494       4.76097709      -0.26404176
663          3.73999367       4.72230526      -0.23892330
664          3.77299723       4.65774512      -0.22847308
665          3.77781110       4.57748230      -0.23814774
666          3.75165771       4.49847401      -0.26751240
667          3.71636350       4.44944711      -0.29160927
668          3.70783433       4.46171183      -0.28889774
669          3.71612180       4.53235349      -0.25214269
670          3.73972834       4.60396223      -0.18296852
671          3.75907192       4.65294527      -0.09856010
672          3.78891722       4.68484533      -0.02470301
673          3.80879503       4.70898786       0.03462246
674          3.79669135       4.71191029       0.08406872
675          3.76843546       4.68360490       0.13031126
676          3.76053307       4.62443728       0.17080618
677          3.78908726       4.55356299       0.22855071
678          3.82182277       4.47987238       0.29877231
679          3.84226567       4.41329538       0.33677010
680          3.84658183       4.38170136       0.34812557
681          3.86384574       4.38303541       0.37267334
682          3.88585298       4.41221417       0.41479090
683          3.90231989       4.46547839       0.44117832
684          3.88949482       4.49868195       0.44206215
685          3.86516663       4.50372074       0.44030851
686          3.86717833       4.48153540       0.43504869
687          3.89785637       4.43513990       0.42014089
688          3.94191776       4.37634176       0.42052505
689          4.00579744       4.31126622       0.42912634
690          4.09156535       4.23762758       0.39407771
691          4.16561714       4.13127948       0.31369129
692          4.23943159       4.02680331       0.24703071
693          4.33264052       3.96915199       0.22932127
694          4.42155617       3.96787070       0.23499814
695          4.47370071       3.98733981       0.23891762
696          4.48951501       3.99065721       0.23576277
697          4.49797735       3.97737963       0.20791973
698          4.48729755       3.95535822       0.15091503
699          4.46248649       3.93802882       0.09364162
700          4.43110083       3.91562877       0.04735035
701          4.41868311       3.87076059       0.00113633
702          4.42637917       3.80920742      -0.05534653
703          4.42835843       3.74614223      -0.12420983
704          4.40499554       3.71649323      -0.19675182
705          4.37501769       3.71347946      -0.25825197
706          4.37389619       3.69673494      -0.28708160
707          4.39270039       3.68277784      -0.28473679
708          4.41336493       3.69706507      -0.25079854
709          4.41710147       3.71906563      -0.21494485
710          4.41465292       3.72629277      -0.22976791
711          4.39765930       3.70735769      -0.30302837
712          4.37536690       3.68154416      -0.37495892
713          4.34819298       3.65061002      -0.39596471
714          4.33094385       3.59897787      -0.38855314
715          4.34581342       3.53313091      -0.39005737
716          4.39707637       3.46721556      -0.42137961
717          4.47566522       3.39533900      -0.44559174
718          4.55100392       3.34302470      -0.45169021
719          4.61621308       3.32021446      -0.44487691
720          4.66132666       3.30153386      -0.45129988
721          4.69532543       3.26395302      -0.47701532
722          4.72773459       3.22015571      -0.52462895
723          4.76017658       3.15914808      -0.59344710
724          4.76023663       3.09714505      -0.65094316
725          4.73874022       3.03813379      -0.67588465
726          4.70080486       3.00116365      -0.64593017
727          4.65522833       2.99105495      -0.57703411
728          4.62165922       2.97865634      -0.50431283
729          4.61010216       2.94608789      -0.46369435
730          4.62509162       2.87134945      -0.46321524
731          4.65627886       2.80167055      -0.48389025
732          4.68805862       2.75060389      -0.50566781
733          4.71300447       2.70880087      -0.51736726
734          4.73985320       2.69342723      -0.51368830
735          4.76672908       2.69609201      -0.48578057
736          4.79319897       2.68790890      -0.45462502
737          4.78297321       2.66325253      -0.42947432
738          4.71902282       2.61826399      -0.40262180
739          4.63922568       2.55493669      -0.36308892
740          4.54726255       2.48003228      -0.32084179
741          4.46829570       2.40491765      -0.29963871
742          4.42352708       2.33190178      -0.28970973
743          4.45359251       2.29898270      -0.28479056
744          4.51777991       2.32829514      -0.28467396
745          4.58065300       2.37833273      -0.27765629
746          4.62942869       2.41547902      -0.24710597
747          4.65473474       2.43298376      -0.22092112
748          4.66095850       2.42835636      -0.20939365
749          4.65885035       2.39999383      -0.21749562
750          4.66096144       2.35023313      -0.22344700
751          4.66253308       2.29912895      -0.22028588
752          4.69035607       2.29667616      -0.21059440
753          4.73976877       2.35785435      -0.20331459
754          4.75523818       2.44668607      -0.18746181
755          4.72649350       2.52295335      -0.16611710
756          4.67834399       2.55101821      -0.14175137
757          4.60383491       2.54987972      -0.12813517
758          4.54323634       2.55091387      -0.11774072
759          4.53274236       2.53547626      -0.10024288
760          4.55367259       2.50109145      -0.09827260
761          4.54930297       2.45951827      -0.09965480
762          4.52591840       2.41645170      -0.08662214
763          4.52697150       2.36318058      -0.05447672
764          4.53124480       2.32250061      -0.02179356
765          4.47903204       2.30228510      -0.00445822
766          4.36801698       2.31064710      -0.00083738
767          4.26785905       2.34596974       0.00461192
768          4.21843240       2.40306639       0.00000558
769          4.21031188       2.47664568      -0.01468267
770          4.22291442       2.50960325      -0.04832182
771          4.24706124       2.44689378      -0.09190339
772          4.27220888       2.32581276      -0.12179020
773          4.28215638       2.23778442      -0.13860048
774          4.25376762       2.20884472      -0.14787161
775          4.18442804       2.23977096      -0.15490687
776          4.09859436       2.28037542      -0.16123023
777          4.02391983       2.31485157      -0.14365036
778          3.97591024       2.34011594      -0.10812964
779          3.97436732       2.35546231      -0.08497816
780          3.99924503       2.37220786      -0.08366382
781          4.01318039       2.38710923      -0.09060423
782          4.00523029       2.39162373      -0.10706894
783          3.98786872       2.34943840      -0.13541495
784          3.97049050       2.28637975      -0.15859116
785          3.94642210       2.25409416      -0.14261537
786          3.92504382       2.27063776      -0.07394807
787          3.92436245       2.30404306      -0.00419749
788          3.91955633       2.33291821       0.04649879
789          3.88335030       2.32375038       0.08667659
790          3.80451434       2.27309086       0.12143181
791          3.72246664       2.23476134       0.15162458
792          3.65718708       2.20365488       0.18594639
793          3.61626276       2.15413063       0.22974072
794          3.59139823       2.09055994       0.27317436
795          3.57256023       2.07235550       0.32412865
796          3.53481447       2.09411932       0.36356278
797          3.45700306       2.14268657       0.37981951
798          3.37465743       2.21381324       0.41203611
799          3.30914735       2.29442332       0.46734145
800          3.24241679       2.36860606       0.51564460
801          3.16969357       2.43925013       0.52836434
802          3.08851399       2.50046571       0.52094086
803          2.99529775       2.54576832       0.52006020
804          2.90534303       2.56314155       0.51774243
805          2.83348910       2.57285667       0.49698171
806          2.78647985       2.59098633       0.45564353
807          2.76718003       2.62866522       0.43823746
808          2.76368495       2.68435317       0.46259493
809          2.75674424       2.72958430       0.48348091
810          2.74746117       2.76012662       0.46818579
811          2.75424657       2.76666960       0.43226534
812          2.77538443       2.75324756       0.40534247
813          2.78919409       2.73262705       0.37809955
814          2.81327945       2.72627096       0.33727133
815          2.84386844       2.73971776       0.30707534
816          2.87961998       2.77102201       0.29831799
817          2.91238999       2.80900326       0.30267931
818          2.92881889       2.86031748       0.30456258
819          2.92052053       2.91871711       0.29603441
820          2.89788880       2.95839929       0.29313389
821          2.87583017       2.97868254       0.30338652
822          2.84946717       2.97905326       0.31934128
823          2.80975902       2.98269665       0.32316090
824          2.74585211       2.98484596       0.30342785
825          2.67780638       2.97718392       0.28806434
826          2.61925038       2.95441293       0.29571159
827          2.57601301       2.93986194       0.31155651
828          2.53710823       2.94073618       0.31007289
829          2.50878461       2.92378060       0.31270931
830          2.50098651       2.88492429       0.34287379
831          2.50329813       2.84729016       0.37657579
832          2.50479243       2.81204799       0.37318270
833          2.49728234       2.76829083       0.32706822
834          2.49169284       2.71353291       0.27166480
835          2.47842023       2.67565812       0.22832943
836          2.44873879       2.65981942       0.19723920
837          2.40437781       2.65090707       0.18181917
838          2.35348869       2.63253924       0.18395187
839          2.31316991       2.61519163       0.20366743
840          2.30202451       2.58160144       0.24199970
841          2.32745761       2.55342242       0.28897563
842          2.36190733       2.56436770       0.34340918
843          2.39781477       2.60647998       0.41430566
844          2.42627493       2.65014313       0.46837431
845          2.43058515       2.64977809       0.50536349
846          2.40567261       2.60554948       0.52162417
847          2.35715297       2.54798173       0.51486500
848          2.30292820       2.49751469       0.50151522
849          2.25155437       2.45671291       0.47864455
850          2.22316110       2.41866829       0.46336980
851          2.21583706       2.40238267       0.48131563
852          2.21556860       2.42040482       0.52774193
853          2.20815259       2.46475119       0.57159599
854          2.18789692       2.52051016       0.60802040
855          2.15852656       2.58407496       0.64340833
856          2.12084615       2.62511043       0.68749284
857          2.06014381       2.63686074       0.73646970
858          1.99364737       2.62897369       0.75551089
859          1.95114809       2.60895263       0.72719452
860          1.92046342       2.58701597       0.67036876
861          1.86580273       2.56889854       0.61611058
862          1.80367936       2.56282990       0.58005159
863          1.77386500       2.58077922       0.58195833
864          1.76986096       2.60785202       0.61993463
865          1.78013913       2.60973300       0.67610485
866          1.78849864       2.60506444       0.74760658
867          1.78761047       2.58892619       0.81937754
868          1.77691135       2.57715811       0.86985490
869          1.76542060       2.57792776       0.89081608
870          1.74214302       2.60582908       0.91287869
871          1.70397756       2.66077425       0.93535352
872          1.67949390       2.73929190       0.93952026
873          1.68722168       2.82746794       0.94399696
874          1.72921697       2.89865806       0.97685885
875          1.80305837       2.94255445       1.03890697
876          1.86167348       2.96786250       1.10231420
877          1.87978290       2.95106476       1.14473014
878          1.89188326       2.88130251       1.14384781
879          1.91761938       2.80950346       1.10682664
880          1.93398281       2.76712856       1.05388308
881          1.91670511       2.75753745       1.02403332
882          1.91860892       2.76514858       0.99616662
883          1.96977763       2.78935158       0.96282722
884          2.03539127       2.80738561       0.94283474
885          2.08120471       2.83269195       0.94420839
886          2.09966741       2.88199376       0.96100029
887          2.10732181       2.92860676       0.98478301
888          2.15685733       2.96070014       1.00356984
889          2.20550847       3.00521379       1.03194890
890          2.20416476       3.06325738       1.08525719
891          2.20063394       3.12360132       1.12157155
892          2.24441921       3.17148455       1.10438106
893          2.31455945       3.22225407       1.04890890
894          2.37600939       3.26859414       0.96944171
895          2.42490888       3.30197218       0.89270287
896          2.44259088       3.33009625       0.83143674
897          2.40785152       3.36280516       0.77471039
898          2.34924919       3.40517067       0.70299918
899          2.31088883       3.44068665       0.62416636
900          2.30723023       3.45164781       0.54970451
901          2.33278680       3.44336623       0.49265886
902          2.37524916       3.43797030       0.42487842
903          2.42429310       3.44295706       0.35637986
904          2.46188919       3.46541361       0.31969986
905          2.49741489       3.48037787       0.32859494
906          2.52461037       3.46425896       0.36783727
907          2.52873182       3.44618358       0.40817431
908          2.51276927       3.45679992       0.46135299
909          2.51206813       3.48625924       0.53190413
910          2.53725270       3.49299538       0.61359013
911          2.56724162       3.46766659       0.68318620
912          2.58915819       3.45096851       0.74752840
913          2.59124459       3.46519831       0.79756136
914          2.56955660       3.49609599       0.82076266
915          2.54389372       3.53719307       0.82400156
916          2.52832606       3.57681704       0.82432856
917          2.53476015       3.61312795       0.82922397
918          2.55457907       3.63286791       0.85104393
919          2.57502134       3.63258514       0.88262220
920          2.59082518       3.62286756       0.90082159
921          2.60210756       3.61119796       0.89448916
922          2.59701803       3.59674203       0.87161423
923          2.58669430       3.58609264       0.84886420
924          2.58205508       3.60261795       0.81529320
925          2.56931273       3.65134267       0.76795102
926          2.54963929       3.70054130       0.71670859
927          2.53517195       3.71595131       0.69250314
928          2.56959091       3.69211173       0.69633126
929          2.64003850       3.66628005       0.73814055
930          2.71263865       3.66381513       0.80362075
931          2.75468569       3.67871092       0.86537367
932          2.76760639       3.70813165       0.90238695
933          2.79353019       3.75887210       0.90485189
934          2.83078157       3.83744148       0.87777503
935          2.84658111       3.93441602       0.83052050
936          2.85271950       4.00673221       0.79821484
937          2.88287274       4.03030768       0.78121373
938          2.92704989       4.00921872       0.77730279
939          2.95250336       3.99170803       0.74778702
940          2.96575902       3.97798844       0.71114918
941          2.97407927       3.95940697       0.69912463
942          2.98774408       3.93595565       0.71131001
943          3.00015420       3.91723833       0.75005859
944          2.99453977       3.92615989       0.79512987
945          2.97726298       3.96148261       0.81757273
946          2.96679959       3.97463632       0.82365240
947          2.97942660       3.93072246       0.83596857
948          3.00594423       3.85842604       0.85328418
949          3.05157584       3.80035061       0.85225538
950          3.10787981       3.77115497       0.82543527
951          3.16494008       3.75656887       0.78280545
952          3.19336551       3.75872768       0.72961277
953          3.18982479       3.78138353       0.69491197
954          3.16450514       3.81893863       0.69278841
955          3.11886087       3.85228499       0.72164445
956          3.07154241       3.85168433       0.77085002
957          3.03607117       3.81928625       0.84888050
958          3.01920525       3.79280420       0.94520703
959          3.00725464       3.81319680       1.01216600
960          3.00392396       3.87888090       1.01391582
961          3.00476945       3.96746171       0.95679279
962          2.99841249       4.04979905       0.89400761
963          2.98224623       4.12111713       0.84866200
964          2.96331748       4.15731199       0.85314166
965          2.95175524       4.16956051       0.89032890
966          2.93908703       4.16199690       0.92640347
967          2.92993430       4.14090126       0.94949272
968          2.92953426       4.10032524       0.94529000
969          2.94166920       4.04462154       0.93165066
970          2.97258541       3.99880777       0.92678312
971          3.00750712       3.99341433       0.95392000
972          3.02940235       4.02347204       0.98570973
973          3.03044374       4.05535262       0.99067421
974          3.02358999       4.08963773       0.96358434
975          3.01656074       4.13573516       0.94455428
976          3.02718332       4.20067040       0.94395661
977          3.06611736       4.24527672       0.94496519
978          3.12041145       4.26519530       0.92638447
979          3.17506316       4.27510188       0.89922786
980          3.20230182       4.27286258       0.89776517
981          3.20140354       4.23172159       0.92218544
982          3.18976888       4.15540796       0.96538665
983          3.17132452       4.09103356       1.00364403
984          3.13014117       4.07163564       1.02641784
985          3.07113054       4.10784928       1.02766277
986          3.03285396       4.17390098       1.00653970
987          3.02407106       4.25399755       0.97236868
988          3.01874577       4.33046923       0.92823198
989          3.00597774       4.38574483       0.87391406
990          2.99902146       4.39842812       0.82951052
991          3.00966116       4.37809115       0.79673966
992          3.03666073       4.34102276       0.76458270
993          3.06108719       4.28181090       0.74634443
994          3.08928681       4.20339330       0.74131778
995          3.12476816       4.13353059       0.73590768
996          3.16466091       4.10950792       0.70967459
997          3.19984263       4.13586546       0.65557881
998          3.23015064       4.19000246       0.58325372
999          3.26941694       4.24613977       0.50554429
1000         3.30413864       4.29671744       0.45615755
