1            0.00000000       0.00000000       0.00000000       0.00000000
2            0.00222279       0.00011874       0.00104391       0.00106013
3            0.00577543       0.00031945       0.00003012       0.00542586
4            0.02169141       0.00345589       0.00204682       0.01618870
5            0.04144929       0.01117634       0.00578182       0.02449113
6            0.04970926       0.01777722       0.00844162       0.02349042
7            0.05122272       0.02217586       0.00742156       0.02162530
8            0.06086714       0.03987600       0.00222729       0.01876384
9            0.09895658       0.08534087       0.00028879       0.01332693
10           0.16095722       0.13634854       0.01297238       0.01163630
11           0.23036556       0.16758746       0.05043129       0.01234681
12           0.29570567       0.17945446       0.10340773       0.01284347
13           0.37335673       0.22052454       0.14693304       0.00589915
14           0.50665177       0.32854644       0.17806690       0.00003843
15           0.68585531       0.43735934       0.24489672       0.00359924
16           0.86057677       0.48126402       0.36922376       0.01008900
17           1.00265188       0.48520331       0.50529828       0.01215028
18           1.09038147       0.47289798       0.60567518       0.01180831
19           1.17817165       0.48291061       0.68219857       0.01306247
20           1.33462794       0.51616997       0.79861554       0.01984243
21           1.49029128       0.55209235       0.90529061       0.03290832
22           1.57544652       0.57531133       0.95734783       0.04278737
23           1.62495901       0.57269502       1.00547193       0.04679207
24           1.70370976       0.53240501       1.12793727       0.04336748
25           1.80568314       0.48676841       1.28459286       0.03432187
26           1.92145128       0.48895381       1.41093118       0.02156630
27           2.06452649       0.53337009       1.52379390       0.00736250
28           2.24240071       0.57346658       1.66824283       0.00069131
29           2.29584278       0.53540519       1.76042040       0.00001719
30           2.27827107       0.46325128       1.81457988       0.00043991
31           2.49804659       0.51759059       1.97404821       0.00640779
32           2.82789476       0.62362852       2.18114166       0.02312458
33           3.25391240       0.72000255       2.47621287       0.05769698
34           3.83588978       0.83110457       2.88950709       0.11527812
35           4.27653114       0.86174325       3.25360822       0.16117967
36           4.29596664       0.78276161       3.34624198       0.16696305
37           4.31636886       0.76507301       3.36339465       0.18790120
38           4.53796352       0.82684880       3.46992101       0.24119370
39           4.76631070       0.86066625       3.59972873       0.30591572
40           4.82703754       0.85566542       3.63648820       0.33488391
41           5.01662546       0.89115701       3.76778714       0.35768130
42           5.42762184       0.99964709       4.02161059       0.40636416
43           5.58470468       1.02695694       4.12258584       0.43516190
44           5.47612482       0.96088238       4.07888332       0.43635912
45           5.24708432       0.89873847       3.95703452       0.39131133
46           5.27917320       0.94289536       3.98346436       0.35281348
47           5.30991008       1.02283169       3.97396371       0.31311468
48           5.28401500       1.07949536       3.92489062       0.27962903
49           5.18359348       1.12434337       3.79744171       0.26180840
50           5.22495362       1.21924861       3.73301435       0.27269066
51           5.44469479       1.33848490       3.82570473       0.28050517
52           5.63075300       1.43976428       3.93164193       0.25934679
53           5.70732304       1.48453501       4.00518764       0.21760038
54           5.68001164       1.45361970       4.04658091       0.17981103
55           5.64416580       1.39562844       4.07774761       0.17078975
56           5.57387408       1.39515669       3.98922387       0.18949352
57           5.29329730       1.36590396       3.73240449       0.19498885
58           4.87373385       1.27480046       3.41420700       0.18472638
59           4.53707977       1.22638211       3.13709871       0.17359895
60           4.24336748       1.20688298       2.85344215       0.18304235
61           4.05692728       1.19887740       2.66463400       0.19341588
62           3.98000870       1.22151669       2.56033195       0.19816007
63           3.98783117       1.23381057       2.54366170       0.21035890
64           3.99849662       1.19305203       2.58187530       0.22356930
65           3.98223580       1.14310582       2.61944313       0.21968684
66           3.98466793       1.10335682       2.67942815       0.20188295
67           3.88191261       0.99004383       2.70690613       0.18496265
68           3.70593475       0.81885608       2.70687428       0.18020438
69           3.49049583       0.67067280       2.63004163       0.18978140
70           3.43112798       0.59353243       2.61771680       0.21987875
71           3.46497469       0.54706804       2.64512443       0.27278223
72           3.45482961       0.48779702       2.62567347       0.34135912
73           3.37940346       0.41867230       2.54479512       0.41593603
74           3.40333450       0.38656543       2.51568168       0.50108740
75           3.52818359       0.39194278       2.53984896       0.59639184
76           3.57209451       0.38742150       2.50367471       0.68099830
77           3.50742711       0.32496920       2.43025314       0.75220476
78           3.34204671       0.23448300       2.28967201       0.81789170
79           3.26944932       0.18486249       2.17112516       0.91346168
80           3.19950452       0.14723266       2.04908483       1.00318704
81           3.14958332       0.13183202       1.94377752       1.07397378
82           3.09327127       0.12977465       1.84691117       1.11658545
83           3.00593483       0.12378100       1.79807532       1.08407851
84           2.82852553       0.11167868       1.70678553       1.01006132
85           2.60887319       0.11079188       1.51365032       0.98443099
86           2.43397038       0.09935078       1.26287805       1.07174155
87           2.21787947       0.06289090       1.00738173       1.14760684
88           1.95566934       0.02852774       0.77646950       1.15067210
89           1.82947672       0.01238823       0.56751882       1.24956966
90           1.82168870       0.00836879       0.41155245       1.40176746
91           1.79805494       0.00765422       0.29743938       1.49296134
92           1.73392555       0.00652455       0.22671331       1.50068770
93           1.67684593       0.00421429       0.19698612       1.47564553
94           1.61363410       0.00158909       0.19983074       1.41221427
95           1.57409961       0.00046629       0.22947479       1.34415853
96           1.58828229       0.00001009       0.26079005       1.32748216
97           1.60399015       0.00169105       0.27761300       1.32468611
98           1.54704494       0.00923499       0.27331258       1.26449737
99           1.43648175       0.01361216       0.26924140       1.15362819
100          1.34876864       0.00807410       0.26632620       1.07436834
101          1.28517302       0.00186583       0.25005171       1.03325548
102          1.24494901       0.00013023       0.22005777       1.02476101
103          1.23594728       0.00011837       0.20860198       1.02722693
104          1.24773521       0.00088798       0.20560795       1.04123928
105          1.28820980       0.00601779       0.21057483       1.07161718
106          1.28679501       0.01747702       0.21619490       1.05312310
107          1.22316655       0.04543015       0.21252484       0.96521156
108          1.21916662       0.08698310       0.21552700       0.91665652
109          1.24789471       0.11928795       0.24948047       0.87912630
110          1.35201382       0.15775244       0.34314381       0.85111756
111          1.39542319       0.18118066       0.49478666       0.71945588
112          1.50330410       0.22034369       0.69770786       0.58525254
113          1.70324145       0.27871778       0.87519688       0.54932679
114          1.97455786       0.35747184       1.04961761       0.56746841
115          2.25272989       0.47054478       1.21318712       0.56899798
116          2.59599263       0.63365206       1.43592879       0.52641179
117          2.96864714       0.81032256       1.66195124       0.49637334
118          3.35356392       0.99331110       1.85830767       0.50194514
119          3.56513718       1.11605009       1.93005677       0.51903032
120          3.73224580       1.26374762       1.95762707       0.51087111
121          3.89375608       1.44959269       1.95322972       0.49093367
122          4.08997469       1.63633509       1.93548986       0.51814974
123          4.34962489       1.85089745       1.92321166       0.57551577
124          4.52637675       2.00582411       1.89886948       0.62168316
125          4.69574998       2.15367186       1.92167628       0.62040183
126          4.77594476       2.25474133       1.91086305       0.61034039
127          4.90533499       2.34080995       1.96393948       0.60058557
128          5.01252373       2.35563041       2.07861031       0.57828302
129          5.11279631       2.29903390       2.21213875       0.60162366
130          5.08460600       2.18300380       2.28049268       0.62110952
131          5.05275370       2.10273160       2.36430082       0.58572128
132          4.95447598       2.03406532       2.40822716       0.51218351
133          4.89365737       1.98794910       2.45319814       0.45251013
134          4.90966583       1.97511006       2.51273704       0.42181872
135          4.82270726       1.95879179       2.48704829       0.37686718
136          4.57120673       1.95012153       2.30162051       0.31946468
137          4.24619763       1.87211211       2.09401992       0.28006559
138          3.97903535       1.76413750       1.94340579       0.27149206
139          3.81144965       1.67190080       1.85838491       0.28116394
140          3.75232782       1.63609052       1.81022981       0.30600749
141          3.71452674       1.66748092       1.72582989       0.32121592
142          3.70710415       1.76309273       1.61063522       0.33337621
143          3.69803688       1.80201019       1.52464606       0.37138063
144          3.74545092       1.86661360       1.44352788       0.43530945
145          3.85044834       1.97077045       1.38907849       0.49059940
146          3.92439660       2.01000902       1.37650615       0.53788143
147          3.88757492       1.96300793       1.33207083       0.59249616
148          3.79010718       1.92167420       1.22877032       0.63966265
149          3.72124959       1.94452985       1.09936869       0.67735106
150          3.73072972       2.02308945       1.00509429       0.70254598
151          3.80366187       2.12020467       0.96563591       0.71782129
152          3.86606492       2.22761571       0.90001953       0.73842968
153          3.94010581       2.40525911       0.72659205       0.80825465
154          4.02286528       2.59789128       0.50315667       0.92181734
155          4.16322647       2.73068737       0.39735075       1.03518835
156          4.42311224       2.81591765       0.46521408       1.14198051
157          4.57918156       2.80535148       0.54046183       1.23336826
158          4.60422088       2.78899559       0.52568787       1.28953742
159          4.46136524       2.75640798       0.43027570       1.27468155
160          4.23894434       2.71885808       0.32708722       1.19299903
161          4.09783484       2.75237606       0.26068070       1.08477808
162          4.05721986       2.83531428       0.23792461       0.98398097
163          4.06268826       2.90322293       0.23751237       0.92195295
164          4.03114760       2.94597180       0.22847376       0.85670204
165          4.00846054       2.96554041       0.21364909       0.82927104
166          4.06024546       2.99830952       0.18031122       0.88162472
167          4.13734366       3.01775898       0.12016637       0.99941830
168          4.15544287       2.92771886       0.09344703       1.13427697
169          4.06500882       2.71925024       0.10471954       1.24103905
170          3.81841341       2.46315773       0.10780146       1.24745422
171          3.60455972       2.29398326       0.08721930       1.22335715
172          3.34225892       2.04285593       0.06816278       1.23124021
173          3.14591915       1.81798160       0.06826493       1.25967262
174          3.02931695       1.57644801       0.07034406       1.38252488
175          3.03781220       1.42940252       0.05903164       1.54937804
176          3.08441298       1.30342692       0.04561912       1.73536694
177          3.19007053       1.21030619       0.03764212       1.94212221
178          3.39616304       1.16995736       0.02638396       2.19982173
179          3.71018151       1.15015608       0.01340244       2.54662299
180          3.92878044       1.13044160       0.00818941       2.79014943
181          3.96417522       1.11849286       0.00661166       2.83907069
182          4.00031750       1.14209325       0.00449372       2.85373054
183          4.01196972       1.17509355       0.00114964       2.83572654
184          3.98728148       1.18070347       0.00001792       2.80656010
185          3.96104047       1.16097821       0.00201917       2.79804308
186          4.04007066       1.18230434       0.01330517       2.84446116
187          4.08285535       1.16038151       0.03375678       2.88871705
188          3.99391742       1.07162873       0.05689341       2.86539528
189          3.87404390       0.95067157       0.08118508       2.84218726
190          3.85719171       0.86304650       0.11219237       2.88195285
191          3.89940739       0.81954902       0.15421817       2.92564019
192          3.96944770       0.81804098       0.20549011       2.94591661
193          4.04521661       0.82364257       0.24948334       2.97209070
194          4.11973088       0.83281961       0.26617915       3.02073212
195          4.13181277       0.81526592       0.27060450       3.04594235
196          4.09039749       0.76996739       0.27966350       3.04076660
197          4.01951039       0.70336718       0.31942270       2.99672050
198          3.94806723       0.62544611       0.39654618       2.92607494
199          3.90756750       0.53974999       0.50915967       2.85865785
200          3.96019697       0.44564354       0.65043888       2.86411456
201          4.03596279       0.36332005       0.82395807       2.84868467
202          4.05763120       0.30066708       1.02701053       2.72995359
203          4.06782390       0.26448199       1.24145916       2.56188275
204          4.09243473       0.25217845       1.42832814       2.41192815
205          4.08638432       0.23707557       1.50200898       2.34729977
206          4.00565912       0.21183701       1.49378174       2.30004038
207          3.81502686       0.18210422       1.38429028       2.24863236
208          3.55575653       0.15353468       1.27024632       2.13197553
209          3.33533646       0.12762663       1.20557442       2.00213540
210          3.21001595       0.10264575       1.20037793       1.90699227
211          3.26029284       0.08772862       1.25650229       1.91606194
212          3.42225030       0.08493234       1.34047382       1.99684415
213          3.55253599       0.07927622       1.41824302       2.05501675
214          3.53228292       0.06268090       1.45834491       2.01125712
215          3.40280008       0.04228511       1.43921492       1.92130004
216          3.33549471       0.03074213       1.40683584       1.89791674
217          3.45473150       0.03296208       1.45640993       1.96535950
218          3.67200696       0.04898574       1.57763734       2.04538388
219          3.83185436       0.07228662       1.71958215       2.03998559
220          3.82663783       0.08776865       1.79003897       1.94883021
221          3.70548654       0.08505954       1.76339264       1.85703436
222          3.58486908       0.07511722       1.65289443       1.85685743
223          3.52637897       0.07009438       1.51040199       1.94588260
224          3.46965609       0.05833563       1.33563694       2.07568351
225          3.37808632       0.04026776       1.12324546       2.21457310
226          3.37417406       0.03620655       0.95862841       2.37933911
227          3.49158439       0.06348504       0.87659299       2.55150635
228          3.69469134       0.12609474       0.87570313       2.69289347
229          3.93845292       0.19637233       0.90622988       2.83585071
230          4.12872447       0.25309652       0.88628986       2.98933809
231          4.20070194       0.29282711       0.79564231       3.11223253
232          4.21444471       0.31876562       0.70640394       3.18927515
233          4.15566286       0.34229898       0.62396193       3.18940195
234          4.02633589       0.34553516       0.53363067       3.14717006
235          4.00597623       0.32821573       0.46248106       3.21527944
236          4.16111538       0.29479361       0.44903623       3.41728554
237          4.45118165       0.27477368       0.49910657       3.67730140
238          4.75675133       0.28096757       0.56277779       3.91300597
239          5.01911694       0.29463777       0.59849428       4.12598489
240          5.16992843       0.30255765       0.57111130       4.29625948
241          5.27563908       0.32657167       0.52238842       4.42667899
242          5.36213170       0.36848619       0.50332444       4.49032107
243          5.44627874       0.41801499       0.50080415       4.52745960
244          5.52466074       0.43712460       0.48492765       4.60260849
245          5.51917353       0.44322471       0.48771314       4.58823567
246          5.30751252       0.46379166       0.51418752       4.32953334
247          5.14217705       0.50522932       0.57273306       4.06421467
248          5.19104215       0.54806381       0.65658938       3.98638896
249          5.33311647       0.55884414       0.70832231       4.06595002
250          5.45506629       0.59043862       0.73035668       4.13427099
251          5.56705400       0.67725926       0.72992525       4.15986948
252          5.69983975       0.78087873       0.76321311       4.15574791
253          6.02162726       0.87446922       0.83259416       4.31456388
254          6.34305293       0.97928433       0.89012470       4.47364391
255          6.37692534       1.08600820       0.89901998       4.39189717
256          6.17542040       1.16155530       0.89156570       4.12229940
257          5.83989208       1.15108793       0.85879076       3.83001339
258          5.61443732       1.08576804       0.83653900       3.69213028
259          5.49842101       1.05229094       0.86577656       3.58035352
260          5.55027833       1.09156619       0.94478198       3.51393017
261          5.67959929       1.13116636       1.05657204       3.49186090
262          5.84829631       1.11748506       1.15254632       3.57826493
263          5.90218959       1.03152073       1.25376408       3.61690478
264          5.82007039       0.90530462       1.36180745       3.55295832
265          5.55470955       0.77020753       1.42664258       3.35785944
266          5.15711994       0.65587678       1.43757549       3.06366768
267          4.86526745       0.56090089       1.43820948       2.86615707
268          4.77485299       0.49494555       1.43245351       2.84745392
269          4.82763256       0.47488287       1.40654870       2.94620098
270          4.87563543       0.49138005       1.35417481       3.03008056
271          4.87055247       0.50512347       1.29741251       3.06801649
272          4.83498355       0.47257176       1.29972891       3.06268288
273          4.86974883       0.39429041       1.36985772       3.10560070
274          4.93894974       0.28794678       1.44925480       3.20174816
275          5.09844663       0.22093520       1.53392609       3.34358534
276          5.27527276       0.21166635       1.59813641       3.46547001
277          5.44996257       0.22949486       1.63970786       3.58075985
278          5.62394955       0.24724466       1.64936983       3.72733505
279          5.79657679       0.26600598       1.61622164       3.91434916
280          5.94793937       0.30229463       1.53750549       4.10813925
281          6.08104788       0.35634972       1.42199236       4.30270580
282          6.05981196       0.38743247       1.27959806       4.39278143
283          5.88556479       0.36788525       1.20347504       4.31420450
284          5.79748375       0.30643497       1.24127106       4.24977771
285          5.87502102       0.22372795       1.33949800       4.31179506
286          6.05063496       0.17043607       1.44277019       4.43742870
287          6.17564536       0.16127948       1.48294373       4.53142214
288          6.31869054       0.19191010       1.46739058       4.65938986
289          6.58248018       0.24631238       1.40443053       4.93173727
290          6.84488953       0.31469347       1.30420580       5.22599027
291          6.92582645       0.36777032       1.17262387       5.38543225
292          6.92709589       0.38768099       1.05045252       5.48896238
293          6.89354801       0.36340638       0.95641681       5.57372482
294          6.88896565       0.30522014       0.89402063       5.68972488
295          6.92923599       0.27355614       0.90035631       5.75532354
296          6.88803445       0.27900865       0.95660281       5.65242299
297          6.85160143       0.29990145       1.05428259       5.49741739
298          6.90383996       0.29617745       1.13674020       5.47092231
299          7.00593274       0.27647890       1.15007089       5.57938295
300          7.04793500       0.25787524       1.11258192       5.67747783
301          7.00821176       0.25445579       1.04276932       5.71098665
302          6.96410242       0.23823263       0.94906634       5.77680345
303          6.95228413       0.19337544       0.84652956       5.91237914
304          6.89846688       0.13075562       0.76490756       6.00280371
305          6.72936953       0.09713119       0.71301166       5.91922668
306          6.55730306       0.10556712       0.69788013       5.75385582
307          6.38849017       0.12150372       0.73359329       5.53339315
308          6.06646703       0.11136554       0.74795904       5.20714246
309          5.62334233       0.07231976       0.77200458       4.77901799
310          5.19781802       0.04524329       0.80309205       4.34948268
311          4.96813205       0.04008583       0.86201777       4.06602846
312          4.80743243       0.04993343       0.94061614       3.81688285
313          4.62579109       0.05951445       1.03773875       3.52853789
314          4.52746293       0.07871477       1.12611416       3.32263400
315          4.46396788       0.10271517       1.18076504       3.18048767
316          4.34926357       0.12296788       1.22027133       3.00602437
317          4.14632509       0.14416995       1.28066554       2.72148960
318          3.84385103       0.16188423       1.24755123       2.43441557
319          3.58468997       0.16834520       1.18430247       2.23204230
320          3.29061582       0.14759341       1.14916220       1.99386021
321          2.95122768       0.11761090       1.11830164       1.71531514
322          2.65532145       0.10838358       1.08665653       1.46028134
323          2.46539172       0.12375886       1.07109437       1.27053849
324          2.39881755       0.14315854       1.08111001       1.17454900
325          2.30306467       0.13025061       1.04623196       1.12658210
326          2.16462695       0.09685679       0.98587990       1.08189026
327          2.05385573       0.07874972       0.92448860       1.05061742
328          2.00554690       0.10006547       0.89961059       1.00587083
329          2.05770369       0.15981908       0.96896650       0.92891811
330          2.07053847       0.20546480       1.08115838       0.78391529
331          2.02059246       0.20629286       1.17378043       0.64051916
332          1.86705431       0.15705560       1.16606896       0.54392975
333          1.74591326       0.10097812       1.12858572       0.51634943
334          1.72551132       0.05172145       1.14725260       0.52653727
335          1.75309521       0.01692091       1.19688370       0.53929060
336          1.83683915       0.00519594       1.25809668       0.57354653
337          1.92215546       0.00030952       1.33728092       0.58456502
338          2.05970671       0.00110033       1.48417283       0.57443356
339          2.14819177       0.00202917       1.63077855       0.51538404
340          2.10964776       0.00299487       1.69404026       0.41261262
341          2.04232612       0.00409626       1.72515250       0.31307736
342          2.03477329       0.00800251       1.76704272       0.25972806
343          2.00457817       0.01699338       1.76873133       0.21885346
344          1.97498583       0.02805394       1.74796695       0.19896495
345          1.98601173       0.03289000       1.76492532       0.18819642
346          2.08674502       0.04012401       1.86781633       0.17880468
347          2.24380237       0.04982174       2.01562626       0.17835437
348          2.38174466       0.06679970       2.13823221       0.17671275
349          2.48096893       0.07978741       2.25809611       0.14308542
350          2.57160535       0.08177470       2.39852812       0.09130253
351          2.66290814       0.09804088       2.50635328       0.05851397
352          2.73640011       0.14500782       2.54359606       0.04779623
353          2.77775884       0.21367844       2.51410475       0.04997566
354          2.69665971       0.26484669       2.38651672       0.04529630
355          2.52071014       0.29664332       2.20052229       0.02354453
356          2.32949465       0.30939527       2.01536725       0.00473213
357          2.14370548       0.30654666       1.83704261       0.00011621
358          2.00103114       0.28840548       1.71216296       0.00046270
359          1.98162050       0.27110170       1.70786395       0.00265485
360          2.02926588       0.23817571       1.78368063       0.00740954
361          2.10606152       0.20528189       1.89069372       0.01008591
362          2.15916284       0.19486303       1.95669680       0.00760301
363          2.18921823       0.22765942       1.96042223       0.00113658
364          2.20424694       0.27130980       1.93180500       0.00113214
365          2.20975650       0.30073728       1.90123844       0.00778078
366          2.23674411       0.30536375       1.91765578       0.01372458
367          2.20740132       0.29450214       1.90015015       0.01274903
368          2.12514424       0.28112602       1.83340593       0.01061229
369          2.03630625       0.25755622       1.76871048       0.01003956
370          1.95160621       0.22347074       1.71537096       0.01276451
371          1.81580661       0.20190706       1.59811246       0.01578709
372          1.73535081       0.21899439       1.50205594       0.01430048
373          1.80069242       0.27739593       1.51389174       0.00940475
374          1.98304373       0.35831959       1.62035868       0.00436546
375          2.13881940       0.42613046       1.71132806       0.00136088
376          2.18767205       0.47054900       1.71705546       0.00006759
377          2.22321754       0.49227751       1.73035437       0.00058565
378          2.22626736       0.45798174       1.76679098       0.00149464
379          2.19559045       0.37297728       1.82178044       0.00083273
380          2.17284603       0.30423525       1.86858041       0.00003038
381          2.21603282       0.28084317       1.93500372       0.00018594
382          2.30624471       0.30325818       1.99871657       0.00426996
383          2.40776943       0.35069681       2.04499658       0.01207603
384          2.49143096       0.40228107       2.07444905       0.01470084
385          2.56492091       0.45893204       2.09460079       0.01138808
386          2.63634713       0.53260464       2.09242621       0.01131628
387          2.73714191       0.60182853       2.12096555       0.01434784
388          2.81843902       0.61474198       2.18585225       0.01784479
389          2.81701156       0.56118779       2.23819133       0.01763244
390          2.76710553       0.49541016       2.25846035       0.01323503
391          2.71281615       0.46907191       2.23054646       0.01319778
392          2.73452665       0.47930943       2.23688128       0.01833594
393          2.78444459       0.52103396       2.24191897       0.02149166
394          2.80342742       0.58295435       2.20094624       0.01952684
395          2.78105634       0.65499902       2.11329646       0.01276085
396          2.77460154       0.70903579       2.05897104       0.00659471
397          2.78575917       0.70147126       2.08270657       0.00158134
398          2.80015909       0.63042782       2.16964852       0.00008275
399          2.84014275       0.57168375       2.26613534       0.00232366
400          2.82409284       0.56288237       2.25779065       0.00341982
401          2.80668831       0.59532429       2.20679968       0.00456434
402          2.83482840       0.65670524       2.16275871       0.01536444
403          2.95290484       0.74724763       2.16143588       0.04422134
404          3.05247934       0.82939939       2.14751820       0.07556175
405          3.04383368       0.85181771       2.09675419       0.09526178
406          2.94621327       0.76429119       2.06587608       0.11604601
407          2.89386581       0.62684806       2.12588405       0.14113369
408          2.94145460       0.52817242       2.24863245       0.16464973
409          3.06297589       0.49479436       2.38053689       0.18764464
410          3.20621997       0.49232043       2.50210323       0.21179631
411          3.39971292       0.49355630       2.66647913       0.23967749
412          3.71743780       0.48687619       2.96538742       0.26517418
413          4.09928474       0.47481197       3.33898538       0.28548739
414          4.40272540       0.46400952       3.64227698       0.29643890
415          4.57729852       0.44559566       3.84832472       0.28337814
416          4.66313768       0.39801913       3.99931995       0.26579861
417          4.69914146       0.31073351       4.11665782       0.27175012
418          4.75648215       0.20361044       4.24525607       0.30761565
419          4.84611278       0.12736382       4.37465134       0.34409761
420          4.94876029       0.10051583       4.47383998       0.37440449
421          4.99559407       0.10525939       4.50323325       0.38710143
422          4.93408367       0.11597018       4.43073565       0.38737784
423          4.77599234       0.11985370       4.26665779       0.38948085
424          4.54789240       0.11332281       4.04552951       0.38904009
425          4.30446061       0.09793289       3.83556444       0.37096328
426          4.13641962       0.07974838       3.72705315       0.32961809
427          4.05749530       0.06396241       3.68997014       0.30356275
428          4.05011747       0.05139077       3.68892642       0.30980028
429          4.01511752       0.04282514       3.66673719       0.30555518
430          3.89458972       0.03644731       3.58162892       0.27651349
431          3.75588932       0.02999534       3.47939968       0.24649431
432          3.64231280       0.03088023       3.36585227       0.24558030
433          3.55064245       0.03615856       3.26251262       0.25197127
434          3.44816289       0.03393634       3.15014552       0.26408103
435          3.31713335       0.02860351       2.97480934       0.31372050
436          3.20450585       0.02151900       2.78650744       0.39647941
437          3.17564634       0.01652302       2.71346304       0.44566028
438          3.15029346       0.01714023       2.70234007       0.43081315
439          3.08486862       0.02141869       2.67448390       0.38896603
440          3.06425716       0.02749889       2.67766135       0.35909692
441          3.13194169       0.03662006       2.74866202       0.34665962
442          3.09187771       0.04549856       2.68811909       0.35826007
443          2.88872642       0.05196610       2.42794380       0.40881652
444          2.71244186       0.04789613       2.17860124       0.48594449
445          2.67522999       0.02776243       2.11511647       0.53235109
446          2.70276260       0.01030628       2.16556559       0.52689073
447          2.70938137       0.00362923       2.21453869       0.49121344
448          2.73287863       0.00265013       2.27741091       0.45281758
449          2.78154921       0.00367040       2.36343524       0.41444356
450          2.75200909       0.00637178       2.34827606       0.39736126
451          2.61331031       0.01088448       2.20257964       0.39984619
452          2.47623120       0.01628426       2.06121818       0.39872876
453          2.44206300       0.02218036       2.03460980       0.38527285
454          2.51862732       0.03841766       2.10726470       0.37294496
455          2.59082912       0.06151053       2.16785548       0.36146311
456          2.71227954       0.07629461       2.29345555       0.34252938
457          2.93861692       0.08096957       2.53731375       0.32033360
458          3.18476512       0.10296482       2.75756682       0.32423348
459          3.31404249       0.12564232       2.84512253       0.34327765
460          3.35654595       0.13319283       2.87525897       0.34809415
461          3.44186938       0.11966696       2.95724383       0.36495859
462          3.60852426       0.10045020       3.09184839       0.41622567
463          3.92506070       0.09547778       3.30988083       0.51970209
464          4.33742035       0.09633943       3.61160819       0.62947274
465          4.73324054       0.10225581       3.91910863       0.71187609
466          4.98184234       0.10436559       4.14124258       0.73623417
467          5.00459421       0.09688995       4.20385992       0.70384435
468          4.84665542       0.08092523       4.12299620       0.64273399
469          4.65693753       0.07038560       3.98923082       0.59732111
470          4.51522560       0.05555565       3.87366134       0.58600861
471          4.44456405       0.03264883       3.82555166       0.58636357
472          4.55179428       0.01283096       3.91809867       0.62086465
473          4.82257898       0.00578816       4.13349459       0.68329623
474          5.11410149       0.00567597       4.36708963       0.74133590
475          5.27144544       0.00874514       4.50859531       0.75410500
476          5.31333856       0.01415496       4.56828546       0.73089814
477          5.33225209       0.01961114       4.64155341       0.67108754
478          5.41791054       0.02156008       4.79635527       0.59999518
479          5.54755276       0.02733007       4.98839007       0.53183262
480          5.56039404       0.04312644       5.02987822       0.48738938
481          5.58276790       0.07928300       5.00165171       0.50183320
482          5.66201563       0.13200585       4.96190019       0.56810959
483          5.77963266       0.18455991       4.96531216       0.62976060
484          5.86457736       0.20945726       4.98668456       0.66843554
485          5.90393558       0.18617231       5.01556660       0.70219667
486          5.84234660       0.14219053       5.00843260       0.69172348
487          5.73822149       0.12673228       4.98214117       0.62934804
488          5.62429503       0.13983333       4.96132007       0.52314163
489          5.54089418       0.15821517       4.95615349       0.42652553
490          5.48718779       0.17710747       4.93135473       0.37872559
491          5.48351980       0.20337759       4.92939687       0.35074533
492          5.62645006       0.24078135       5.07752565       0.30814306
493          5.84715837       0.29086384       5.29970668       0.25658786
494          6.08123073       0.34970386       5.50009742       0.23142945
495          6.18596417       0.43165422       5.49306623       0.26124372
496          6.15649419       0.54862574       5.28076130       0.32710715
497          6.19865411       0.68653703       5.14177688       0.37034020
498          6.41746431       0.84890362       5.18864746       0.37991323
499          6.67039831       0.98910211       5.29347385       0.38782235
500          6.94037519       1.09820356       5.41747448       0.42469715
501          7.24684526       1.14700319       5.60637749       0.49346458
502          7.50765458       1.14282969       5.78891809       0.57590679
503          7.63941724       1.14069327       5.87325332       0.62547064
504          7.63867524       1.12485191       5.87468002       0.63914331
505          7.66988536       1.08971525       5.94835935       0.63181077
506          7.74679166       1.06975012       6.06023645       0.61680509
507          7.81944208       1.12301951       6.09853614       0.59788643
508          7.72993283       1.20048052       5.92909239       0.60035992
509          7.54725750       1.26846857       5.66111365       0.61767528
510          7.40874678       1.34627690       5.43681174       0.62565814
511          7.39187996       1.46050299       5.32772658       0.60365039
512          7.31199971       1.51979850       5.23907475       0.55312646
513          7.03466059       1.46494833       5.06278701       0.50692525
514          6.64500682       1.35284692       4.79833568       0.49382421
515          6.28841706       1.24482824       4.56951533       0.47407349
516          6.06229059       1.20750451       4.42983357       0.42495251
517          5.86934269       1.22344770       4.28117709       0.36471790
518          5.65241572       1.26895800       4.06148423       0.32197349
519          5.43806620       1.32462543       3.79483841       0.31860236
520          5.34633759       1.37024120       3.64353489       0.33256151
521          5.39350434       1.39103677       3.66428070       0.33818686
522          5.59208361       1.45218741       3.80359516       0.33630104
523          5.76435815       1.53276283       3.88031501       0.35128031
524          5.83466090       1.53521695       3.91945199       0.37999196
525          5.73805634       1.37906384       3.93943239       0.41956011
526          5.59466047       1.16877931       3.99238523       0.43349593
527          5.65851068       1.00935277       4.22416942       0.42498849
528          5.83709527       0.92157940       4.52888780       0.38662808
529          5.99953410       0.90791685       4.75324915       0.33836810
530          5.96148164       0.91693008       4.72506790       0.31948366
531          5.75082130       0.94565206       4.47474446       0.33042478
532          5.55021024       1.05164486       4.16194844       0.33661694
533          5.55344879       1.24950052       3.99008811       0.31386016
534          5.65400220       1.41669851       3.94441701       0.29288668
535          5.82141412       1.49230844       4.03887098       0.29023470
536          6.06191594       1.49064650       4.24416879       0.32710065
537          6.42626813       1.49534278       4.56638328       0.36454208
538          6.73556445       1.48640087       4.87126110       0.37790248
539          6.77761672       1.46425459       4.97298920       0.34037292
540          6.64218270       1.51750279       4.85076200       0.27391792
541          6.32788719       1.59348248       4.51175136       0.22265335
542          5.87708676       1.60683904       4.05692325       0.21332447
543          5.63057995       1.63582194       3.74200561       0.25275239
544          5.62427514       1.72968715       3.61205005       0.28253794
545          5.64306905       1.79744034       3.59064199       0.25498671
546          5.45687105       1.73705768       3.53496681       0.18484656
547          5.16432228       1.55312525       3.46949132       0.14170570
548          5.00613672       1.37039288       3.49435124       0.14139259
549          4.94140371       1.23232034       3.54543890       0.16364446
550          4.80712411       1.16142559       3.47226698       0.17343155
551          4.51730219       1.12750814       3.21971500       0.17007906
552          4.17482222       1.13350990       2.88844835       0.15286397
553          3.89371047       1.18139224       2.60297989       0.10933834
554          3.68388383       1.23159269       2.38203485       0.07025629
555          3.56360513       1.23910245       2.26435728       0.06014539
556          3.48818572       1.19682804       2.22681218       0.06454550
557          3.47303861       1.12511014       2.27800735       0.06992112
558          3.47476973       1.06714427       2.32582066       0.08180480
559          3.45389281       1.02582163       2.32613438       0.10193680
560          3.46344888       1.00152482       2.35058054       0.11134352
561          3.43397514       0.98263733       2.35226486       0.09907295
562          3.31409958       0.97014780       2.26755371       0.07639807
563          3.17721505       1.00689406       2.11201878       0.05830222
564          3.13411365       1.08076456       2.01028952       0.04305957
565          3.19578526       1.15059690       2.01415123       0.03103712
566          3.33794690       1.19594921       2.11354863       0.02844906
567          3.52686305       1.26081150       2.23283967       0.03321188
568          3.82629841       1.38899865       2.39435447       0.04294528
569          4.25083554       1.53898641       2.64888837       0.06296076
570          4.60268485       1.62411667       2.88296832       0.09559986
571          4.63658647       1.60105583       2.90504887       0.13048177
572          4.47267056       1.55884936       2.76909924       0.14472196
573          4.40357969       1.56284962       2.70496155       0.13576853
574          4.57595767       1.65625124       2.77698201       0.14272442
575          4.87473517       1.75847302       2.94753536       0.16872678
576          5.08179721       1.81315947       3.05749928       0.21113846
577          5.15942046       1.85992603       3.04406560       0.25542883
578          5.12505636       1.88940029       2.96177481       0.27388126
579          5.10479905       1.90402803       2.91115823       0.28961280
580          5.13068741       1.90821250       2.89955628       0.32291863
581          5.30881026       2.06019242       2.84639465       0.40222320
582          5.62553025       2.39506065       2.72211711       0.50835249
583          6.03802611       2.76361143       2.68330455       0.59111013
584          6.35925957       2.95384162       2.76887636       0.63654158
585          6.51874882       2.95723736       2.86805883       0.69345263
586          6.66046414       2.95582252       2.97503097       0.72961064
587          6.95885133       3.02958180       3.18160403       0.74766550
588          7.32697109       3.11072662       3.45937033       0.75687414
589          7.53415072       3.13906114       3.62545998       0.76962960
590          7.58524077       3.17075552       3.57961757       0.83486768
591          7.80232172       3.31194578       3.57624242       0.91413352
592          8.15560827       3.57976303       3.62412159       0.95172365
593          8.48022123       3.80338960       3.70704124       0.96979039
594          8.70726368       3.87818546       3.79490921       1.03416902
595          8.87384492       3.83379220       3.92172790       1.11832482
596          9.07574366       3.80445614       4.13781398       1.13347353
597          9.18727324       3.76996504       4.28524123       1.13206697
598          9.21650232       3.71877589       4.32555906       1.17216738
599          9.19423006       3.68709680       4.26678565       1.24034760
600          9.15772104       3.62796955       4.20457346       1.32517803
601          9.21377209       3.59145669       4.22735373       1.39496166
602          9.30496388       3.57109040       4.30556686       1.42830663
603          9.29150698       3.53212429       4.34960026       1.40978243
604          9.23183640       3.47567776       4.39684123       1.35931740
605          9.36446727       3.48252392       4.50320753       1.37873582
606          9.69677682       3.66704197       4.58465325       1.44508160
607          9.98407267       3.98471479       4.48548012       1.51387776
608         10.28946925       4.34539865       4.37250085       1.57156975
609         10.68512149       4.58900700       4.45417171       1.64194278
610         10.88183866       4.60548940       4.66916805       1.60718121
611         10.73424426       4.44533787       4.84263869       1.44626771
612         10.44782391       4.22753705       4.90281826       1.31746860
613         10.08817978       4.05436794       4.78966711       1.24414473
614          9.61704896       3.94782792       4.48781409       1.18140696
615          9.28695630       3.85189909       4.31450572       1.12055150
616          9.13754223       3.73772986       4.33990631       1.05990606
617          8.95685783       3.56414504       4.38777856       1.00493423
618          8.66935610       3.31778130       4.39707005       0.95450475
619          8.51182263       3.11671353       4.48759161       0.90751748
620          8.58497331       3.05408640       4.64806961       0.88281730
621          8.65477924       3.02614105       4.75254105       0.87609714
622          8.69135704       2.93713104       4.86129482       0.89293118
623          8.59100841       2.79205913       4.90711764       0.89183164
624          8.35682069       2.58878292       4.84660111       0.92143667
625          8.17594818       2.41481857       4.75686189       1.00426772
626          8.23708438       2.26322902       4.87592828       1.09792709
627          8.58638416       2.15956171       5.24610174       1.18072071
628          9.02471754       2.07018291       5.67621643       1.27831820
629          9.34002737       2.02096544       5.94262965       1.37643229
630          9.38737541       1.96638042       5.98610919       1.43488580
631          9.23381547       1.84078058       5.89823858       1.49479631
632          9.03752361       1.68116824       5.82547254       1.53088283
633          8.91704544       1.51116067       5.84329215       1.56259263
634          8.94937118       1.39788805       5.93099606       1.62048707
635          9.25099145       1.39857637       6.09660404       1.75581103
636          9.60938091       1.51085687       6.21714539       1.88137865
637          9.62076983       1.55571590       6.17128258       1.89377135
638          9.38027083       1.48771917       6.11444518       1.77810648
639          9.19504397       1.37164959       6.23884518       1.58454919
640          9.21667689       1.26993196       6.53128370       1.41546123
641          9.33634882       1.19923407       6.82240212       1.31471263
642          9.50646294       1.17937754       7.05182211       1.27526329
643          9.72240855       1.24208352       7.19449435       1.28583067
644          9.95335678       1.34887683       7.29022718       1.31425277
645         10.11119020       1.42971822       7.36627867       1.31519331
646         10.12577960       1.37223695       7.51991499       1.23362766
647         10.14372186       1.28357339       7.78487257       1.07527590
648         10.26315118       1.24321209       8.08697321       0.93296588
649         10.52286008       1.28735324       8.39134717       0.84415967
650         10.93342945       1.35042567       8.81960744       0.76339634
651         11.45426404       1.40738696       9.30636152       0.74051556
652         11.74694806       1.35799093       9.60893809       0.78001903
653         11.70745785       1.18291217       9.71579093       0.80875475
654         11.46417403       0.96815308       9.72834664       0.76767431
655         11.10038130       0.78003053       9.63509158       0.68525920
656         10.72952678       0.64150317       9.46246055       0.62556307
657         10.49344117       0.55467236       9.36911879       0.56965002
658         10.41160698       0.50255172       9.39999164       0.50906363
659         10.53702846       0.46721869       9.59371560       0.47609418
660         10.81226515       0.45068017       9.85020742       0.51137756
661         10.96137669       0.44439677       9.93175434       0.58522558
662         11.00377430       0.45453290       9.93234197       0.61689944
663         10.96285723       0.42177105       9.99715624       0.54392994
664         10.78446407       0.34361968       9.99720354       0.44364085
665         10.61440649       0.27462255       9.96348991       0.37629402
666         10.65669986       0.25216600      10.06851836       0.33601550
667         10.83147876       0.25669082      10.28261705       0.29217090
668         10.84960883       0.28160649      10.32028610       0.24771624
669         10.67884224       0.33651500      10.15030436       0.19202289
670         10.58604880       0.41443549      10.03110073       0.14051258
671         10.51685460       0.46325701       9.95392499       0.09967260
672         10.37883936       0.46985370       9.83100224       0.07798342
673         10.16659837       0.45886205       9.63363316       0.07410316
674         10.07637198       0.46755263       9.53259012       0.07622924
675         10.17626739       0.52816065       9.56122057       0.08688618
676         10.36095018       0.61773652       9.64214451       0.10106916
677         10.38421151       0.67697101       9.59726583       0.10997468
678         10.11949215       0.63737138       9.38776338       0.09435740
679          9.75631214       0.56015459       9.13243178       0.06372577
680          9.53582542       0.50859289       8.98587842       0.04135411
681          9.57820269       0.48448718       9.05604634       0.03766917
682          9.77610492       0.48616262       9.25857646       0.03136583
683         10.08119991       0.54157804       9.52184738       0.01777449
684         10.30034494       0.59589825       9.69952181       0.00492489
685         10.21413918       0.59678253       9.61714968       0.00020696
686          9.80935656       0.57008457       9.23706865       0.00220335
687          9.31123059       0.51081526       8.78937197       0.01104336
688          9.00794014       0.44225109       8.55118794       0.01450111
689          8.95364072       0.39036749       8.55549677       0.00777646
690          8.89099300       0.35065806       8.53366102       0.00667393
691          8.71167914       0.34086179       8.35024623       0.02057112
692          8.75429599       0.38127736       8.33059481       0.04242382
693          9.00246863       0.42844000       8.50750791       0.06652071
694          9.31809589       0.47113469       8.76903597       0.07792522
695          9.42488493       0.48489591       8.85379229       0.08619673
696          9.39081649       0.50338375       8.80159257       0.08584017
697          9.07816354       0.48131969       8.51365091       0.08319295
698          8.88442438       0.44704952       8.35898667       0.07838819
699          9.12943073       0.42502334       8.61008298       0.09432441
700          9.55242268       0.41378150       9.00014352       0.13849766
701          9.74129443       0.39766492       9.12727234       0.21635716
702          9.46560769       0.34184103       8.81057051       0.31319615
703          9.17129312       0.30208472       8.50418097       0.36502743
704          9.34200527       0.28682746       8.69030178       0.36487603
705          9.87254972       0.31281132       9.25639978       0.30333863
706         10.31738033       0.33692212       9.76894935       0.21150887
707         10.53460378       0.33980026      10.07362026       0.12118325
708         10.46106293       0.32232720      10.06095043       0.07778529
709         10.18862181       0.31737816       9.79520875       0.07603490
710          9.82408354       0.33843168       9.39732704       0.08832483
711          9.61826285       0.36485962       9.15471229       0.09869093
712          9.57527171       0.36910536       9.10495429       0.10121206
713          9.56827764       0.32383871       9.16501114       0.07942779
714          9.64084290       0.28555316       9.31786907       0.03742067
715          9.79591226       0.28211330       9.50665805       0.00714091
716          9.96969994       0.29420159       9.67512645       0.00037190
717         10.09715813       0.29913936       9.78689207       0.01112670
718         10.07873238       0.30697761       9.74534467       0.02641011
719          9.81025688       0.30433407       9.47076184       0.03516097
720          9.38143355       0.26540959       9.08060059       0.03542337
721          8.86791157       0.22670232       8.60502037       0.03618889
722          8.49190751       0.22761398       8.21997960       0.04431393
723          8.36288551       0.27825992       8.01437710       0.07024849
724          8.42531063       0.39043284       7.92262081       0.11225698
725          8.54626920       0.52709366       7.87892586       0.14024968
726          8.67199103       0.63657530       7.89300599       0.14240975
727          8.78828310       0.72770041       7.92387730       0.13670540
728          8.78431559       0.81547945       7.83078959       0.13804655
729          8.62174518       0.87721814       7.57286654       0.17166051
730          8.34498661       0.88857222       7.21939829       0.23701610
731          8.18416808       0.87383734       6.98715580       0.32317495
732          8.07813400       0.81816179       6.83838117       0.42159105
733          8.06553322       0.75960603       6.80977203       0.49615517
734          7.92778054       0.70230968       6.72725458       0.49821627
735          7.84161268       0.64712915       6.74926855       0.44521498
736          7.83568424       0.59793183       6.84950228       0.38825012
737          7.82177146       0.55377161       6.89756504       0.37043481
738          7.68311137       0.51621036       6.76287372       0.40402729
739          7.30818822       0.47648604       6.35374458       0.47795760
740          6.87894058       0.45102758       5.84227756       0.58563543
741          6.52592281       0.43101361       5.36885287       0.72605633
742          6.26123388       0.38715602       5.01660374       0.85747411
743          5.92331267       0.32628366       4.68367217       0.91335683
744          5.49390999       0.27254299       4.31657841       0.90478859
745          5.09280360       0.24994045       3.95988118       0.88298196
746          4.93201629       0.26886782       3.77656009       0.88658838
747          5.03886088       0.33978675       3.76159136       0.93748277
748          5.27195957       0.41014050       3.80904280       1.05277626
749          5.30304469       0.38882019       3.70487440       1.20935010
750          5.09911539       0.29547718       3.44801110       1.35562711
751          4.83618621       0.25652511       3.12294721       1.45671389
752          4.64572076       0.28319223       2.84397943       1.51854909
753          4.52683244       0.31359698       2.62173471       1.59150076
754          4.50790851       0.31156605       2.46745204       1.72889043
755          4.58009443       0.32615088       2.34552046       1.90842308
756          4.64677112       0.38159894       2.20531223       2.05985995
757          4.74943868       0.42845882       2.10863478       2.21234508
758          4.79833966       0.41264111       2.03703828       2.34866028
759          4.94857068       0.36093948       2.09511501       2.49251620
760          5.29887122       0.34959963       2.28767567       2.66159592
761          5.67318821       0.36370357       2.52678054       2.78270410
762          5.79696915       0.36991659       2.63750462       2.78954793
763          5.76524569       0.35873165       2.70176415       2.70474988
764          5.73100942       0.34478457       2.76945044       2.61677441
765          5.75209878       0.38806365       2.77642115       2.58761397
766          5.66985696       0.42575748       2.78503946       2.45906002
767          5.48968601       0.39543279       2.80361462       2.29063860
768          5.40988411       0.35498643       2.86528102       2.18961665
769          5.47874861       0.36922892       2.99241891       2.11710078
770          5.67215301       0.43200158       3.11528462       2.12486681
771          5.91191041       0.46614427       3.28395014       2.16181600
772          6.16662397       0.49079339       3.43651119       2.23931939
773          6.37361497       0.52326903       3.48668276       2.36366318
774          6.51832935       0.50386622       3.53987359       2.47458953
775          6.52918775       0.43565912       3.51137652       2.58215210
776          6.59527562       0.39233647       3.52075113       2.68218802
777          6.78906136       0.38157054       3.62567617       2.78181465
778          7.02651288       0.39098373       3.73431260       2.90121655
779          7.29507846       0.37261841       3.91173018       3.01072987
780          7.53676408       0.35754467       4.07577075       3.10344867
781          7.58203027       0.33342249       4.13086869       3.11773908
782          7.41194521       0.30211434       4.01169742       3.09813344
783          7.20060676       0.26613307       3.81319858       3.12127511
784          7.12980297       0.28276946       3.64691903       3.20011448
785          7.36021691       0.37686372       3.66632692       3.31702627
786          7.75781361       0.48394569       3.70146805       3.57239987
787          8.00617303       0.50501974       3.60016733       3.90098596
788          7.87081660       0.44699792       3.34747788       4.07634081
789          7.61211663       0.36907901       3.10834833       4.13468929
790          7.32758823       0.29548188       2.95117536       4.08093099
791          7.05089298       0.26669413       2.90262681       3.88157204
792          6.84148950       0.28703813       3.00206428       3.55238709
793          6.62206519       0.34718379       3.08307022       3.19181118
794          6.49902614       0.38111752       3.13214234       2.98576628
795          6.51163137       0.37472122       3.17454312       2.96236703
796          6.56024351       0.33695489       3.26881562       2.95447300
797          6.54012364       0.30561311       3.34454419       2.88996634
798          6.34472886       0.28359894       3.32002731       2.74110262
799          6.06734622       0.29195582       3.19490379       2.58048662
800          5.89585901       0.35252180       3.05810379       2.48523341
801          5.73904854       0.46524810       2.83312622       2.44067421
802          5.51516898       0.61607197       2.55603974       2.34305728
803          5.27433258       0.66870618       2.42915706       2.17646934
804          5.20965379       0.61163688       2.53468838       2.06332853
805         12.02367560       5.47118096       0.00010629       6.55238836
806         12.16950821       5.48711150       0.00000033       6.68239639
807         12.44475008       5.55615457       0.00140594       6.88718957
808         12.81672820       5.76199611       0.00518718       7.04954491
809         13.12367087       6.05305803       0.00656678       7.06404606
810         13.39984038       6.42369167       0.00517088       6.97097783
811         13.52125054       6.75313421       0.00291185       6.76520449
812         13.54819885       6.99967462       0.00178717       6.54673706
813         13.56346998       7.13561711       0.00279563       6.42505723
814         13.48545703       7.23276548       0.00656600       6.24612555
815         13.53767667       7.43067752       0.01330305       6.09369610
816         13.94799629       7.81783375       0.01838960       6.11177294
817         14.47075205       8.25706897       0.01889978       6.19478330
818         15.12622942       8.88799383       0.01386351       6.22437208
819         15.69570542       9.55310213       0.01023379       6.13236950
820         16.06930495       9.99263344       0.00565852       6.07101299
821         16.19732780      10.18074989       0.00293685       6.01364105
822         16.06733436      10.37184775       0.00455442       5.69093220
823         15.88186393      10.49972458       0.00258005       5.37955930
824         15.80743860      10.59395478       0.00105415       5.21242967
825         15.95231866      10.65449746       0.01531245       5.28250875
826         16.37511514      10.79543842       0.03251777       5.54715894
827         16.79198888      11.01380600       0.03451855       5.74366433
828         17.11179094      11.27257814       0.03011275       5.80910005
829         17.36967864      11.50451217       0.03335727       5.83180919
830         17.36342900      11.61173974       0.04224994       5.70943933
831         17.04761498      11.61280375       0.05458703       5.38022420
832         16.70876613      11.58083703       0.06793681       5.05999228
833         16.63292357      11.67937234       0.07946622       4.87408500
834         16.93436001      11.95194904       0.09127440       4.89113656
835         17.45101479      12.24920642       0.10851169       5.09329668
836         17.84932367      12.35728909       0.12955929       5.36247529
837         17.99168533      12.32880002       0.14474920       5.51813611
838         17.91452128      12.26387155       0.15464814       5.49600159
839         17.72999098      12.21190577       0.15412457       5.36396064
840         17.39027172      12.10296716       0.14497714       5.14232741
841         16.92874816      11.92044538       0.13480974       4.87349304
842         16.71766370      11.91888023       0.13863920       4.66014427
843         16.70308792      12.09239004       0.15562325       4.45507463
844         16.86497801      12.45209950       0.17995968       4.23291883
845         17.17820357      12.96062216       0.22148410       3.99609731
846         17.52074580      13.46921812       0.28732416       3.76420352
847         17.83984491      13.88517613       0.38112237       3.57354641
848         17.88103328      13.96882260       0.43777108       3.47443960
849         17.50727021      13.67101012       0.39863168       3.43762841
850         16.83406395      13.16438971       0.29542627       3.37424797
851         16.24223608      12.71433131       0.20786777       3.32003700
852         15.88765737      12.38319920       0.15838983       3.34606834
853         15.57694357      12.09176162       0.14335885       3.34182311
854         15.24712408      11.88206339       0.15241817       3.21264252
855         15.11076499      11.88114463       0.19189648       3.03772387
856         15.17661674      12.10830082       0.25686319       2.81145274
857         15.34972692      12.42811772       0.32218126       2.59942793
858         15.38603885      12.55921353       0.34925331       2.47757201
859         15.17290123      12.38954029       0.31964750       2.46371344
860         14.82022388      12.01623213       0.26289350       2.54109825
861         14.45536574      11.62787951       0.18944253       2.63804370
862         14.16800653      11.29422901       0.12196560       2.75181192
863         14.10203156      11.15557829       0.08850573       2.85794754
864         14.26621512      11.23556505       0.10464137       2.92600871
865         14.44257564      11.36257876       0.15599702       2.92399986
866         14.35655368      11.27843110       0.22912633       2.84899625
867         14.04175019      11.04852028       0.32342456       2.66980535
868         13.68272779      10.77953679       0.40750755       2.49568346
869         13.36723848      10.56415522       0.38594791       2.41713534
870         12.99550212      10.32410074       0.28531614       2.38608524
871         12.62398491      10.04711981       0.23084954       2.34601556
872         12.29423306       9.75944716       0.25016039       2.28462551
873         12.06460549       9.49830929       0.31596916       2.25032704
874         11.93703858       9.33351931       0.39425025       2.20926902
875         11.93931502       9.32394225       0.47278171       2.14259105
876         11.93101657       9.38618349       0.53392360       2.01090948
877         11.78625997       9.32688082       0.56893194       1.89044722
878         11.51411874       9.12520642       0.58683443       1.80207790
879         11.25614639       8.92446000       0.59810993       1.73357647
880         11.17210282       8.86095632       0.60513317       1.70601332
881         11.22088686       8.90275493       0.58763485       1.73049708
882         11.23969929       8.95902103       0.52984899       1.75082926
883         11.28296819       9.07954190       0.45723795       1.74618834
884         11.46326262       9.35527486       0.39528739       1.71270038
885         11.70508297       9.63643418       0.37161068       1.69703810
886         11.71712819       9.59458759       0.40317537       1.71936523
887         11.43112902       9.25778377       0.47719281       1.69615243
888         11.21256073       9.02478228       0.56501564       1.62276281
889         11.23125809       9.03951933       0.64575359       1.54598517
890         11.37272584       9.16923863       0.69968930       1.50379791
891         11.58397693       9.39933119       0.72261892       1.46202682
892         11.92922409       9.81446053       0.73396520       1.38079836
893         12.40071867      10.41917398       0.71674319       1.26480150
894         12.86422921      11.02437894       0.67347886       1.16637140
895         13.22880319      11.51735702       0.59215218       1.11929398
896         13.40411815      11.80400570       0.50562689       1.09448556
897         13.45078608      11.87992832       0.47409807       1.09675969
898         13.42739427      11.76389668       0.52935800       1.13413959
899         13.36397594      11.54328750       0.65237683       1.16831160
900         13.31106971      11.36971136       0.78423442       1.15712393
901         13.26717860      11.28733252       0.87199988       1.10784620
902         13.24795733      11.32329863       0.87824510       1.04641361
903         13.27340705      11.44853694       0.81173788       1.01313223
904         13.19812128      11.43356096       0.76987809       0.99468223
905         12.97632836      11.20435436       0.81340563       0.95856837
906         12.76127810      10.93385791       0.90206414       0.92535606
907         12.65652564      10.74903626       0.97129808       0.93619130
908         12.70740795      10.67940361       1.01848858       1.00951577
909         12.91293141      10.74798485       1.04406386       1.12088270
910         13.15604191      10.87478756       1.03509082       1.24616353
911         13.26677301      10.94213486       0.96421751       1.36042063
912         13.09702785      10.75812579       0.89583325       1.44306881
913         12.68570927      10.35857785       0.87374937       1.45338205
914         12.29432846       9.99993941       0.88924655       1.40514251
915         12.07906410       9.79197043       0.93229119       1.35480249
916         12.09152080       9.70069466       1.02590667       1.36491947
917         12.24470827       9.66150465       1.21852615       1.36467748
918         12.43867977       9.66199968       1.48498311       1.29169699
919         12.53108748       9.64328197       1.71889128       1.16891423
920         12.64323950       9.71051809       1.85965563       1.07306579
921         12.82182034       9.87145914       1.95009975       1.00026146
922         12.87547766       9.89714826       2.03507075       0.94325865
923         12.65596116       9.62932581       2.11852342       0.90811193
924         12.38463238       9.28018173       2.18860167       0.91584898
925         12.36664410       9.12315910       2.25646598       0.98701902
926         12.64262470       9.16639313       2.34557345       1.13065812
927         12.99146432       9.27300893       2.42323195       1.29522345
928         13.06130899       9.20849625       2.41786745       1.43494529
929         12.90291747       9.17343717       2.22187939       1.50760091
930         12.77255545       9.32703053       1.94079874       1.50472618
931         12.72214938       9.49080830       1.75588908       1.47545200
932         12.74877954       9.48686675       1.78916426       1.47274853
933         12.87997125       9.36575773       2.03205840       1.48215511
934         13.01513258       9.23625256       2.31602983       1.46285019
935         13.02596770       9.17665776       2.46634891       1.38296102
936         12.90833878       9.16841822       2.45246277       1.28745779
937         12.75094393       9.22219384       2.31575958       1.21299050
938         12.64869477       9.36929565       2.12254502       1.15685409
939         12.65457155       9.51117603       2.01010966       1.13328586
940         12.73323379       9.55068904       2.04404329       1.13850146
941         12.81463860       9.48043024       2.16889086       1.16531751
942         12.91238866       9.45983293       2.25162872       1.20092700
943         12.97692375       9.58253846       2.20134554       1.19303975
944         13.03489823       9.80089804       2.08310704       1.15089315
945         13.14074651      10.07030318       1.98545417       1.08498916
946         13.35982259      10.33969325       2.01211388       1.00801546
947         13.58354343      10.52113674       2.16726431       0.89514237
948         13.67307393      10.53616057       2.39206207       0.74485130
949         13.57518328      10.32752415       2.62978294       0.61787619
950         13.57784584      10.15226037       2.87277909       0.55280638
951         13.84199891      10.23174125       3.08707961       0.52317805
952         14.17677952      10.45946128       3.21555846       0.50175978
953         14.32155365      10.55795484       3.23923695       0.52436185
954         14.33853477      10.47820920       3.26248354       0.59784203
955         14.54852421      10.41945687       3.43372307       0.69534426
956         14.95213927      10.44851533       3.72970173       0.77392222
957         15.24213180      10.43579893       3.99471123       0.81162164
958         15.29908326      10.35622946       4.15036112       0.79249268
959         15.35381396      10.26282160       4.32407234       0.76692002
960         15.51040810      10.21569815       4.51812039       0.77658956
961         15.84749487      10.26464181       4.71133922       0.87151383
962         16.18987737      10.34331105       4.81936756       1.02719877
963         16.23070395      10.29521022       4.77637410       1.15911962
964         15.97886233      10.07836269       4.63099851       1.26950114
965         15.76622276       9.84857622       4.51124074       1.40640580
966         15.73320189       9.67849167       4.50280629       1.55190393
967         15.92393047       9.73643485       4.56256025       1.62493537
968         16.19105692       9.85317391       4.66840993       1.66947308
969         16.44775889       9.90309863       4.83067078       1.71398948
970         16.78755849       9.98959862       5.08973458       1.70822529
971         17.18662275      10.24961237       5.35633483       1.58067555
972         17.56231783      10.58987700       5.58592455       1.38651628
973         17.70107127      10.78511360       5.66643775       1.24951992
974         17.41652309      10.69137885       5.52141459       1.20372965
975         16.89853806      10.31519578       5.36189814       1.22144414
976         16.74671272      10.02609536       5.49281101       1.22780636
977         17.16409535       9.98460039       5.92921375       1.25028120
978         17.96960922      10.13408293       6.52751483       1.30801147
979         18.80612526      10.34078424       7.16842401       1.29691701
980         19.29099858      10.58616583       7.52188866       1.18294409
981         19.40424280      10.70614439       7.62390779       1.07419061
982         19.29730384      10.68880988       7.58140369       1.02709027
983         18.79721972      10.44587364       7.33981292       1.01153316
984         18.07318375      10.02075410       7.01951976       1.03290990
985         17.56396311       9.59227996       6.83330074       1.13838241
986         17.43607882       9.34030899       6.77430210       1.32146773
987         17.60518147       9.43789070       6.69008292       1.47720786
988         17.65333619       9.53326789       6.53940645       1.58066185
989         17.67914833       9.69003117       6.39104145       1.59807570
990         17.97427086      10.02542688       6.31703891       1.63180508
991         18.49025750      10.40496346       6.32430540       1.76098864
992         19.23666169      10.91828297       6.35358260       1.96479611
993         20.09546756      11.42076875       6.45330024       2.22139858
994         20.59925183      11.67773002       6.43858064       2.48294117
995         20.68220519      11.66390428       6.27407183       2.74422907
996         20.37623254      11.48488850       5.90550902       2.98583501
997         19.82274609      11.35617034       5.28113432       3.18544143
998         19.02146403      11.23810201       4.45903882       3.32432319
999         18.26335495      11.08025867       3.66519151       3.51790477
1000        17.78434891      10.88608583       3.11296349       3.78529959
