0      297         -5.78716353       2.60352362      -1.43587751
1      297         -5.79806046       2.57121401      -1.46843722
2      297         -5.80503677       2.59803587      -1.50953794
3      297         -5.84595037       2.64876544      -1.56311233
4      297         -5.89288175       2.67956191      -1.59237392
5      297         -5.92049476       2.69540192      -1.58914336
6      297         -5.93607914       2.68967210      -1.58293293
7      297         -5.98685329       2.65071782      -1.57285869
8      297         -6.07929512       2.58652985      -1.55131983
9      297         -6.15641756       2.48962725      -1.54374919
10     297         -6.19653801       2.37895451      -1.54699371
11     297         -6.21078419       2.28195289      -1.54920655
12     297         -6.25676393       2.22020516      -1.51268343
13     297         -6.36035324       2.18154388      -1.44207632
14     297         -6.44849502       2.10865321      -1.37588381
15     297         -6.48089548       1.99588577      -1.33543352
16     297         -6.48372890       1.89268026      -1.32564918
17     297         -6.47483931       1.82527226      -1.32721145
18     297         -6.48208123       1.77757049      -1.32158635
19     297         -6.50561323       1.70987070      -1.29501436
20     297         -6.53019270       1.65205601      -1.25447100
21     297         -6.54565633       1.62508209      -1.22902644
22     297         -6.54392969       1.60079139      -1.21956277
23     297         -6.51682442       1.54147971      -1.22762890
24     297         -6.48485143       1.47012481      -1.25061589
25     297         -6.48641585       1.41569738      -1.28902283
26     297         -6.51748544       1.36910315      -1.35007247
27     297         -6.54443929       1.31191887      -1.40958483
28     297         -6.51887740       1.27671527      -1.43173131
29     297         -6.46778918       1.25646019      -1.41490341
30     297         -6.50660122       1.19851536      -1.35582883
31     297         -6.57686507       1.12665475      -1.28380984
32     297         -6.63569317       1.02992492      -1.19567556
33     297         -6.69881290       0.90366860      -1.09635119
34     297         -6.71546480       0.79974752      -1.03440563
35     297         -6.67190169       0.77425000      -1.02726639
36     297         -6.66184805       0.76956761      -1.00240179
37     297         -6.69647580       0.74075122      -0.94476276
38     297         -6.71488453       0.70622851      -0.88278103
39     297         -6.71218538       0.69656578      -0.85718596
40     297         -6.73117466       0.66244476      -0.83781288
41     297         -6.78698706       0.59812825      -0.79841052
42     297         -6.80055237       0.57310843      -0.77620949
43     297         -6.76740961       0.58389907      -0.77530267
44     297         -6.73518171       0.61429399      -0.81032869
45     297         -6.75819152       0.60766181      -0.84189647
46     297         -6.79851495       0.61004332      -0.87631100
47     297         -6.82615119       0.62238995      -0.90707790
48     297         -6.84751412       0.65482105      -0.92420535
49     297         -6.89135944       0.67142260      -0.91367960
50     297         -6.94409261       0.64758274      -0.90625012
51     297         -6.98706531       0.62068678      -0.92661649
52     297         -7.00557849       0.60222713      -0.96940095
53     297         -6.99282505       0.59191210      -1.01183620
54     297         -6.96853072       0.58418026      -1.02261034
55     297         -6.96833104       0.60621947      -1.00056897
56     297         -6.95588247       0.67158043      -0.99430209
57     297         -6.91623415       0.75576633      -1.00607944
58     297         -6.89458491       0.83233794      -1.01922544
59     297         -6.88574579       0.91431015      -1.00804302
60     297         -6.88209613       0.97115295      -0.99608679
61     297         -6.89238599       1.00341989      -0.99072577
62     297         -6.89793379       1.00863751      -0.97722852
63     297         -6.87943274       0.99670213      -0.96304636
64     297         -6.85632480       0.98505424      -0.96716988
65     297         -6.83757146       0.96662773      -0.98656364
66     297         -6.78217299       0.95825582      -1.00580467
67     297         -6.69207020       0.95826550      -1.01137264
68     297         -6.60610968       0.98178331      -1.00023844
69     297         -6.55757409       0.98558765      -0.96696521
70     297         -6.52680401       0.97713977      -0.91359193
71     297         -6.48558820       0.98313062      -0.85161805
72     297         -6.43421245       1.00828222      -0.79094648
73     297         -6.40890739       1.01743356      -0.72800224
74     297         -6.41321687       1.00983326      -0.66361341
75     297         -6.40959545       1.02122317      -0.61065130
76     297         -6.35722423       1.04459670      -0.56858012
77     297         -6.27139798       1.09035740      -0.53150386
78     297         -6.21711991       1.13004978      -0.48012562
79     297         -6.17087261       1.17206114      -0.43428526
80     297         -6.15025032       1.20932940      -0.39955045
81     297         -6.14740602       1.24451252      -0.37919144
82     297         -6.13898877       1.26260031      -0.39468660
83     297         -6.12134713       1.29708360      -0.43085944
84     297         -6.12001767       1.37321865      -0.44369255
85     297         -6.10236312       1.47974515      -0.40062800
86     297         -6.03794411       1.59983954      -0.36461338
87     297         -5.95606509       1.72234855      -0.36318366
88     297         -5.89846596       1.85018517      -0.31803599
89     297         -5.87864460       1.96200008      -0.25191490
90     297         -5.87465194       2.05814359      -0.21400954
91     297         -5.86793819       2.12737941      -0.21085192
92     297         -5.85208106       2.15969244      -0.22111600
93     297         -5.82702691       2.15649930      -0.24751129
94     297         -5.80875728       2.12448835      -0.27649900
95     297         -5.79033951       2.09284755      -0.28371339
96     297         -5.74604121       2.07663369      -0.28492742
97     297         -5.69106470       2.08073056      -0.31137879
98     297         -5.67049238       2.08463885      -0.36180666
99     297         -5.69730754       2.08745560      -0.39936010
100    297         -5.74396826       2.10347191      -0.41938576
101    297         -5.77575154       2.13442047      -0.42357271
102    297         -5.77628368       2.14679396      -0.42235547
103    297         -5.75736458       2.15008349      -0.41546618
104    297         -5.70958910       2.14463929      -0.40068807
105    297         -5.65496285       2.13855599      -0.40965965
106    297         -5.57402003       2.14251946      -0.45342570
107    297         -5.49223456       2.13927476      -0.47845570
108    297         -5.44178266       2.10404342      -0.49826016
109    297         -5.38998291       2.01773884      -0.51331718
110    297         -5.36151032       1.90011289      -0.58767006
111    297         -5.31775572       1.76823453      -0.67085951
112    297         -5.25922624       1.66800404      -0.69471168
113    297         -5.18927404       1.57901515      -0.68257252
114    297         -5.10120086       1.50207588      -0.68155796
115    297         -4.99114088       1.40522116      -0.71033510
116    297         -4.88698435       1.31435674      -0.73133983
117    297         -4.79051359       1.24032603      -0.72739664
118    297         -4.73073081       1.21425879      -0.71543992
119    297         -4.66299823       1.20437135      -0.72112503
120    297         -4.58317321       1.20594367      -0.73521092
121    297         -4.50797039       1.21230478      -0.71605132
122    297         -4.42668661       1.21672455      -0.67724995
123    297         -4.37089233       1.22552889      -0.64740864
124    297         -4.31962414       1.21727823      -0.64822160
125    297         -4.28558392       1.22118392      -0.65463466
126    297         -4.25719296       1.20211737      -0.66090295
127    297         -4.25235722       1.16178498      -0.67542829
128    297         -4.27090699       1.11619758      -0.66023348
129    297         -4.30966436       1.09339360      -0.64777249
130    297         -4.33708367       1.06589531      -0.67055321
131    297         -4.36095691       1.05167725      -0.72020754
132    297         -4.37721704       1.03725476      -0.76318878
133    297         -4.38177744       1.01836210      -0.78640178
134    297         -4.38759510       1.02648580      -0.82198242
135    297         -4.39069601       1.08641436      -0.87066544
136    297         -4.41891205       1.15645074      -0.90666527
137    297         -4.45895515       1.20946272      -0.91482851
138    297         -4.49414350       1.24029770      -0.90562857
139    297         -4.50806599       1.25807581      -0.88269807
140    297         -4.49585376       1.28981517      -0.86911837
141    297         -4.45934851       1.33441558      -0.85849011
142    297         -4.44477380       1.36875803      -0.82646744
143    297         -4.42092285       1.40205457      -0.77609766
144    297         -4.38332221       1.42493188      -0.73544950
145    297         -4.36941566       1.43027763      -0.70247351
146    297         -4.38608968       1.44936989      -0.66613979
147    297         -4.40091889       1.49502449      -0.63608838
148    297         -4.39269953       1.55501578      -0.61286411
149    297         -4.36481004       1.60097971      -0.59769735
150    297         -4.33107127       1.62085587      -0.58863416
151    297         -4.29464361       1.65483003      -0.57655820
152    297         -4.23627375       1.75111993      -0.53684767
153    297         -4.17536600       1.89418825      -0.47576432
154    297         -4.13468437       1.97316598      -0.41843545
155    297         -4.10909391       1.92145758      -0.36724263
156    297         -4.11224518       1.86836253      -0.32530637
157    297         -4.11713491       1.87848026      -0.30029950
158    297         -4.12692018       1.94756958      -0.30685955
159    297         -4.13826751       2.03160822      -0.34363256
160    297         -4.12813488       2.09295462      -0.39435071
161    297         -4.10332438       2.11574846      -0.44391936
162    297         -4.08327887       2.11617121      -0.47569370
163    297         -4.07078018       2.12553433      -0.51029551
164    297         -4.06508908       2.14130171      -0.52523431
165    297         -4.05560079       2.17889293      -0.49692878
166    297         -4.04999371       2.25687341      -0.43616840
167    297         -4.07610571       2.29783255      -0.37085311
168    297         -4.13814860       2.27991964      -0.32185819
169    297         -4.21771849       2.27519230      -0.31898261
170    297         -4.27257340       2.30819448      -0.32982274
171    297         -4.35787842       2.34244359      -0.32626487
172    297         -4.43883805       2.34224803      -0.31352613
173    297         -4.53159672       2.33829908      -0.26006933
174    297         -4.59158730       2.36055935      -0.19113736
175    297         -4.64548629       2.38993730      -0.11854424
176    297         -4.68702436       2.40950784      -0.04227706
177    297         -4.70551786       2.44109221       0.04730209
178    297         -4.71471023       2.48775471       0.15993670
179    297         -4.72394126       2.51302828       0.23449653
180    297         -4.72957530       2.52221149       0.24907670
181    297         -4.71847590       2.53648843       0.25342132
182    297         -4.70314621       2.56961735       0.24808405
183    297         -4.70056173       2.59929095       0.23940160
184    297         -4.70967654       2.64845883       0.23685770
185    297         -4.69982534       2.71887164       0.25067553
186    297         -4.70995347       2.78725381       0.26374511
187    297         -4.75196851       2.84204701       0.25687034
188    297         -4.81213965       2.88845357       0.25000127
189    297         -4.85816057       2.93847491       0.26175403
190    297         -4.88187406       2.99622983       0.27457278
191    297         -4.88270735       3.05683379       0.28048976
192    297         -4.87961597       3.10300669       0.28809775
193    297         -4.87457402       3.11944915       0.30214784
194    297         -4.88424276       3.12372022       0.30938532
195    297         -4.90968567       3.13235582       0.30790189
196    297         -4.94849364       3.16869855       0.29522633
197    297         -4.99631202       3.23324275       0.27469986
198    297         -5.05248674       3.31707787       0.25487908
199    297         -5.11959815       3.41002153       0.25649200
200    297         -5.18440317       3.51124498       0.25192718
201    297         -5.23883235       3.61693890       0.21637961
202    297         -5.27288540       3.71773148       0.16471074
203    297         -5.28498981       3.79865045       0.11716085
204    297         -5.30025946       3.82908838       0.09621249
205    297         -5.32690598       3.82572726       0.08071089
206    297         -5.36042682       3.78008228       0.06366654
207    297         -5.39532852       3.73057567       0.02425109
208    297         -5.42991483       3.70151015      -0.02090917
209    297         -5.46677977       3.69914122      -0.05493860
210    297         -5.49097336       3.72446175      -0.05165862
211    297         -5.49573200       3.76131195      -0.02278015
212    297         -5.50560320       3.79442371      -0.00234455
213    297         -5.53680200       3.81114314      -0.01768954
214    297         -5.58153009       3.80319646      -0.04976783
215    297         -5.61182919       3.78962473      -0.05822852
216    297         -5.60560892       3.81034172      -0.03396471
217    297         -5.56583631       3.85956396      -0.00570833
218    297         -5.51830181       3.91485201      -0.00759687
219    297         -5.49090579       3.94144700      -0.03987242
220    297         -5.49551384       3.93145157      -0.07314703
221    297         -5.51308832       3.88917304      -0.07321195
222    297         -5.52241010       3.83250775      -0.04092855
223    297         -5.54563582       3.75922122       0.00484575
224    297         -5.58649524       3.66335637       0.05226667
225    297         -5.59688335       3.58261933       0.10663314
226    297         -5.53520115       3.53978907       0.16146602
227    297         -5.43206532       3.53931373       0.20512629
228    297         -5.34402435       3.55548469       0.24812092
229    297         -5.28407654       3.54495331       0.29309273
230    297         -5.24602851       3.49551146       0.32827456
231    297         -5.22257021       3.44400202       0.34997667
232    297         -5.20210030       3.39343623       0.35001217
233    297         -5.19934114       3.33402391       0.33814900
234    297         -5.21426238       3.28358322       0.35724252
235    297         -5.24421454       3.27362528       0.41271264
236    297         -5.26297494       3.30999837       0.48175160
237    297         -5.25709979       3.35370879       0.54225443
238    297         -5.24435807       3.37714774       0.59537454
239    297         -5.23711112       3.35924268       0.63686451
240    297         -5.21569903       3.32628805       0.66808993
241    297         -5.18013290       3.31297724       0.68316026
242    297         -5.14062274       3.31119879       0.69190528
243    297         -5.12600954       3.29989109       0.70949157
244    297         -5.12141229       3.30188824       0.70613922
245    297         -5.10614102       3.32059232       0.64487556
246    297         -5.07636868       3.36031491       0.58011224
247    297         -5.04685021       3.41382565       0.56071683
248    297         -5.03960474       3.44514248       0.58054259
249    297         -5.01876349       3.45813270       0.59741317
250    297         -4.96420590       3.45788025       0.60369830
251    297         -4.90349010       3.47714431       0.60268765
252    297         -4.85203294       3.51598960       0.64127532
253    297         -4.79757557       3.54698782       0.67922152
254    297         -4.74504636       3.55169026       0.65980786
255    297         -4.70940878       3.54775119       0.59446714
256    297         -4.71427587       3.53023326       0.52116449
257    297         -4.74516159       3.51814868       0.48561417
258    297         -4.76135120       3.53399477       0.45630470
259    297         -4.74238308       3.57552258       0.43867048
260    297         -4.72360048       3.63142052       0.43277465
261    297         -4.73005187       3.67709072       0.45575272
262    297         -4.77152544       3.72323969       0.46593867
263    297         -4.83568856       3.77048868       0.44905175
264    297         -4.90954885       3.79794506       0.39656879
265    297         -4.97730133       3.80251298       0.31445608
266    297         -5.03823036       3.80277734       0.25709534
267    297         -5.08363986       3.80037512       0.25156254
268    297         -5.09804607       3.78950368       0.28057260
269    297         -5.08617847       3.76721379       0.30483515
270    297         -5.07644314       3.74256379       0.31569792
271    297         -5.09972498       3.74358016       0.31417474
272    297         -5.15923805       3.77393283       0.32639395
273    297         -5.25055680       3.80737361       0.35346543
274    297         -5.31712609       3.84204132       0.39266982
275    297         -5.32709142       3.86769782       0.42569978
276    297         -5.30810731       3.88403440       0.45641207
277    297         -5.28992650       3.88780156       0.49475323
278    297         -5.27140585       3.87483068       0.54259391
279    297         -5.23735026       3.84348551       0.59097701
280    297         -5.19021318       3.79599683       0.63841895
281    297         -5.16472279       3.73471682       0.66001882
282    297         -5.18062808       3.70055372       0.64118881
283    297         -5.23359784       3.71764707       0.62562139
284    297         -5.31416464       3.76089046       0.64060872
285    297         -5.37432449       3.80467731       0.67064301
286    297         -5.38556736       3.82128539       0.69283622
287    297         -5.34908808       3.81488260       0.72268448
288    297         -5.29086485       3.78861034       0.78487400
289    297         -5.22618807       3.74554192       0.85016498
290    297         -5.18072283       3.68640121       0.88477590
291    297         -5.16452319       3.62843948       0.90697596
292    297         -5.18433156       3.58148927       0.92499623
293    297         -5.23469621       3.54905026       0.94943691
294    297         -5.26413758       3.55239469       0.96314803
295    297         -5.25895084       3.58158436       0.94160498
296    297         -5.23953094       3.63030626       0.90877969
297    297         -5.24294165       3.66970381       0.90312277
298    297         -5.26135092       3.67593720       0.92619424
299    297         -5.27934935       3.65831361       0.94686835
300    297         -5.28272742       3.62468439       0.95388956
301    297         -5.29907273       3.57772398       0.96762066
302    297         -5.34741879       3.52359403       0.99566092
303    297         -5.42556207       3.47811356       1.01418447
304    297         -5.47550476       3.44792380       0.99706858
305    297         -5.46225259       3.43891582       0.96284211
306    297         -5.43858969       3.46002423       0.91643904
307    297         -5.45344877       3.46836987       0.84603889
308    297         -5.51824019       3.48216153       0.75021901
309    297         -5.57445882       3.49967765       0.64966383
310    297         -5.58694908       3.53197274       0.58056204
311    297         -5.56370563       3.57337729       0.51780692
312    297         -5.54320769       3.62221825       0.44256277
313    297         -5.50660200       3.66470888       0.38693186
314    297         -5.46667145       3.69015375       0.34751467
315    297         -5.43649577       3.70818254       0.29791151
316    297         -5.40746635       3.73518856       0.21381628
317    297         -5.38481514       3.72046195       0.12438387
318    297         -5.37686462       3.69178024       0.05812460
319    297         -5.40298465       3.67551345      -0.02383636
320    297         -5.44421907       3.66102144      -0.12617711
321    297         -5.45794691       3.64595181      -0.22745650
322    297         -5.43536975       3.63846051      -0.30869585
323    297         -5.40880056       3.64328802      -0.35211139
324    297         -5.42626104       3.62637843      -0.37447179
325    297         -5.47594530       3.59643847      -0.39573797
326    297         -5.50653972       3.56502692      -0.41088121
327    297         -5.47083226       3.55200166      -0.43294639
328    297         -5.38738975       3.58788458      -0.47207353
329    297         -5.33388128       3.64331128      -0.55048760
330    297         -5.33296879       3.68693510      -0.63555310
331    297         -5.39086112       3.68337035      -0.69836158
332    297         -5.46939299       3.66587277      -0.71730293
333    297         -5.55974002       3.67462240      -0.71024863
334    297         -5.65708314       3.69754542      -0.70151343
335    297         -5.71508066       3.72517271      -0.67854896
336    297         -5.76957047       3.75993225      -0.67130899
337    297         -5.82033479       3.82178994      -0.67796356
338    297         -5.83220989       3.88054302      -0.71797498
339    297         -5.84188894       3.90507664      -0.79352821
340    297         -5.85116557       3.91697423      -0.87634435
341    297         -5.87662029       3.93282521      -0.92624229
342    297         -5.91752218       3.93346021      -0.96805975
343    297         -5.95465664       3.92563063      -0.98982264
344    297         -5.96851952       3.93202854      -1.00206140
345    297         -5.98747332       3.97020439      -1.01302448
346    297         -6.01037137       4.02325115      -1.01355729
347    297         -6.04561990       4.06579316      -1.01550535
348    297         -6.06963018       4.10621990      -1.05761118
349    297         -6.07312629       4.15224184      -1.13371443
350    297         -6.10027834       4.18667026      -1.19398090
351    297         -6.16796245       4.19838915      -1.21725402
352    297         -6.24941718       4.18911649      -1.21232515
353    297         -6.30179611       4.14835912      -1.22304824
354    297         -6.33181325       4.08693937      -1.28243523
355    297         -6.34339664       4.02315993      -1.36708704
356    297         -6.34083009       3.95889907      -1.42509721
357    297         -6.32419750       3.91202007      -1.45738789
358    297         -6.30783780       3.91037631      -1.48740271
359    297         -6.27519602       3.93906869      -1.52195618
360    297         -6.24024397       3.97854861      -1.53630613
361    297         -6.22859646       4.00234341      -1.52307274
362    297         -6.26430022       4.00367441      -1.46959065
363    297         -6.30803760       3.99341750      -1.40223017
364    297         -6.33555872       3.98237765      -1.34766879
365    297         -6.33976081       3.98831811      -1.31872556
366    297         -6.32984404       3.98198296      -1.32296592
367    297         -6.31737671       3.95755683      -1.33286155
368    297         -6.29466350       3.93345237      -1.33567993
369    297         -6.25989045       3.91324533      -1.32289739
370    297         -6.23650422       3.86768835      -1.31023083
371    297         -6.25513189       3.82910754      -1.31629290
372    297         -6.31384743       3.83392670      -1.33889943
373    297         -6.38576155       3.87645672      -1.36980587
374    297         -6.43995022       3.91170100      -1.39898737
375    297         -6.47312927       3.91388825      -1.42765593
376    297         -6.48878844       3.91895297      -1.46007778
377    297         -6.46390701       3.93273052      -1.47453810
378    297         -6.39788219       3.95325709      -1.46473462
379    297         -6.33873877       3.97048390      -1.44138922
380    297         -6.31710991       3.99456773      -1.44951356
381    297         -6.33785235       4.01728335      -1.50122247
382    297         -6.37936013       4.03355739      -1.54576852
383    297         -6.42141984       4.04381840      -1.55712454
384    297         -6.46460876       4.05079719      -1.54259248
385    297         -6.51696120       4.05004573      -1.54225552
386    297         -6.56293961       4.05987713      -1.55565999
387    297         -6.57121836       4.08198642      -1.56946191
388    297         -6.53628821       4.09958222      -1.56866470
389    297         -6.49101732       4.10634109      -1.55092109
390    297         -6.47205178       4.09702503      -1.55075908
391    297         -6.47948530       4.09914432      -1.57128777
392    297         -6.50899035       4.10082752      -1.58247785
393    297         -6.55067800       4.08708226      -1.57561598
394    297         -6.59648363       4.05724177      -1.54884145
395    297         -6.62920616       4.03843513      -1.51708531
396    297         -6.62470234       4.04668216      -1.47564362
397    297         -6.58115838       4.07649630      -1.42678056
398    297         -6.54326124       4.10889246      -1.38767314
399    297         -6.53741840       4.10611826      -1.37739832
400    297         -6.55873614       4.08905372      -1.36831761
401    297         -6.59753705       4.07415570      -1.31192413
402    297         -6.65159839       4.07370588      -1.22558881
403    297         -6.69787720       4.06896492      -1.16099253
404    297         -6.71010324       4.05154095      -1.12723244
405    297         -6.66140102       4.04083920      -1.09522225
406    297         -6.57890090       4.06156479      -1.06019987
407    297         -6.51391825       4.10306770      -1.03010697
408    297         -6.49057974       4.14642248      -1.00269783
409    297         -6.48881902       4.18532741      -0.97566418
410    297         -6.48969915       4.23645936      -0.94630883
411    297         -6.48492867       4.32555365      -0.92092685
412    297         -6.47622954       4.43081270      -0.90156731
413    297         -6.46834597       4.51199866      -0.89141548
414    297         -6.45469305       4.56523836      -0.90354478
415    297         -6.41805110       4.60335360      -0.92032091
416    297         -6.34459829       4.63247848      -0.91458093
417    297         -6.23839566       4.66392554      -0.88124642
418    297         -6.14404421       4.69509034      -0.84927917
419    297         -6.10420584       4.71866900      -0.82399150
420    297         -6.11160057       4.72560591      -0.81370275
421    297         -6.12770748       4.70845489      -0.81348066
422    297         -6.13336246       4.66911259      -0.81179350
423    297         -6.12379806       4.61487379      -0.81214673
424    297         -6.10010584       4.56198333      -0.82680996
425    297         -6.06956108       4.53408135      -0.86175375
426    297         -6.04007143       4.52445312      -0.88491222
427    297         -6.01385885       4.52418143      -0.87928046
428    297         -5.99410590       4.51839625      -0.88310705
429    297         -5.97807532       4.49604282      -0.91003201
430    297         -5.96035516       4.46883852      -0.93939558
431    297         -5.96289125       4.43814954      -0.94031692
432    297         -5.97731757       4.40976630      -0.93391011
433    297         -5.97138172       4.37838855      -0.92198936
434    297         -5.95628926       4.32828718      -0.87576993
435    297         -5.93385709       4.27280713      -0.80621140
436    297         -5.91570544       4.25078287      -0.76829959
437    297         -5.91808425       4.24740320      -0.77951393
438    297         -5.93351480       4.23890856      -0.81220610
439    297         -5.95299143       4.23987974      -0.83663055
440    297         -5.97852721       4.26143255      -0.84709944
441    297         -6.00046744       4.24307206      -0.83732921
442    297         -6.01512428       4.16170968      -0.79648990
443    297         -6.00601537       4.07953217      -0.73878032
444    297         -5.95378414       4.05786762      -0.70625357
445    297         -5.88868337       4.07510970      -0.71000512
446    297         -5.84740664       4.09165624      -0.73501130
447    297         -5.83864299       4.11263293      -0.76296029
448    297         -5.84774736       4.14087044      -0.79210460
449    297         -5.86698697       4.13593220      -0.80551154
450    297         -5.89149223       4.08763266      -0.80354359
451    297         -5.91477331       4.03921794      -0.80442778
452    297         -5.93609424       4.02992111      -0.81517400
453    297         -5.98316776       4.05516569      -0.82518531
454    297         -6.03517669       4.07588753      -0.83465949
455    297         -6.06337832       4.11793953      -0.85061741
456    297         -6.07171506       4.19641839      -0.86989730
457    297         -6.10804485       4.26411593      -0.86646248
458    297         -6.14162413       4.29027272      -0.84997850
459    297         -6.15211946       4.29918248      -0.84588247
460    297         -6.13309265       4.32318749      -0.83175948
461    297         -6.10410233       4.36188888      -0.79072197
462    297         -6.09615832       4.42283141      -0.71497385
463    297         -6.09754946       4.50394678      -0.64248433
464    297         -6.10693816       4.58319749      -0.59215001
465    297         -6.11022016       4.63852794      -0.57783662
466    297         -6.09843503       4.65385528      -0.59692319
467    297         -6.07163713       4.63403986      -0.63417059
468    297         -6.05246638       4.60082951      -0.66301199
469    297         -6.02286599       4.57168554      -0.67036552
470    297         -5.96785340       4.55942537      -0.67013371
471    297         -5.90043737       4.58294239      -0.64792786
472    297         -5.86324348       4.63662337      -0.60926017
473    297         -5.86250258       4.69328189      -0.57486886
474    297         -5.88067900       4.72686893      -0.56748532
475    297         -5.90613815       4.74087840      -0.58095170
476    297         -5.92720330       4.75795009      -0.61667818
477    297         -5.93399705       4.79358190      -0.66128395
478    297         -5.95248163       4.83699403      -0.70660896
479    297         -5.99483260       4.84626262      -0.73774473
480    297         -6.06873590       4.83996090      -0.72747565
481    297         -6.15048962       4.83105593      -0.68214706
482    297         -6.21676789       4.83182166      -0.64230294
483    297         -6.24482854       4.83661219      -0.61829844
484    297         -6.21864042       4.84306969      -0.59790575
485    297         -6.16424512       4.84147639      -0.60417836
486    297         -6.14315831       4.83559467      -0.64256292
487    297         -6.16110648       4.83092571      -0.71259221
488    297         -6.18492623       4.82976563      -0.78278829
489    297         -6.20800491       4.82418900      -0.82047066
490    297         -6.23813758       4.82374813      -0.84363995
491    297         -6.27785829       4.85686018      -0.88077116
492    297         -6.32648147       4.90563280      -0.92933249
493    297         -6.37852117       4.94875227      -0.95480636
494    297         -6.44416750       4.94725275      -0.92475745
495    297         -6.52785627       4.90151433      -0.86394469
496    297         -6.61573883       4.87107227      -0.82732168
497    297         -6.70852319       4.88138390      -0.81950649
498    297         -6.78169966       4.90427868      -0.81312367
499    297         -6.83511561       4.93107050      -0.78418959
500    297         -6.85814588       4.97130264      -0.73340717
501    297         -6.85619566       5.00954068      -0.67699228
502    297         -6.85519596       5.02700321      -0.64501049
503    297         -6.84775389       5.02729754      -0.63641312
504    297         -6.83105780       5.04244948      -0.64101226
505    297         -6.82145078       5.06527837      -0.65050811
506    297         -6.84688968       5.07304506      -0.66264635
507    297         -6.88282795       5.03849639      -0.66104855
508    297         -6.91342663       4.98283311      -0.64995431
509    297         -6.94745526       4.93522080      -0.64489196
510    297         -6.99567625       4.91171048      -0.65892810
511    297         -7.01996461       4.89242614      -0.69215279
512    297         -6.99751403       4.85358740      -0.72389068
513    297         -6.95028301       4.79403399      -0.73315124
514    297         -6.90288224       4.74116609      -0.74734756
515    297         -6.88602863       4.70824060      -0.78399369
516    297         -6.89325923       4.67262417      -0.83195872
517    297         -6.91364389       4.61883606      -0.86845043
518    297         -6.93808726       4.55155812      -0.87142879
519    297         -6.95773655       4.51232819      -0.85919605
520    297         -6.96658575       4.51775472      -0.85433915
521    297         -6.99223092       4.55380441      -0.85596283
522    297         -7.02521152       4.57337514      -0.84318846
523    297         -7.02620225       4.58328421      -0.81944263
524    297         -6.96149902       4.58832396      -0.78814291
525    297         -6.86826450       4.60161902      -0.77747343
526    297         -6.79182903       4.65880205      -0.78396610
527    297         -6.74715280       4.73164199      -0.81408327
528    297         -6.74001024       4.78371837      -0.85418335
529    297         -6.74472819       4.77724575      -0.87064865
530    297         -6.75960996       4.71888280      -0.86105164
531    297         -6.81266090       4.64360902      -0.85569052
532    297         -6.90497412       4.60104411      -0.87564527
533    297         -6.97741498       4.58957926      -0.89468745
534    297         -7.00876430       4.61321787      -0.89714316
535    297         -7.00808388       4.66366167      -0.86395037
536    297         -7.01000562       4.74043337      -0.83210431
537    297         -7.00634394       4.81061698      -0.82113978
538    297         -6.99722741       4.83354362      -0.85246263
539    297         -7.01903316       4.80596817      -0.91250583
540    297         -7.04949569       4.72761198      -0.96401593
541    297         -7.05477508       4.61770416      -0.97400689
542    297         -7.06615608       4.53795005      -0.93313265
543    297         -7.10233924       4.50406303      -0.90433453
544    297         -7.12785005       4.49842256      -0.93091542
545    297         -7.10513837       4.48367436      -1.00593965
546    297         -7.03340799       4.46618068      -1.05943933
547    297         -6.95780134       4.47284201      -1.05985545
548    297         -6.89726278       4.48645721      -1.03134758
549    297         -6.86485810       4.46692561      -1.01942637
550    297         -6.84900539       4.39788005      -1.02347109
551    297         -6.85182775       4.30306719      -1.04489929
552    297         -6.87408222       4.21689893      -1.10521402
553    297         -6.89693499       4.14690784      -1.17081848
554    297         -6.90031332       4.10830177      -1.19063193
555    297         -6.88115989       4.09577433      -1.18181944
556    297         -6.84787562       4.11283053      -1.17145149
557    297         -6.82019028       4.12858777      -1.14986213
558    297         -6.79999206       4.12869062      -1.11660208
559    297         -6.78792565       4.13668393      -1.10219574
560    297         -6.77844418       4.13723313      -1.12111895
561    297         -6.77212434       4.10936349      -1.15947551
562    297         -6.79060464       4.05680225      -1.19441899
563    297         -6.82676180       4.02137041      -1.22836951
564    297         -6.85982233       4.02273158      -1.25970395
565    297         -6.88075816       4.05732850      -1.26720903
566    297         -6.91002216       4.09779256      -1.25363624
567    297         -6.96572140       4.15089380      -1.22864507
568    297         -7.02772244       4.23106421      -1.18495768
569    297         -7.06157189       4.30145422      -1.12668524
570    297         -7.05249188       4.30794401      -1.07465491
571    297         -7.03570242       4.26758469      -1.05545412
572    297         -7.03730337       4.24820035      -1.06740970
573    297         -7.07411778       4.26995154      -1.05808866
574    297         -7.11323782       4.32036239      -1.02511385
575    297         -7.13369963       4.35209426      -0.97637946
576    297         -7.15095458       4.34824870      -0.93047784
577    297         -7.16171811       4.32450439      -0.91254085
578    297         -7.16702875       4.30973528      -0.89772066
579    297         -7.16854418       4.30633197      -0.86761821
580    297         -7.22250057       4.29064977      -0.80166682
581    297         -7.33476188       4.25340759      -0.72288909
582    297         -7.44957486       4.24160315      -0.66704064
583    297         -7.50583791       4.26751772      -0.63804195
584    297         -7.50682552       4.29705804      -0.60313948
585    297         -7.50641410       4.32835143      -0.58170502
586    297         -7.52773292       4.38722876      -0.57120098
587    297         -7.55088874       4.46346188      -0.56589237
588    297         -7.55890311       4.50758769      -0.55859215
589    297         -7.56782507       4.49551135      -0.52216657
590    297         -7.60703874       4.49461918      -0.47977421
591    297         -7.67918970       4.50723620      -0.46031426
592    297         -7.73739162       4.52889144      -0.45109815
593    297         -7.75647444       4.55157629      -0.41893650
594    297         -7.74517073       4.58385892      -0.37836873
595    297         -7.73766504       4.63768536      -0.37123037
596    297         -7.72880331       4.67360604      -0.37189115
597    297         -7.71557632       4.68332146      -0.35321072
598    297         -7.70734498       4.66914354      -0.32216857
599    297         -7.69188649       4.65402928      -0.28471374
600    297         -7.68227743       4.65957657      -0.25479256
601    297         -7.67689642       4.67850961      -0.24075968
602    297         -7.66655819       4.68909315      -0.24853492
603    297         -7.65148050       4.70038824      -0.26997983
604    297         -7.65331570       4.72559985      -0.26168169
605    297         -7.70211574       4.74470396      -0.23376204
606    297         -7.78333857       4.72141883      -0.20548011
607    297         -7.87172551       4.69457619      -0.18225486
608    297         -7.92936030       4.71401449      -0.15449436
609    297         -7.93320393       4.76434940      -0.16813100
610    297         -7.89556052       4.80412324      -0.23326880
611    297         -7.84326106       4.81775447      -0.28806716
612    297         -7.80070964       4.79205443      -0.32046515
613    297         -7.77407770       4.72196977      -0.34895205
614    297         -7.74978909       4.68066245      -0.37731646
615    297         -7.72048447       4.68676780      -0.40636012
616    297         -7.67505787       4.69822612      -0.43341343
617    297         -7.60864131       4.70044280      -0.45888992
618    297         -7.55258516       4.72191726      -0.48324039
619    297         -7.53475799       4.75946184      -0.49629393
620    297         -7.52674424       4.78355597      -0.49987690
621    297         -7.50096954       4.80835804      -0.49092715
622    297         -7.45810911       4.81872511      -0.49150913
623    297         -7.39613305       4.80502336      -0.47596258
624    297         -7.34113218       4.78454675      -0.43374592
625    297         -7.29156674       4.81167404      -0.38805735
626    297         -7.25670826       4.89396064      -0.34926778
627    297         -7.22597655       4.98600477      -0.30525016
628    297         -7.20877017       5.04127456      -0.26266300
629    297         -7.18944040       5.05017627      -0.23801032
630    297         -7.14391722       5.03215257      -0.21325888
631    297         -7.08376225       5.01712519      -0.19858901
632    297         -7.01645628       5.02081387      -0.18584046
633    297         -6.96948669       5.03888726      -0.16289398
634    297         -6.96977774       5.07265384      -0.11080731
635    297         -7.01633271       5.09694404      -0.06424394
636    297         -7.03444694       5.08773025      -0.05973386
637    297         -7.00688447       5.07626404      -0.10242092
638    297         -6.95833798       5.10129166      -0.17708873
639    297         -6.91407611       5.15916125      -0.24614593
640    297         -6.88225899       5.21549646      -0.28926832
641    297         -6.87315503       5.25905033      -0.30660195
642    297         -6.90165154       5.28577908      -0.30193277
643    297         -6.94857510       5.30356569      -0.28946887
644    297         -6.98287178       5.31761254      -0.28905873
645    297         -6.95858871       5.34576996      -0.32518959
646    297         -6.92011251       5.39366207      -0.39892240
647    297         -6.90215774       5.44728402      -0.46997592
648    297         -6.92177943       5.50030583      -0.51709589
649    297         -6.94924170       5.57330601      -0.56215196
650    297         -6.97349694       5.65415659      -0.57534537
651    297         -6.95249221       5.70335234      -0.55269065
652    297         -6.87478119       5.72053997      -0.53656958
653    297         -6.77111123       5.72255338      -0.55970726
654    297         -6.67035690       5.70756801      -0.60807367
655    297         -6.58810246       5.67963489      -0.64495206
656    297         -6.53192682       5.66442525      -0.68112588
657    297         -6.49607235       5.66946420      -0.72239056
658    297         -6.47069750       5.70089599      -0.74588173
659    297         -6.45849070       5.74202763      -0.72077083
660    297         -6.45379444       5.75499222      -0.67087713
661    297         -6.46135408       5.75508545      -0.65044805
662    297         -6.43660256       5.76535161      -0.69836145
663    297         -6.37335435       5.76535909      -0.76981381
664    297         -6.31120795       5.76002325      -0.82244942
665    297         -6.28932486       5.77661649      -0.85620907
666    297         -6.29381017       5.81017562      -0.89534916
667    297         -6.31782961       5.81604383      -0.93816651
668    297         -6.36726266       5.78947785      -0.99767335
669    297         -6.43093017       5.77071492      -1.06102743
670    297         -6.46779339       5.75850777      -1.12016783
671    297         -6.47262228       5.73896653      -1.15662239
672    297         -6.46455710       5.70733308      -1.16365856
673    297         -6.47094173       5.69101291      -1.15978108
674    297         -6.51391015       5.69564596      -1.14111290
675    297         -6.57312569       5.70870389      -1.11796375
676    297         -6.60994601       5.70146904      -1.10425321
677    297         -6.58551895       5.66746934      -1.12870101
678    297         -6.53559829       5.62551498      -1.18343787
679    297         -6.50032052       5.60116910      -1.23252042
680    297         -6.48321466       5.61285018      -1.24179203
681    297         -6.48441716       5.64631452      -1.25877349
682    297         -6.52308339       5.68927270      -1.30255652
683    297         -6.55910799       5.71792915      -1.36569997
684    297         -6.55968054       5.70467658      -1.42149126
685    297         -6.54220298       5.64277824      -1.48281735
686    297         -6.50187694       5.56821112      -1.54096491
687    297         -6.45218315       5.52776505      -1.55629805
688    297         -6.41195749       5.52850170      -1.52406177
689    297         -6.37932741       5.52476668      -1.51757162
690    297         -6.37099723       5.49320288      -1.57930387
691    297         -6.40464014       5.48980060      -1.64184795
692    297         -6.44171681       5.52028688      -1.69379361
693    297         -6.47355605       5.56477943      -1.71502841
694    297         -6.48350821       5.57905589      -1.72947030
695    297         -6.49665895       5.57027143      -1.72886244
696    297         -6.48093560       5.52133974      -1.72430939
697    297         -6.45578115       5.49471484      -1.71585642
698    297         -6.43910167       5.53781791      -1.74300031
699    297         -6.43042203       5.60354754      -1.80803025
700    297         -6.41777032       5.62466121      -1.90101960
701    297         -6.37183526       5.57178414      -1.99551681
702    297         -6.33678587       5.51971651      -2.04005251
703    297         -6.32272628       5.55145540      -2.03992720
704    297         -6.34645891       5.64595682      -1.98663937
705    297         -6.36761346       5.72905547      -1.89577844
706    297         -6.37008742       5.77742032      -1.78399136
707    297         -6.35490220       5.77542375      -1.71477766
708    297         -6.35052679       5.73325344      -1.71162177
709    297         -6.36891234       5.66902962      -1.73307244
710    297         -6.39119964       5.62919913      -1.75002864
711    297         -6.39470395       5.62096530      -1.75401594
712    297         -6.35623181       5.63090056      -1.71770688
713    297         -6.32153527       5.65604210      -1.62932175
714    297         -6.31830692       5.68681051      -1.52038141
715    297         -6.32956706       5.71401015      -1.41659292
716    297         -6.33409987       5.73192450      -1.33039433
717    297         -6.34121913       5.72527708      -1.27336564
718    297         -6.33882835       5.68098391      -1.24836492
719    297         -6.30234271       5.61692711      -1.24766654
720    297         -6.26329620       5.53695512      -1.24564374
721    297         -6.26425260       5.47057430      -1.22536878
722    297         -6.31466701       5.43449114      -1.17083320
723    297         -6.41200978       5.41823867      -1.10082978
724    297         -6.51317569       5.41046606      -1.06137827
725    297         -6.58502022       5.41297303      -1.05850535
726    297         -6.64021711       5.41846186      -1.06614058
727    297         -6.69020254       5.40187842      -1.06433135
728    297         -6.72376277       5.35540780      -1.02155818
729    297         -6.72980462       5.29041742      -0.94903452
730    297         -6.72195620       5.24684649      -0.86739273
731    297         -6.69168649       5.21855348      -0.78657708
732    297         -6.65871733       5.21307761      -0.73149468
733    297         -6.62520272       5.19721878      -0.73003314
734    297         -6.59160691       5.20145906      -0.76863319
735    297         -6.56042405       5.22067900      -0.81278031
736    297         -6.53132185       5.22984520      -0.82724395
737    297         -6.50564134       5.20407620      -0.80024610
738    297         -6.47744321       5.12418714      -0.74453273
739    297         -6.45874940       5.02060400      -0.67060930
740    297         -6.44367980       4.92060214      -0.58378812
741    297         -6.40938216       4.84330123      -0.50987853
742    297         -6.35837598       4.76770295      -0.48018047
743    297         -6.30922003       4.68116132      -0.48467375
744    297         -6.28710398       4.59346864      -0.49620631
745    297         -6.30568819       4.54686098      -0.49428929
746    297         -6.37007583       4.54300586      -0.46764057
747    297         -6.42758566       4.55520054      -0.40982865
748    297         -6.41071801       4.52832865      -0.33617296
749    297         -6.33074166       4.46040571      -0.27156350
750    297         -6.29364661       4.37070986      -0.22893348
751    297         -6.31932162       4.28993384      -0.20358327
752    297         -6.34716083       4.22270079      -0.17433054
753    297         -6.34534455       4.17433616      -0.12100473
754    297         -6.35825974       4.13503283      -0.05442064
755    297         -6.40490048       4.08855299      -0.00065629
756    297         -6.44173119       4.05563752       0.05151789
757    297         -6.42953500       4.03077212       0.09665643
758    297         -6.38794592       4.05097483       0.14289296
759    297         -6.37843304       4.11603004       0.19556232
760    297         -6.39024194       4.19310864       0.23226640
761    297         -6.39537122       4.22756322       0.23431647
762    297         -6.38610564       4.24722802       0.20873487
763    297         -6.37434712       4.26769021       0.18176720
764    297         -6.41011108       4.26978325       0.17272871
765    297         -6.43966447       4.27236737       0.13226152
766    297         -6.41599800       4.27792340       0.07760807
767    297         -6.38297091       4.29623772       0.04385782
768    297         -6.39480563       4.33338457       0.01914853
769    297         -6.44443180       4.36854051       0.02181478
770    297         -6.46991112       4.41569087       0.03443402
771    297         -6.48773001       4.45730656       0.06055805
772    297         -6.51053690       4.47078974       0.10154344
773    297         -6.49699888       4.48497880       0.13720530
774    297         -6.44720832       4.47739035       0.17103011
775    297         -6.41353121       4.47989009       0.20186118
776    297         -6.40487749       4.50764446       0.23199978
777    297         -6.41245045       4.53596058       0.26741828
778    297         -6.39758831       4.58133306       0.29926798
779    297         -6.38511392       4.62237744       0.32578326
780    297         -6.36459101       4.63597748       0.32983455
781    297         -6.33681282       4.60644584       0.32427403
782    297         -6.30304440       4.55626492       0.33083557
783    297         -6.31892425       4.51321444       0.35300887
784    297         -6.40105580       4.51828912       0.38539300
785    297         -6.48282558       4.52744359       0.45420182
786    297         -6.49781094       4.50093431       0.53921387
787    297         -6.45574256       4.43313502       0.58311749
788    297         -6.39468226       4.36657448       0.59751603
789    297         -6.33074598       4.32142215       0.58425392
790    297         -6.30358790       4.30723334       0.53429305
791    297         -6.32292293       4.33617023       0.44890022
792    297         -6.37638657       4.35939099       0.35068656
793    297         -6.40451069       4.37330958       0.29205949
794    297         -6.39930830       4.38524838       0.28527531
795    297         -6.36764169       4.41151024       0.28298054
796    297         -6.33998639       4.43233312       0.26411259
797    297         -6.31970361       4.42561783       0.21975005
798    297         -6.32749289       4.39095300       0.17051180
799    297         -6.38089899       4.35226711       0.14058480
800    297         -6.46925451       4.28671292       0.12638822
801    297         -6.57206605       4.20228556       0.09482732
802    297         -6.60490810       4.16209895       0.03940868
803    297         -6.56923570       4.19559409       0.00055158
804    372         -8.12621910       2.59321413       1.12388583
805    372         -8.12962196       2.60409747       1.14915564
806    372         -8.14431320       2.64101954       1.18846804
807    372         -8.18757935       2.67554569       1.21922040
808    372         -8.24745986       2.68455928       1.22194981
809    372         -8.32166381       2.67543243       1.20438343
810    372         -8.38584285       2.65748514       1.16512316
811    372         -8.43285335       2.64579851       1.12278172
812    372         -8.45842112       2.65639738       1.09889215
813    372         -8.47654366       2.68455446       1.06334748
814    372         -8.51309044       2.71886247       1.03266378
815    372         -8.58320247       2.73913187       1.03632251
816    372         -8.66067514       2.74100009       1.05305465
817    372         -8.76843739       2.72126704       1.05899164
818    372         -8.87797283       2.70468583       1.04048464
819    372         -8.94827622       2.67874677       1.02806506
820    372         -8.97789227       2.65771636       1.01639512
821    372         -9.00769885       2.67101003       0.94968997
822    372         -9.02749138       2.65431779       0.88351019
823    372         -9.04199913       2.57105602       0.84719710
824    372         -9.05128630       2.47978012       0.86249338
825    372         -9.07280478       2.42319678       0.91936323
826    372         -9.10586900       2.41773194       0.96071681
827    372         -9.14462956       2.42999336       0.97432996
828    372         -9.17899374       2.42088389       0.97903640
829    372         -9.19476382       2.39797573       0.95356580
830    372         -9.19491994       2.36988494       0.88365352
831    372         -9.19022642       2.34287671       0.81356515
832    372         -9.20467320       2.32162608       0.77185549
833    372         -9.24432263       2.30140708       0.77571390
834    372         -9.28705016       2.27411249       0.82095582
835    372         -9.30245713       2.24358017       0.87982439
836    372         -9.29840263       2.22306443       0.91319382
837    372         -9.28914462       2.21027034       0.90847775
838    372         -9.28171726       2.21093660       0.88014508
839    372         -9.26609543       2.22276498       0.83179253
840    372         -9.23976333       2.23635916       0.77172142
841    372         -9.23953666       2.23118077       0.72285922
842    372         -9.26457493       2.20903249       0.67482726
843    372         -9.31591678       2.17930707       0.62152834
844    372         -9.38724994       2.13290265       0.56314658
845    372         -9.45720687       2.06749735       0.50427803
846    372         -9.51344534       1.98617253       0.45450510
847    372         -9.52465234       1.94188091       0.42810736
848    372         -9.48459644       1.97215077       0.41820674
849    372         -9.41543994       2.05999232       0.40103511
850    372         -9.35287963       2.14759844       0.38621936
851    372         -9.30614054       2.20554142       0.39334865
852    372         -9.26448457       2.22489603       0.39218789
853    372         -9.23420043       2.21311592       0.35650708
854    372         -9.23406716       2.16546371       0.30702922
855    372         -9.26686191       2.09670690       0.24086121
856    372         -9.31251709       2.03591349       0.17639664
857    372         -9.33106160       2.01254705       0.13815299
858    372         -9.30704141       2.03814985       0.13374456
859    372         -9.25360726       2.09079221       0.15820475
860    372         -9.19713120       2.16827366       0.18832805
861    372         -9.14785230       2.25428789       0.22298111
862    372         -9.12716028       2.30602449       0.25466901
863    372         -9.13911297       2.28004044       0.27468050
864    372         -9.15800597       2.20855904       0.27409321
865    372         -9.14550108       2.12485220       0.25201948
866    372         -9.11109498       2.03481934       0.19807639
867    372         -9.07038402       1.96516044       0.14389572
868    372         -9.03741817       1.98227656       0.11883640
869    372         -9.00027740       2.06937370       0.10881833
870    372         -8.95688273       2.12305558       0.09579333
871    372         -8.91117492       2.10336326       0.07562026
872    372         -8.86909625       2.04141228       0.06423150
873    372         -8.84224443       1.97563012       0.05048349
874    372         -8.84067663       1.91593238       0.02788171
875    372         -8.85085142       1.87282286      -0.01781211
876    372         -8.84115777       1.84924785      -0.06094216
877    372         -8.80795919       1.83747243      -0.09346256
878    372         -8.77454700       1.83014795      -0.11922400
879    372         -8.76389938       1.82562056      -0.12973306
880    372         -8.77091200       1.83695017      -0.12039392
881    372         -8.78032591       1.87561635      -0.11268846
882    372         -8.80039135       1.92732990      -0.11444331
883    372         -8.84580291       1.97480477      -0.12717572
884    372         -8.89142418       1.99392483      -0.13317336
885    372         -8.88467666       1.96856270      -0.12463183
886    372         -8.82982417       1.91273218      -0.13351334
887    372         -8.79129107       1.85184840      -0.16200043
888    372         -8.79374287       1.79993567      -0.19250099
889    372         -8.81523860       1.76704929      -0.20958313
890    372         -8.85299640       1.75345367      -0.22673450
891    372         -8.91996747       1.74680593      -0.26080374
892    372         -9.01503806       1.75691675      -0.31124357
893    372         -9.10746155       1.78286604      -0.35589075
894    372         -9.18088671       1.83400937      -0.37791060
895    372         -9.22285934       1.89244916      -0.38970087
896    372         -9.23389072       1.91497582      -0.38861456
897    372         -9.21701727       1.87595369      -0.37091761
898    372         -9.18470492       1.79582514      -0.35499287
899    372         -9.15906379       1.71795351      -0.36018056
900    372         -9.14682609       1.66971428      -0.38333478
901    372         -9.15217447       1.66637630      -0.41293391
902    372         -9.17073220       1.70255865      -0.42933281
903    372         -9.16851843       1.72609665      -0.43853994
904    372         -9.13445413       1.70163359      -0.45681246
905    372         -9.09380199       1.65375305      -0.47392322
906    372         -9.06573582       1.61797906      -0.46830772
907    372         -9.05509921       1.59432167      -0.43113089
908    372         -9.06557547       1.58172919      -0.37716003
909    372         -9.08485781       1.58612949      -0.31956056
910    372         -9.09505332       1.62157784      -0.26950680
911    372         -9.06712173       1.65703894      -0.23459952
912    372         -9.00563799       1.66877800      -0.23031455
913    372         -8.94943161       1.66052492      -0.25049044
914    372         -8.91637596       1.63797135      -0.27191768
915    372         -8.90175735       1.59065311      -0.26757983
916    372         -8.89545963       1.49965490      -0.26768340
917    372         -8.89553926       1.38492479      -0.29934903
918    372         -8.89252695       1.29245868      -0.35471414
919    372         -8.90333395       1.23983171      -0.39998862
920    372         -8.92905136       1.20706390      -0.43574679
921    372         -8.93313687       1.17696456      -0.46466247
922    372         -8.89027903       1.14800879      -0.48292844
923    372         -8.83350260       1.12413129      -0.47887752
924    372         -8.80762030       1.10136984      -0.44238920
925    372         -8.81476871       1.07199711      -0.37255342
926    372         -8.83232509       1.04685026      -0.29779867
927    372         -8.82171395       1.04857428      -0.23798549
928    372         -8.81593179       1.11292663      -0.20803350
929    372         -8.84118228       1.21039809      -0.20920470
930    372         -8.86787908       1.27842397      -0.22119566
931    372         -8.86723930       1.26592717      -0.22230900
932    372         -8.84751608       1.17802076      -0.21843958
933    372         -8.82628389       1.08167283      -0.22639407
934    372         -8.81646341       1.03306225      -0.25988388
935    372         -8.81510313       1.03748953      -0.30121554
936    372         -8.82397005       1.08176162      -0.33451903
937    372         -8.84809405       1.14662794      -0.36030599
938    372         -8.87118299       1.18574026      -0.37131851
939    372         -8.87758244       1.17382320      -0.36887167
940    372         -8.86619426       1.13080815      -0.35637878
941    372         -8.86284767       1.10298081      -0.34000936
942    372         -8.88273108       1.11983041      -0.34361392
943    372         -8.91780213       1.16022634      -0.36308063
944    372         -8.96053763       1.19446217      -0.39424938
945    372         -9.00270287       1.18503362      -0.43187778
946    372         -9.03079371       1.13136048      -0.48975787
947    372         -9.03310878       1.05689436      -0.57282983
948    372         -9.00081008       0.98186307      -0.64982650
949    372         -8.97342472       0.90859616      -0.69236801
950    372         -8.98587284       0.84651491      -0.71256703
951    372         -9.02127257       0.81032579      -0.72752747
952    372         -9.03646420       0.80373559      -0.71174917
953    372         -9.02416974       0.79728899      -0.66267506
954    372         -9.01508188       0.75049284      -0.60200446
955    372         -9.01957986       0.67228005      -0.55614902
956    372         -9.01761225       0.60484625      -0.53497705
957    372         -9.00527314       0.56628011      -0.54565693
958    372         -8.99072742       0.52408323      -0.56013781
959    372         -8.98336411       0.47793655      -0.55463432
960    372         -8.99101150       0.43296166      -0.50232846
961    372         -9.00326537       0.40821782      -0.42236936
962    372         -8.99577853       0.41803189      -0.35925333
963    372         -8.96180724       0.45154813      -0.30915610
964    372         -8.92540766       0.47955546      -0.24995770
965    372         -8.89819096       0.48154193      -0.19012315
966    372         -8.90748961       0.46750858      -0.16114798
967    372         -8.92614010       0.44287327      -0.14379660
968    372         -8.93408244       0.40564492      -0.12668330
969    372         -8.94779616       0.34747961      -0.12888658
970    372         -8.98866511       0.28914793      -0.17862831
971    372         -9.04137265       0.24006756      -0.25837325
972    372         -9.07123320       0.22309556      -0.31805824
973    372         -9.05693093       0.25375457      -0.33873137
974    372         -8.99889138       0.28794634      -0.33068787
975    372         -8.95356454       0.25984894      -0.32781327
976    372         -8.94700536       0.16852593      -0.31771777
977    372         -8.97057097       0.04862346      -0.29219422
978    372         -9.00287251      -0.07386765      -0.29705487
979    372         -9.04080239      -0.13908256      -0.34824518
980    372         -9.05918804      -0.15761886      -0.39944584
981    372         -9.05653807      -0.14991127      -0.42242289
982    372         -9.01917121      -0.10568529      -0.43012746
983    372         -8.95272100      -0.04591401      -0.41955576
984    372         -8.88430414      -0.01053467      -0.36892746
985    372         -8.84335544       0.00077467      -0.28632641
986    372         -8.85927855       0.01700416      -0.22047311
987    372         -8.87476258       0.04629730      -0.17863376
988    372         -8.90004502       0.07547270      -0.17172732
989    372         -8.95345898       0.09015160      -0.15845625
990    372         -9.01283609       0.08870645      -0.10885504
991    372         -9.09144605       0.08289223      -0.03416566
992    372         -9.16662632       0.06318895       0.05455819
993    372         -9.20443291       0.06608778       0.13985761
994    372         -9.20240939       0.09871388       0.22069397
995    372         -9.17609972       0.17339831       0.29207938
996    372         -9.15705527       0.30545175       0.34890299
997    372         -9.13949138       0.49187999       0.38739515
998    372         -9.11586578       0.68905463       0.43973033
999    372         -9.08657042       0.83916439       0.50970713
