1            0.00000000       0.00000000       0.00000000       0.00000000
2            0.00693105       0.00010544       0.00127372       0.00555189
3            0.03825402       0.00000587       0.00889938       0.02934877
4            0.07352254       0.00253807       0.01476089       0.05622358
5            0.09805386       0.01147240       0.01556211       0.07101936
6            0.13709963       0.02101728       0.01885417       0.09722818
7            0.20356902       0.02929060       0.02538131       0.14889711
8            0.25925467       0.04502243       0.01961682       0.19461541
9            0.29434470       0.07191111       0.00303699       0.21939660
10           0.33346255       0.10584924       0.00553205       0.22208126
11           0.42464558       0.13798496       0.03385231       0.25280830
12           0.50218927       0.14982983       0.05227690       0.30008253
13           0.47829775       0.14211204       0.03324115       0.30294455
14           0.40913747       0.13214473       0.00661727       0.27037547
15           0.36134687       0.12345508       0.00029028       0.23760151
16           0.33500347       0.11110377       0.00619410       0.21770560
17           0.29524097       0.09180376       0.00904068       0.19439652
18           0.23330891       0.07381007       0.00952834       0.14997051
19           0.18051164       0.06624189       0.01244173       0.10182802
20           0.14843158       0.05834810       0.01627381       0.07380967
21           0.11541142       0.04528689       0.01456831       0.05555622
22           0.08843029       0.04056799       0.00882062       0.03904168
23           0.08300840       0.05472468       0.00616379       0.02211993
24           0.09514207       0.07891595       0.00705710       0.00916903
25           0.10449763       0.09001326       0.01092797       0.00355640
26           0.10438037       0.08222772       0.01842474       0.00372792
27           0.11206129       0.07133878       0.02877607       0.01194644
28           0.15759175       0.08484064       0.03666746       0.03608365
29           0.23630807       0.12830925       0.03695262       0.07104621
30           0.30441777       0.17262788       0.02953842       0.10225147
31           0.33081540       0.18903740       0.02080603       0.12097197
32           0.31625449       0.21101320       0.01262978       0.09261151
33           0.30872250       0.25755552       0.00312685       0.04804013
34           0.28702096       0.25935299       0.00027980       0.02738817
35           0.26322379       0.23271607       0.01034038       0.02016734
36           0.25527043       0.21166845       0.02686099       0.01674099
37           0.26070993       0.20549456       0.03681039       0.01840497
38           0.28021975       0.21677116       0.03758801       0.02586058
39           0.30219357       0.22850351       0.02718977       0.04650028
40           0.33532009       0.23651674       0.01285338       0.08594996
41           0.39429082       0.26773092       0.00282610       0.12373380
42           0.48281643       0.34401255       0.00000005       0.13880384
43           0.58318122       0.44722337       0.00293665       0.13302120
44           0.67286498       0.52485094       0.01443064       0.13358339
45           0.71908937       0.53922096       0.02971997       0.15014844
46           0.70256005       0.50203677       0.02998265       0.17054063
47           0.66226778       0.46962492       0.01846847       0.17417440
48           0.61285798       0.45400556       0.00969410       0.14915832
49           0.54654239       0.43239005       0.00754190       0.10661045
50           0.46051798       0.38515047       0.00864111       0.06672641
51           0.38510702       0.33781442       0.00525731       0.04203529
52           0.31544783       0.28682887       0.00126847       0.02735048
53           0.25767566       0.23188935       0.00120398       0.02458232
54           0.22144682       0.18989358       0.00433345       0.02721979
55           0.19401231       0.15724584       0.01125181       0.02551466
56           0.17487866       0.13195882       0.01911626       0.02380358
57           0.15594054       0.10884360       0.02096351       0.02613344
58           0.13979407       0.09573144       0.01699598       0.02706665
59           0.12448293       0.09160507       0.00722003       0.02565782
60           0.10934472       0.08555496       0.00028558       0.02350418
61           0.09838947       0.07271316       0.00126206       0.02441426
62           0.09120663       0.05673465       0.00073440       0.03373758
63           0.09018389       0.04477881       0.00046545       0.04493963
64           0.09717703       0.04247181       0.00588524       0.04881998
65           0.11138062       0.04224907       0.01944623       0.04968532
66           0.11848593       0.03329404       0.03647208       0.04871981
67           0.10188046       0.01769335       0.04386855       0.04031855
68           0.06478811       0.00473260       0.03650190       0.02355361
69           0.03972419       0.00034103       0.02869513       0.01068803
70           0.03278924       0.00000196       0.02820304       0.00458424
71           0.03561897       0.00012902       0.03330105       0.00218890
72           0.03892558       0.00064720       0.03538423       0.00289415
73           0.04324234       0.00025695       0.03524210       0.00774329
74           0.04949336       0.00027326       0.03538633       0.01383377
75           0.05059672       0.00131966       0.03703638       0.01224067
76           0.04799131       0.00025950       0.04117728       0.00655454
77           0.05517461       0.00088629       0.05053117       0.00375715
78           0.07183208       0.00445087       0.06335259       0.00402861
79           0.08157790       0.00288560       0.07342217       0.00527013
80           0.07839135       0.00002208       0.07415317       0.00421610
81           0.06718056       0.00224096       0.06441219       0.00052741
82           0.05381001       0.00371194       0.04998147       0.00011660
83           0.03968164       0.00239985       0.03726269       0.00001911
84           0.03983221       0.00113141       0.03479948       0.00390132
85           0.06463981       0.00112661       0.04729021       0.01622299
86           0.09707049       0.00128345       0.07036336       0.02542369
87           0.10947810       0.00051525       0.08963457       0.01932828
88           0.09586949       0.00000975       0.08712375       0.00873600
89           0.06488133       0.00147031       0.06065499       0.00275603
90           0.03270444       0.00523201       0.02743216       0.00004027
91           0.02259978       0.01159477       0.00764120       0.00336381
92           0.03724847       0.02034380       0.00259250       0.01431217
93           0.04722833       0.02314208       0.00251473       0.02157152
94           0.03646629       0.01451148       0.00384509       0.01810971
95           0.02169470       0.00307799       0.00560882       0.01300789
96           0.01979694       0.00042293       0.00934413       0.01002988
97           0.03240337       0.00530175       0.01445388       0.01264775
98           0.04587622       0.00831704       0.02299308       0.01456610
99           0.04934638       0.00496508       0.03497364       0.00940766
100          0.05767450       0.00023690       0.05568035       0.00175725
101          0.08432401       0.00145685       0.08286164       0.00000552
102          0.10059307       0.00412602       0.09639680       0.00007025
103          0.09279972       0.00332539       0.08945089       0.00002344
104          0.07435419       0.00144726       0.07286754       0.00003939
105          0.05428328       0.00091735       0.05334833       0.00001760
106          0.03594302       0.00104491       0.03489771       0.00000040
107          0.02291865       0.00056319       0.02235543       0.00000004
108          0.01387928       0.00010648       0.01373905       0.00003375
109          0.01501199       0.00272373       0.01172845       0.00055981
110          0.02210518       0.00669241       0.01315682       0.00225595
111          0.02723864       0.01128663       0.01504737       0.00090464
112          0.03202324       0.01702959       0.01417556       0.00081810
113          0.03951592       0.02303005       0.00927029       0.00721559
114          0.03844406       0.02787568       0.00277224       0.00779613
115          0.02963447       0.02698923       0.00001793       0.00262730
116          0.02383952       0.02025212       0.00346205       0.00012535
117          0.02126047       0.01139051       0.00983456       0.00003541
118          0.01985723       0.00499265       0.01480615       0.00005842
119          0.01381581       0.00142813       0.01061000       0.00177769
120          0.01016199       0.00001302       0.00213289       0.00801607
121          0.02029723       0.00153152       0.00040687       0.01835884
122          0.04192914       0.00856316       0.00411852       0.02924746
123          0.05913201       0.02069056       0.00458590       0.03385554
124          0.07652607       0.04185618       0.00245140       0.03221849
125          0.10275840       0.07505338       0.00046252       0.02724250
126          0.13965804       0.11261657       0.00007370       0.02696777
127          0.17298349       0.13971633       0.00148488       0.03178228
128          0.18875629       0.15016803       0.00357572       0.03501254
129          0.17303482       0.14267435       0.00511313       0.02524734
130          0.14125684       0.12666428       0.00446861       0.01012396
131          0.11300423       0.10822802       0.00303735       0.00173887
132          0.10583428       0.10368233       0.00206258       0.00008937
133          0.12493993       0.12324642       0.00014612       0.00154738
134          0.15940609       0.15604233       0.00171615       0.00164761
135          0.18148921       0.17358030       0.00786115       0.00004776
136          0.17500554       0.15580480       0.01798089       0.00121985
137          0.16215300       0.12575190       0.03395078       0.00245032
138          0.16177022       0.10994441       0.05117081       0.00065501
139          0.18507647       0.12199207       0.06307821       0.00000619
140          0.23436569       0.16285388       0.07088157       0.00063024
141          0.29012163       0.21346703       0.07397359       0.00268102
142          0.32535383       0.24774531       0.06850622       0.00910230
143          0.32670072       0.24910178       0.06154162       0.01605732
144          0.30920735       0.23932614       0.05727411       0.01260709
145          0.30228227       0.23985748       0.05904315       0.00338164
146          0.33274175       0.27209417       0.06028825       0.00035932
147          0.39512816       0.32825728       0.06515431       0.00171657
148          0.49526077       0.39622002       0.08758221       0.01145855
149          0.62797630       0.47447105       0.12404962       0.02945563
150          0.74438656       0.56006664       0.14032414       0.04399578
151          0.80865939       0.64833076       0.11710871       0.04321992
152          0.82986042       0.71175872       0.08569458       0.03240712
153          0.79544110       0.72264464       0.05738059       0.01541587
154          0.72107867       0.67771547       0.03805877       0.00530443
155          0.61814472       0.58710778       0.02937923       0.00165771
156          0.52807973       0.48734230       0.04030105       0.00043638
157          0.48244924       0.41533327       0.06699579       0.00012018
158          0.47304405       0.37153784       0.10108907       0.00041714
159          0.48170702       0.34603567       0.13348693       0.00218442
160          0.46689013       0.30244039       0.16117002       0.00327971
161          0.39964274       0.23000707       0.16868792       0.00094775
162          0.28608609       0.15223119       0.13377026       0.00008464
163          0.15705796       0.08886939       0.06750124       0.00068733
164          0.07201179       0.04564190       0.02339892       0.00297097
165          0.03434859       0.01980831       0.00455211       0.00998818
166          0.03116551       0.00516404       0.00046577       0.02553569
167          0.06797162       0.00001172       0.01345997       0.05449992
168          0.13661928       0.00193238       0.03489535       0.09979155
169          0.19594859       0.00451281       0.04128107       0.15015471
170          0.23571141       0.00930179       0.03972217       0.18668745
171          0.27687171       0.01659769       0.04233917       0.21793484
172          0.32950339       0.02293797       0.04522355       0.26134188
173          0.38197156       0.02544969       0.03519794       0.32132393
174          0.43206462       0.02693164       0.01917420       0.38595878
175          0.50107027       0.02986665       0.00964877       0.46155485
176          0.52390412       0.02720674       0.00301696       0.49368042
177          0.48393988       0.02316567       0.00019093       0.46058328
178          0.40785582       0.02578644       0.00005857       0.38201081
179          0.38124567       0.03585015       0.00019785       0.34519767
180          0.42536163       0.03429389       0.00210163       0.38896610
181          0.50689899       0.02656996       0.00547048       0.47485855
182          0.55266176       0.02295909       0.00516168       0.52454100
183          0.49587983       0.02166997       0.00147260       0.47273725
184          0.38858014       0.02168411       0.00000320       0.36689283
185          0.28516521       0.01904914       0.00134393       0.26477214
186          0.22493070       0.01170857       0.00343623       0.20978590
187          0.20988759       0.00423368       0.00429346       0.20136045
188          0.20918404       0.00124574       0.00310575       0.20483255
189          0.18437031       0.00058336       0.00156840       0.18221855
190          0.13181216       0.00000155       0.00090159       0.13090902
191          0.08372894       0.00268917       0.00081733       0.08022244
192          0.06872809       0.02199549       0.00040550       0.04632710
193          0.09869646       0.06900777       0.00032448       0.02936421
194          0.13781767       0.11594452       0.00520245       0.01667070
195          0.16382820       0.13969504       0.01661745       0.00751572
196          0.18831767       0.15494308       0.03154170       0.00183288
197          0.22249388       0.17597223       0.04644818       0.00007347
198          0.24908642       0.20073146       0.04835021       0.00000475
199          0.24920945       0.21716798       0.03195443       0.00008704
200          0.23984026       0.22597240       0.01332259       0.00054527
201          0.22999053       0.22745690       0.00102504       0.00150859
202          0.20645577       0.19931809       0.00372000       0.00341768
203          0.17077192       0.14341461       0.01994617       0.00741115
204          0.16406355       0.10645814       0.03763628       0.01996913
205          0.19978581       0.11560628       0.03389154       0.05028799
206          0.26844943       0.15345713       0.01554772       0.09944459
207          0.35075184       0.19818105       0.00045891       0.15211189
208          0.43085075       0.23512032       0.00693470       0.18879573
209          0.49943255       0.26543666       0.01774320       0.21625270
210          0.55151201       0.29317027       0.01131095       0.24703079
211          0.58012093       0.30039811       0.00036239       0.27936043
212          0.60094608       0.29174883       0.00644930       0.30274795
213          0.62395525       0.27769183       0.02326553       0.32299789
214          0.66632223       0.27817989       0.02761789       0.36052445
215          0.71616780       0.27726572       0.01648646       0.42241562
216          0.73962066       0.24160025       0.00441897       0.49360144
217          0.74686666       0.19214900       0.00017504       0.55454261
218          0.77414909       0.18123840       0.00009082       0.59281986
219          0.80546152       0.22760638       0.00026536       0.57758979
220          0.84124824       0.32338558       0.00627457       0.51158808
221          0.85805813       0.40918976       0.02422023       0.42464814
222          0.78987405       0.40885800       0.04148122       0.33953483
223          0.69124923       0.36207008       0.04281690       0.28636225
224          0.61011857       0.31447322       0.03193149       0.26371386
225          0.59841816       0.30687485       0.02209823       0.26944507
226          0.59214364       0.30304807       0.01881294       0.27028263
227          0.53007407       0.26605199       0.01838261       0.24563947
228          0.44232297       0.21632322       0.01566503       0.21033473
229          0.38543777       0.19309640       0.00662597       0.18571541
230          0.34857995       0.18155235       0.00016393       0.16686368
231          0.29036758       0.15759527       0.00328864       0.12948367
232          0.21426126       0.13022070       0.01147020       0.07257035
233          0.15410147       0.11751764       0.01595871       0.02062512
234          0.15850836       0.13880200       0.01872275       0.00098361
235          0.21943917       0.19265308       0.02538428       0.00140181
236          0.25986503       0.22370939       0.03211415       0.00404150
237          0.24389694       0.20600631       0.03527899       0.00261165
238          0.21770604       0.17274118       0.04486881       0.00009605
239          0.23070052       0.15761757       0.07081420       0.00226876
240          0.27506873       0.16445130       0.09957494       0.01104250
241          0.28507695       0.16521620       0.09750032       0.02236042
242          0.24042659       0.13473472       0.07260400       0.03308786
243          0.16853015       0.08770806       0.04319631       0.03762578
244          0.11522278       0.05879755       0.01804288       0.03838235
245          0.10603127       0.05885840       0.00520333       0.04196953
246          0.11696866       0.06242000       0.00050923       0.05403942
247          0.12890556       0.04805312       0.00000000       0.08085244
248          0.16053400       0.02938278       0.00009096       0.13106026
249          0.22506533       0.02258979       0.00025970       0.20221583
250          0.28767363       0.02199403       0.00035522       0.26532437
251          0.33166460       0.02469883       0.00030003       0.30666574
252          0.36463492       0.03104864       0.00075844       0.33282784
253          0.38213335       0.03551119       0.00222513       0.34439703
254          0.38083032       0.03246005       0.00268634       0.34568392
255          0.37174749       0.02482295       0.00217678       0.34474776
256          0.34134603       0.02027251       0.00495112       0.31612240
257          0.30601262       0.01898509       0.01145744       0.27557010
258          0.28593911       0.02094395       0.01257835       0.25241680
259          0.30112052       0.02853924       0.00489434       0.26768695
260          0.37643811       0.05123442       0.00012618       0.32507751
261          0.48920606       0.07349181       0.00960222       0.40611203
262          0.54593315       0.08020344       0.01791456       0.44781515
263          0.49111560       0.06859346       0.00911214       0.41341000
264          0.38881222       0.05166301       0.00008864       0.33706057
265          0.31510480       0.03749578       0.00643361       0.27117542
266          0.28088000       0.02241655       0.01894249       0.23952096
267          0.26048516       0.01209718       0.02447590       0.22391209
268          0.25220280       0.00993292       0.02097842       0.22129146
269          0.25973824       0.02363189       0.01167665       0.22442970
270          0.29522428       0.05365072       0.00280283       0.23877073
271          0.33255731       0.07693591       0.00018580       0.25543560
272          0.32344158       0.06784475       0.00025110       0.25534573
273          0.29101204       0.05395518       0.00036833       0.23668854
274          0.27724905       0.06271058       0.00000564       0.21453284
275          0.29799835       0.09305633       0.00263119       0.20231084
276          0.35878238       0.13891622       0.01098381       0.20888235
277          0.43759287       0.18102835       0.02033160       0.23623293
278          0.50874481       0.20473270       0.02568583       0.27832629
279          0.55122205       0.20267078       0.02184606       0.32670521
280          0.57505806       0.18066588       0.01463272       0.37975947
281          0.56578918       0.14710613       0.00747052       0.41121253
282          0.56252258       0.12437540       0.00647482       0.43167236
283          0.61200667       0.12870553       0.01335360       0.46994754
284          0.69463806       0.17043585       0.02516176       0.49904045
285          0.76064370       0.23543518       0.04005927       0.48514925
286          0.77668289       0.28252970       0.06371407       0.43043912
287          0.75828074       0.29242397       0.08519291       0.38066385
288          0.75662479       0.27884117       0.08109738       0.39668623
289          0.82380609       0.28186660       0.04944401       0.49249549
290          0.96407636       0.31984375       0.02429790       0.61993471
291          1.11860373       0.36972488       0.01671889       0.73215996
292          1.21350241       0.37166678       0.02184071       0.81999492
293          1.23479920       0.31328648       0.03237488       0.88913784
294          1.21910802       0.25574334       0.04041078       0.92295390
295          1.20199428       0.25421872       0.04447643       0.90329913
296          1.19842844       0.28637712       0.05447855       0.85757277
297          1.16673616       0.27487969       0.06642813       0.82542834
298          1.11549825       0.20585458       0.08290029       0.82674338
299          1.09229387       0.14207507       0.10527192       0.84494688
300          1.01407898       0.11296642       0.12184763       0.77926494
301          0.89110934       0.11279773       0.12252038       0.65579123
302          0.76630562       0.11933489       0.10229117       0.54467956
303          0.64334869       0.10998344       0.06514152       0.46822374
304          0.52858867       0.09056287       0.02079189       0.41723391
305          0.43265543       0.07156518       0.00003274       0.36105751
306          0.36994445       0.06350127       0.01466117       0.29178201
307          0.31814801       0.06772602       0.02211866       0.22830333
308          0.27721217       0.07883639       0.01179573       0.18658006
309          0.23041469       0.07937654       0.00220244       0.14883571
310          0.16056054       0.05668771       0.00052249       0.10335034
311          0.09374808       0.02374086       0.00607841       0.06392881
312          0.05936182       0.00298091       0.00953993       0.04684098
313          0.05066674       0.00014007       0.00490406       0.04562260
314          0.04946403       0.00011912       0.00123130       0.04811361
315          0.04634102       0.00237050       0.00011232       0.04385820
316          0.04964927       0.01208572       0.00092642       0.03663713
317          0.05642908       0.01348260       0.00685632       0.03609015
318          0.05654206       0.00146431       0.01826110       0.03681665
319          0.06485721       0.00773231       0.02288112       0.03424378
320          0.09891525       0.04441413       0.01850064       0.03600049
321          0.15052524       0.08482482       0.01448500       0.05121542
322          0.20113938       0.10492374       0.01367133       0.08254431
323          0.23655783       0.10340890       0.01249209       0.12065684
324          0.25462660       0.08446641       0.01116017       0.15900002
325          0.26608863       0.05779802       0.01016282       0.19812779
326          0.25756500       0.03174743       0.00628132       0.21953624
327          0.22072324       0.01551629       0.00091360       0.20429335
328          0.18454232       0.00798335       0.00047811       0.17608086
329          0.17885838       0.00578917       0.00056385       0.17250536
330          0.20498880       0.00843892       0.00000224       0.19654764
331          0.25327588       0.02189553       0.00064370       0.23073665
332          0.31139659       0.05891712       0.00062236       0.25185711
333          0.37481027       0.11574251       0.00019874       0.25886901
334          0.41644587       0.15210314       0.00248605       0.26185668
335          0.41665020       0.13835188       0.00215835       0.27613997
336          0.37588892       0.10009230       0.00109596       0.27470066
337          0.29375860       0.06817095       0.00042126       0.22516639
338          0.23239793       0.05096482       0.00003660       0.18139651
339          0.22862110       0.04228224       0.00035335       0.18598552
340          0.27202698       0.03828525       0.00186136       0.23188037
341          0.31402522       0.02866905       0.00019243       0.28516374
342          0.32199109       0.02034826       0.00419615       0.29744669
343          0.30661596       0.01407734       0.02297588       0.26956274
344          0.28075776       0.01080999       0.03174276       0.23820501
345          0.24647627       0.00934514       0.02372119       0.21340993
346          0.21445602       0.00786667       0.01203483       0.19455452
347          0.19742104       0.00742406       0.00227213       0.18772485
348          0.21117133       0.00753055       0.00054043       0.20310036
349          0.24263336       0.00485962       0.00414625       0.23362749
350          0.24064341       0.00106256       0.00397642       0.23560442
351          0.20376713       0.00000029       0.00154524       0.20222160
352          0.17877449       0.00028018       0.00018648       0.17830783
353          0.20644171       0.00028501       0.00003123       0.20612547
354          0.27564754       0.00666166       0.00001236       0.26897352
355          0.33907275       0.02281463       0.00092600       0.31533212
356          0.37811578       0.03981966       0.00504827       0.33324786
357          0.40968363       0.04856363       0.01160919       0.34951081
358          0.41197364       0.04482225       0.01702956       0.35012182
359          0.36979311       0.03364397       0.01940877       0.31674037
360          0.32809075       0.02462101       0.01596610       0.28750363
361          0.30596715       0.01605279       0.00846145       0.28145291
362          0.29920032       0.00874621       0.00157401       0.28888011
363          0.28974898       0.00287468       0.00002286       0.28685144
364          0.26146023       0.00006718       0.00146787       0.25992518
365          0.21575749       0.00114443       0.00416499       0.21044808
366          0.16643479       0.00300763       0.00705137       0.15637580
367          0.12539275       0.00336789       0.00654416       0.11548070
368          0.11016001       0.00223433       0.00439906       0.10352663
369          0.12364243       0.00180439       0.00303722       0.11880081
370          0.15660547       0.00163095       0.00173032       0.15324420
371          0.18288495       0.00176320       0.00093394       0.18018781
372          0.19348391       0.00115346       0.00001697       0.19231348
373          0.21686692       0.00000007       0.00072839       0.21613846
374          0.26583348       0.00157978       0.00206604       0.26218767
375          0.31314130       0.00290462       0.00321166       0.30702501
376          0.30645750       0.00125282       0.00749847       0.29770622
377          0.25706956       0.00000006       0.01684605       0.24022346
378          0.22032997       0.00218327       0.02740739       0.19073931
379          0.21710695       0.00468307       0.02350196       0.18892192
380          0.24985993       0.00205007       0.01012871       0.23768115
381          0.30431937       0.00007205       0.00121025       0.30303707
382          0.31836332       0.00759816       0.00073075       0.31003440
383          0.27691808       0.02524374       0.00305146       0.24862288
384          0.21614361       0.03341952       0.00206751       0.18065659
385          0.16777918       0.03063289       0.00032054       0.13682574
386          0.12595122       0.02570338       0.00022885       0.10001898
387          0.09009160       0.02107486       0.00156579       0.06745095
388          0.05704376       0.01212485       0.00060952       0.04430940
389          0.04209561       0.00274070       0.00066508       0.03868982
390          0.05761050       0.00000249       0.00824995       0.04935807
391          0.09344801       0.00098950       0.02041354       0.07204497
392          0.13267583       0.00072598       0.02819791       0.10375195
393          0.16002787       0.00032046       0.02102449       0.13868292
394          0.17980654       0.00631714       0.00798508       0.16550433
395          0.18678538       0.01432371       0.00016484       0.17229683
396          0.19313242       0.01240325       0.00603607       0.17469310
397          0.21915203       0.00520464       0.02039913       0.19354826
398          0.29060275       0.00054556       0.02679260       0.26326459
399          0.41288490       0.00190048       0.02026211       0.39072231
400          0.57641271       0.01352464       0.01356053       0.54932754
401          0.72896778       0.02367915       0.01249155       0.69279708
402          0.79580700       0.01670269       0.01841754       0.76068677
403          0.78267721       0.00326790       0.03292478       0.74648453
404          0.72438529       0.00036155       0.04993271       0.67409103
405          0.63997358       0.00275619       0.05590828       0.58130911
406          0.58559328       0.00285617       0.05160745       0.53112966
407          0.59025309       0.00666836       0.04752272       0.53606201
408          0.62359542       0.02395859       0.04425081       0.55538603
409          0.71819363       0.05299148       0.04134751       0.62385463
410          0.78949460       0.07179415       0.02613393       0.69156651
411          0.81155511       0.07888686       0.01129007       0.72137818
412          0.82292655       0.10277781       0.00811691       0.71203182
413          0.83299395       0.17038300       0.01466010       0.64795085
414          0.86305534       0.27972823       0.03054771       0.55277940
415          0.92226801       0.38965468       0.03875473       0.49385860
416          1.00733465       0.47112036       0.02600974       0.51020455
417          1.11182358       0.51164855       0.00903840       0.59113663
418          1.20066084       0.50566054       0.00111845       0.69388185
419          1.19355028       0.45649707       0.00000065       0.73705256
420          1.09936671       0.40863039       0.00002916       0.69070716
421          0.96557667       0.38106236       0.00030804       0.58420626
422          0.89379946       0.37630854       0.00145471       0.51603622
423          0.89927110       0.37286473       0.00297497       0.52343140
424          0.94238345       0.36438100       0.00455803       0.57344442
425          0.94291262       0.36798579       0.00890373       0.56602310
426          0.91815186       0.39088938       0.01735849       0.50990399
427          0.91045919       0.40932830       0.02691623       0.47421465
428          0.90777819       0.39545298       0.03055989       0.48176533
429          0.89335423       0.37088100       0.02412205       0.49835118
430          0.87803187       0.35477696       0.01123765       0.51201727
431          0.85319379       0.31179679       0.00067198       0.54072502
432          0.81050893       0.24879192       0.00239734       0.55931966
433          0.74524611       0.19962533       0.00614109       0.53947969
434          0.62789786       0.17059522       0.00390306       0.45339959
435          0.52542389       0.15404094       0.00072548       0.37065747
436          0.47481274       0.13489354       0.00064887       0.33927033
437          0.47027084       0.11173572       0.00883377       0.34970135
438          0.52103531       0.09203932       0.02729066       0.40170533
439          0.63178311       0.08951753       0.04177903       0.50048655
440          0.76426528       0.10456010       0.04125184       0.61845333
441          0.84057831       0.12191268       0.03460999       0.68405564
442          0.81276765       0.13204545       0.02559177       0.65513043
443          0.73907712       0.13483187       0.01467547       0.58956977
444          0.66840646       0.13162917       0.00540090       0.53137638
445          0.61809390       0.12295936       0.00400161       0.49113293
446          0.58321318       0.10319219       0.00778828       0.47223271
447          0.56929542       0.08138460       0.01418614       0.47372468
448          0.58848661       0.07825157       0.01623620       0.49399884
449          0.61350894       0.09115603       0.01652457       0.50582834
450          0.60857828       0.09510192       0.01957807       0.49389829
451          0.55143770       0.07574428       0.02481772       0.45087571
452          0.52292072       0.05004222       0.03460716       0.43827134
453          0.52543134       0.03831901       0.04400135       0.44311097
454          0.52309528       0.03495183       0.05034733       0.43779611
455          0.47967969       0.03230037       0.04656841       0.40081091
456          0.42284359       0.02728787       0.04156670       0.35398902
457          0.40409960       0.02510655       0.03957160       0.33942145
458          0.44159017       0.02640689       0.03513778       0.38004549
459          0.48781214       0.02476504       0.02434983       0.43869727
460          0.47980790       0.01633435       0.01445096       0.44902259
461          0.41178590       0.00668245       0.01200435       0.39309911
462          0.34413434       0.00136603       0.01225205       0.33051626
463          0.31438483       0.00004383       0.00812296       0.30621804
464          0.33222336       0.00256221       0.00218265       0.32747850
465          0.36728613       0.00922718       0.00036573       0.35769322
466          0.40410918       0.02119669       0.00030817       0.38260433
467          0.44445130       0.03561759       0.00158148       0.40725223
468          0.48356689       0.04311924       0.00668662       0.43376102
469          0.52732097       0.04694557       0.01816572       0.46220967
470          0.56288023       0.05297209       0.03172325       0.47818489
471          0.57676549       0.06707716       0.03879704       0.47089130
472          0.56378900       0.08272044       0.03926399       0.44180457
473          0.52707991       0.09090282       0.03522328       0.40095381
474          0.46093090       0.09090374       0.03357959       0.33644757
475          0.37851610       0.08910811       0.02988557       0.25952242
476          0.30830606       0.08579143       0.02116919       0.20134545
477          0.26737563       0.07266935       0.00960453       0.18510175
478          0.25735187       0.05558969       0.00366909       0.19809309
479          0.26902794       0.04424878       0.00178879       0.22299037
480          0.29837812       0.04625701       0.00086429       0.25125682
481          0.33170753       0.05447368       0.00037289       0.27686096
482          0.34763110       0.06033855       0.00024924       0.28704331
483          0.33100690       0.05746579       0.00068886       0.27285226
484          0.27717052       0.04492563       0.00285008       0.22939480
485          0.20805745       0.02970085       0.00632811       0.17202849
486          0.15160269       0.01658400       0.00530635       0.12971234
487          0.11416308       0.00843440       0.00051588       0.10521279
488          0.10323045       0.00327343       0.00455584       0.09540118
489          0.11890824       0.00140014       0.02684294       0.09066517
490          0.14176326       0.00010221       0.05059983       0.09106123
491          0.13925726       0.00058795       0.05392127       0.08474804
492          0.10984621       0.00346266       0.04181764       0.06456591
493          0.07366740       0.00717486       0.02594315       0.04054939
494          0.04959813       0.00758315       0.01447996       0.02753502
495          0.03410534       0.00292936       0.00787646       0.02329953
496          0.03107588       0.00000706       0.00682756       0.02424127
497          0.04275462       0.00205175       0.01146659       0.02923628
498          0.05369907       0.00495432       0.01651148       0.03223327
499          0.05934996       0.00563238       0.01703696       0.03668063
500          0.07488952       0.00466829       0.01478278       0.05543846
501          0.11815305       0.00369171       0.01412295       0.10033839
502          0.17258551       0.00646062       0.01097320       0.15515170
503          0.20557112       0.01959804       0.00475867       0.18121441
504          0.21461965       0.04488799       0.00000185       0.16972981
505          0.22911717       0.06401344       0.00541263       0.15969111
506          0.24264546       0.06122170       0.01457188       0.16685188
507          0.25224566       0.03874324       0.01851261       0.19498981
508          0.26555770       0.02037026       0.01756516       0.22762228
509          0.27837786       0.01067154       0.01285510       0.25485122
510          0.30319261       0.00581402       0.00531086       0.29206773
511          0.32867859       0.00328242       0.00008454       0.32531164
512          0.32408309       0.00299370       0.00252153       0.31856787
513          0.27297693       0.00381832       0.00361776       0.26554085
514          0.22149490       0.00535477       0.00095306       0.21518707
515          0.19169411       0.00519379       0.00000919       0.18649113
516          0.17501755       0.00364186       0.00088897       0.17048672
517          0.14742909       0.00131276       0.00357111       0.14254522
518          0.11283161       0.00016572       0.00741947       0.10524642
519          0.09031233       0.00412388       0.00646289       0.07972557
520          0.07866602       0.00746617       0.00037607       0.07082378
521          0.06653088       0.00398477       0.00193957       0.06060654
522          0.03652964       0.00081446       0.00556782       0.03014736
523          0.01099724       0.00027186       0.00721253       0.00351286
524          0.01778108       0.00220204       0.01439702       0.00118202
525          0.04386153       0.01126174       0.03067922       0.00192057
526          0.06818534       0.02651299       0.04162127       0.00005109
527          0.07926666       0.03880939       0.04038306       0.00007421
528          0.08593914       0.04934466       0.03633972       0.00025476
529          0.09258796       0.05760301       0.03373605       0.00124889
530          0.10383823       0.06456938       0.03632852       0.00294032
531          0.11473647       0.06523360       0.04178612       0.00771675
532          0.11956435       0.05683051       0.04886388       0.01386996
533          0.11718870       0.04259180       0.05906597       0.01553093
534          0.11299750       0.02902456       0.07034730       0.01362564
535          0.11697741       0.02259375       0.08304878       0.01133488
536          0.11126084       0.01951936       0.08428176       0.00745972
537          0.09253221       0.02005929       0.07047721       0.00199570
538          0.06878887       0.01926038       0.04894196       0.00058652
539          0.05595647       0.01727338       0.02840250       0.01028059
540          0.05532881       0.01170946       0.01141596       0.03220339
541          0.06089954       0.00508008       0.00162572       0.05419374
542          0.06740214       0.00182225       0.00074969       0.06483020
543          0.08843310       0.00175709       0.01176155       0.07491445
544          0.14522867       0.00167591       0.03026284       0.11328992
545          0.22301678       0.00027283       0.03598379       0.18676016
546          0.28833079       0.00213386       0.02931645       0.25688048
547          0.32845831       0.01410848       0.02526182       0.28908802
548          0.34662071       0.02923132       0.02565836       0.29173103
549          0.36243338       0.04376819       0.02137068       0.29729451
550          0.40096805       0.05714971       0.01030949       0.33350885
551          0.46687903       0.07302806       0.00326948       0.39058149
552          0.50607718       0.09511501       0.00336497       0.40759719
553          0.51293980       0.11376473       0.01083360       0.38834147
554          0.51240397       0.11546245       0.02426147       0.37268004
555          0.52914440       0.10793113       0.03276886       0.38844441
556          0.55275951       0.10617962       0.03017834       0.41640155
557          0.57516379       0.11683500       0.02888974       0.42943905
558          0.58647246       0.12750823       0.02847507       0.43048916
559          0.59826010       0.12551212       0.02197639       0.45077160
560          0.63588237       0.11310871       0.01145514       0.51131853
561          0.69609200       0.09783431       0.00297981       0.59527788
562          0.76325448       0.08435289       0.00016987       0.67873172
563          0.80357239       0.06177844       0.00008908       0.74170487
564          0.80489675       0.03531024       0.00364270       0.76594381
565          0.77952537       0.01379667       0.02100590       0.74472280
566          0.78175756       0.00547679       0.05233606       0.72394472
567          0.80204588       0.00346654       0.07710747       0.72147188
568          0.81125222       0.00432415       0.08494721       0.72198086
569          0.76823925       0.00607786       0.08600793       0.67615346
570          0.67521191       0.00811490       0.08306278       0.58403423
571          0.58267098       0.00852468       0.07712404       0.49702225
572          0.52286260       0.00534566       0.07319701       0.44431992
573          0.51483642       0.00117287       0.07854833       0.43511522
574          0.53206127       0.00018187       0.08873526       0.44314413
575          0.53125748       0.00240021       0.09319132       0.43566595
576          0.46936752       0.00393944       0.08172871       0.38369937
577          0.36068765       0.00162161       0.05390813       0.30515790
578          0.24677990       0.00002733       0.01754159       0.22921098
579          0.17921727       0.00001339       0.00030312       0.17890076
580          0.15657989       0.00085054       0.00814128       0.14758806
581          0.17363676       0.00649966       0.02850417       0.13863293
582          0.21080290       0.02190916       0.04343056       0.14546318
583          0.25787915       0.05392194       0.04546341       0.15849380
584          0.27762364       0.09010261       0.03211830       0.15540274
585          0.25506883       0.10963317       0.01570167       0.12973399
586          0.20930298       0.11176327       0.00535595       0.09218376
587          0.17083183       0.10832275       0.00094908       0.06155999
588          0.15359571       0.10295024       0.00000021       0.05064526
589          0.16530630       0.10502005       0.00073878       0.05954747
590          0.20089425       0.11068111       0.00344891       0.08676423
591          0.24192822       0.11253087       0.00824668       0.12115068
592          0.26212835       0.09697145       0.01134481       0.15381209
593          0.26150240       0.06523103       0.00807127       0.18820010
594          0.27044269       0.02987044       0.00380099       0.23677126
595          0.31939791       0.00991993       0.00164173       0.30783625
596          0.39236761       0.00262596       0.00170352       0.38803812
597          0.46489154       0.00012593       0.00324353       0.46152207
598          0.53319469       0.00166557       0.00222648       0.52930264
599          0.61054934       0.01154797       0.00056284       0.59843853
600          0.68557719       0.02391579       0.00110241       0.66055899
601          0.72883862       0.03103483       0.01172779       0.68607600
602          0.82041442       0.03348999       0.04550570       0.74141873
603          1.02859891       0.03930776       0.08593310       0.90335805
604          1.36305459       0.06643074       0.09529455       1.20132931
605          1.73800188       0.13096449       0.08453901       1.52249838
606          2.05855234       0.22761100       0.08086753       1.75007380
607          2.28194433       0.31658477       0.08584027       1.87951928
608          2.36565052       0.35386011       0.10423857       1.90755184
609          2.31019512       0.32849055       0.13866149       1.84304309
610          2.14943124       0.28270024       0.17139068       1.69534032
611          1.95714884       0.22941527       0.19231158       1.53542199
612          1.86237953       0.16984517       0.20934195       1.48319241
613          1.77974962       0.13557221       0.20231803       1.44185938
614          1.66644971       0.15039047       0.18184394       1.33421530
615          1.51214174       0.16921563       0.15813841       1.18478769
616          1.28639239       0.16208814       0.11363031       1.01067393
617          1.07123304       0.13467550       0.07090899       0.86564855
618          0.91540484       0.11126766       0.03793812       0.76619906
619          0.78385629       0.08557607       0.01328236       0.68499787
620          0.67691130       0.05348818       0.00108602       0.62233710
621          0.59384539       0.02539755       0.00000764       0.56844020
622          0.51771529       0.00480636       0.00074854       0.51216038
623          0.47055625       0.00090237       0.00926043       0.46039345
624          0.48354936       0.01122296       0.01896108       0.45336532
625          0.52139479       0.01370641       0.01429958       0.49338880
626          0.54496324       0.00456276       0.00662107       0.53377941
627          0.56546719       0.00042759       0.00317167       0.56186793
628          0.58018926       0.00026225       0.00454938       0.57537764
629          0.63822994       0.00085190       0.01454764       0.62283041
630          0.77582357       0.00186873       0.03827521       0.73567964
631          0.95921116       0.00246442       0.06917850       0.88756824
632          1.11746768       0.00236496       0.10024903       1.01485369
633          1.17129536       0.00247853       0.12347538       1.04534145
634          1.17119736       0.00103281       0.14669170       1.02347285
635          1.17996431       0.00089570       0.14837055       1.03069806
636          1.17676930       0.01442629       0.12589334       1.03644967
637          1.19771424       0.04339814       0.09390820       1.06040790
638          1.27121531       0.06932901       0.08004892       1.12183738
639          1.35972440       0.07375266       0.08716232       1.19880943
640          1.44295004       0.07138315       0.09787251       1.27369437
641          1.43098691       0.08077416       0.07892520       1.27128755
642          1.33372223       0.09967062       0.03951755       1.19453406
643          1.26604847       0.12326901       0.01889084       1.12388861
644          1.20306154       0.13193118       0.01715541       1.05397495
645          1.09144624       0.11954953       0.03025001       0.94164670
646          0.97717892       0.10123501       0.04880406       0.82713985
647          0.91372841       0.09641528       0.05379667       0.76351646
648          0.90591866       0.10908055       0.04375582       0.75308229
649          0.92075948       0.12684638       0.03374183       0.76017128
650          0.91675843       0.13701187       0.03057139       0.74917518
651          0.88007108       0.12278619       0.03001913       0.72726576
652          0.81783716       0.08461871       0.03569289       0.69752555
653          0.74248486       0.04872145       0.05031279       0.64345062
654          0.63118088       0.03549022       0.05980681       0.53588385
655          0.49516881       0.03847339       0.05173775       0.40495768
656          0.40854195       0.04093653       0.03624680       0.33135862
657          0.37477940       0.02476778       0.02348384       0.32652778
658          0.37261973       0.00676638       0.01587763       0.34997572
659          0.35712075       0.00063171       0.00910481       0.34738423
660          0.33887644       0.00014667       0.00089738       0.33783239
661          0.34650426       0.00201539       0.00457032       0.33991856
662          0.35605353       0.00957455       0.02143420       0.32504478
663          0.31523007       0.01754050       0.02413450       0.27355506
664          0.25329597       0.02008135       0.00847044       0.22474418
665          0.23963185       0.01497253       0.00024561       0.22441372
666          0.27297386       0.01184771       0.00149080       0.25963534
667          0.30368339       0.01809577       0.00700410       0.27858352
668          0.32878166       0.03507086       0.01744069       0.27627011
669          0.35401154       0.05638163       0.02343074       0.27419916
670          0.35933577       0.07447927       0.02731369       0.25754281
671          0.33950499       0.09293649       0.02892916       0.21763935
672          0.30447878       0.09488962       0.02426844       0.18532072
673          0.27577577       0.08034673       0.01169081       0.18373823
674          0.26813989       0.05507588       0.00178622       0.21127779
675          0.27415862       0.02344796       0.00100845       0.24970221
676          0.28827357       0.00230747       0.00777954       0.27818656
677          0.30092916       0.00170292       0.01037096       0.28885528
678          0.30408737       0.00700768       0.00624780       0.29083189
679          0.28368796       0.00555049       0.00372872       0.27440875
680          0.26314659       0.00078496       0.00112627       0.26123536
681          0.25109143       0.00041944       0.00000844       0.25066355
682          0.22699950       0.00113294       0.00032553       0.22554103
683          0.19077691       0.00016738       0.00025866       0.19035088
684          0.16961127       0.00004785       0.00047181       0.16909161
685          0.14197243       0.00083825       0.00044668       0.14068750
686          0.11379100       0.01147507       0.00008579       0.10223014
687          0.11070598       0.03320428       0.00125494       0.07624676
688          0.12288771       0.04397514       0.00088291       0.07802966
689          0.12819384       0.02310271       0.00042075       0.10467039
690          0.14885405       0.00332450       0.00110090       0.14442865
691          0.17515748       0.00089292       0.00269382       0.17157074
692          0.18672483       0.00906104       0.00604859       0.17161520
693          0.20998910       0.04691502       0.01161213       0.15146195
694          0.24764222       0.10309368       0.02200731       0.12254123
695          0.26766746       0.14418241       0.03266051       0.09082453
696          0.25055405       0.15455919       0.03528189       0.06071296
697          0.20899503       0.14342516       0.02820656       0.03736331
698          0.17513679       0.12875548       0.01853615       0.02784516
699          0.17292869       0.11966312       0.01701956       0.03624601
700          0.19196521       0.11302767       0.02258993       0.05634760
701          0.20323827       0.10975683       0.02926706       0.06421439
702          0.17294486       0.09192857       0.03047291       0.05054337
703          0.11972768       0.06299503       0.02889660       0.02783605
704          0.08675130       0.05206524       0.02311306       0.01157300
705          0.09711408       0.07316874       0.01823700       0.00570834
706          0.13679153       0.11334680       0.01934506       0.00409967
707          0.15399545       0.12647514       0.02201695       0.00550336
708          0.12712763       0.09157337       0.02200001       0.01355424
709          0.09272135       0.04567839       0.01939177       0.02765119
710          0.07783968       0.02390384       0.01666197       0.03727387
711          0.07103420       0.02070283       0.01700096       0.03333041
712          0.05993429       0.02448196       0.01660002       0.01885231
713          0.05625377       0.03562605       0.01630448       0.00432324
714          0.05818843       0.04059099       0.01759621       0.00000122
715          0.05638156       0.03314689       0.02188151       0.00135316
716          0.05808041       0.02434267       0.03157991       0.00215783
717          0.07895101       0.02423530       0.05363958       0.00107613
718          0.11964331       0.02552880       0.09411256       0.00000195
719          0.16715414       0.02378220       0.14122582       0.00214611
720          0.18507815       0.02292802       0.15651455       0.00563557
721          0.17613030       0.02804434       0.14097679       0.00710917
722          0.15496234       0.03751121       0.10912797       0.00832316
723          0.13906365       0.05291572       0.07479589       0.01135204
724          0.14361370       0.08729008       0.04520479       0.01111883
725          0.17385790       0.13853087       0.02587925       0.00944778
726          0.20168487       0.17842087       0.01288239       0.01038160
727          0.20425663       0.18003108       0.00674188       0.01748367
728          0.20309211       0.16325871       0.00524194       0.03459146
729          0.22884022       0.15793622       0.00737852       0.06352548
730          0.29628706       0.18017161       0.01719857       0.09891689
731          0.39705542       0.23340399       0.03306485       0.13058658
732          0.49262756       0.29694444       0.04370454       0.15197857
733          0.54259473       0.34263482       0.03239644       0.16756347
734          0.55660803       0.35973439       0.00935223       0.18752141
735          0.56822157       0.36414399       0.00000639       0.20407120
736          0.57627709       0.36715658       0.00658536       0.20253515
737          0.56904994       0.37460162       0.01283336       0.18161496
738          0.56573930       0.37575805       0.01352126       0.17645998
739          0.59951007       0.37989859       0.00677531       0.21283616
740          0.63914037       0.36382397       0.00160923       0.27370717
741          0.64778964       0.32555383       0.00001216       0.32222365
742          0.61484444       0.28376393       0.00030289       0.33077762
743          0.60214919       0.28389273       0.00117504       0.31708142
744          0.61108156       0.32161456       0.00031121       0.28915579
745          0.61636632       0.34953417       0.00012393       0.26670822
746          0.54830380       0.31540402       0.00002927       0.23287051
747          0.41598070       0.24217618       0.00120233       0.17260219
748          0.30445362       0.18698301       0.00761159       0.10985902
749          0.25796843       0.15610365       0.01891726       0.08294752
750          0.26698197       0.14779914       0.02177637       0.09740646
751          0.30595410       0.15146636       0.00798711       0.14650063
752          0.37947100       0.16435477       0.00028073       0.21483549
753          0.45874627       0.18068246       0.01164809       0.26641572
754          0.48648719       0.18228523       0.02215445       0.28204751
755          0.43216707       0.15684079       0.01855219       0.25677410
756          0.32649475       0.10907128       0.00734676       0.21007671
757          0.21586439       0.06008083       0.00001888       0.15576468
758          0.14952369       0.02557466       0.00547704       0.11847199
759          0.12824634       0.00846853       0.01951279       0.10026502
760          0.13559274       0.00252610       0.03087382       0.10219283
761          0.15086279       0.00387012       0.02391648       0.12307618
762          0.17592913       0.01145397       0.00771403       0.15676113
763          0.20193441       0.01974455       0.00011719       0.18207267
764          0.21802152       0.02458741       0.00257610       0.19085800
765          0.22827216       0.02777061       0.01169583       0.18880572
766          0.23930047       0.03337542       0.02329647       0.18262859
767          0.23983341       0.04031836       0.02395017       0.17556488
768          0.21648753       0.04584354       0.01110081       0.15954319
769          0.20228774       0.05034685       0.00328758       0.14865331
770          0.19901755       0.05230713       0.00088499       0.14582543
771          0.19896058       0.04235691       0.00034414       0.15625953
772          0.20246493       0.02082164       0.00042732       0.18121598
773          0.22245139       0.00682635       0.00148366       0.21414138
774          0.24223022       0.00228394       0.00334264       0.23660365
775          0.23287108       0.00128485       0.00275748       0.22882875
776          0.18785974       0.00228900       0.00078926       0.18478148
777          0.13425515       0.01061579       0.00000057       0.12363879
778          0.11675702       0.03129027       0.00033724       0.08512952
779          0.12572511       0.04696201       0.00053528       0.07822782
780          0.15501517       0.05437501       0.00003230       0.10060786
781          0.19533594       0.06175730       0.00302577       0.13055287
782          0.23042013       0.07232497       0.01091503       0.14718012
783          0.23761302       0.07342420       0.01874310       0.14544572
784          0.23275825       0.06818218       0.02205149       0.14252459
785          0.21540770       0.06242590       0.01652816       0.13645364
786          0.18454639       0.06079129       0.00794255       0.11581255
787          0.15460998       0.06836759       0.00297741       0.08326498
788          0.14304963       0.07754957       0.00141737       0.06408269
789          0.15973426       0.08513099       0.00386302       0.07074025
790          0.20565342       0.08270567       0.01552160       0.10742615
791          0.27362573       0.07432351       0.03343864       0.16586358
792          0.30502634       0.05943940       0.04204397       0.20354297
793          0.26410243       0.03600923       0.03267984       0.19541336
794          0.19011336       0.01232629       0.02409215       0.15369492
795          0.13317184       0.00203763       0.01489086       0.11624335
796          0.09510409       0.00034023       0.00676697       0.08799689
797          0.08340562       0.00084718       0.00302947       0.07952897
798          0.08994891       0.00209643       0.00172517       0.08612731
799          0.10209996       0.00268762       0.00180970       0.09760264
800          0.11478516       0.00316546       0.00269530       0.10892440
801          0.11840840       0.00146462       0.00729053       0.10965325
802          0.11892274       0.00012905       0.02050895       0.09828474
803          0.12595545       0.00074588       0.05338311       0.07182645
804          0.12830905       0.00387436       0.08658170       0.03785300
805          0.12250888       0.00690877       0.10103879       0.01456132
806          0.10180664       0.00709308       0.08945741       0.00525614
807          0.07208423       0.00493151       0.06459030       0.00256242
808          0.04701296       0.00155607       0.04335379       0.00210310
809          0.03993518       0.00021354       0.03686373       0.00285791
810          0.05052691       0.00466654       0.04177525       0.00408512
811          0.06777261       0.01141332       0.05184347       0.00451582
812          0.09509711       0.01511958       0.07590836       0.00406918
813          0.13489932       0.01909250       0.11279405       0.00301278
814          0.18507229       0.02582816       0.15847399       0.00077014
815          0.21741296       0.03485374       0.18070747       0.00185175
816          0.24078940       0.04629499       0.17426057       0.02023384
817          0.25032122       0.05437159       0.15171317       0.04423645
818          0.22912094       0.04822295       0.13343407       0.04746393
819          0.18299275       0.02861065       0.12165775       0.03272435
820          0.14920826       0.01245506       0.11923500       0.01751820
821          0.14171478       0.00579325       0.12873463       0.00718691
822          0.14711615       0.00626447       0.13878052       0.00207116
823          0.15166193       0.01312991       0.13792198       0.00061004
824          0.15188426       0.03069696       0.12068144       0.00050586
825          0.15977467       0.05613803       0.10341161       0.00022503
826          0.17417627       0.08040809       0.09373634       0.00003184
827          0.18753489       0.09765017       0.08941881       0.00046592
828          0.19098308       0.10872602       0.08186015       0.00039691
829          0.17759824       0.10907835       0.06761368       0.00090622
830          0.15316230       0.10098229       0.04424746       0.00793255
831          0.16445225       0.10218453       0.02252913       0.03973859
832          0.24622253       0.12842366       0.00863608       0.10916279
833          0.38185038       0.18485021       0.00109188       0.19590829
834          0.55809133       0.26188581       0.00030843       0.29589709
835          0.74692792       0.33264752       0.00252784       0.41175256
836          0.90006748       0.38458594       0.00594727       0.50953428
837          0.97383358       0.43123736       0.01451963       0.52807660
838          0.98595379       0.48448123       0.02723167       0.47424089
839          0.95159388       0.51615553       0.03546014       0.39997820
840          0.87463404       0.50196117       0.03460067       0.33807221
841          0.80268937       0.46354641       0.03343020       0.30571275
842          0.76876974       0.42858211       0.03544153       0.30474610
843          0.79598106       0.41938503       0.04033444       0.33626158
844          0.87793654       0.43281352       0.04107133       0.40405170
845          1.00833575       0.48010837       0.03301585       0.49521154
846          1.19141519       0.57998768       0.02152902       0.58989850
847          1.42624791       0.74039456       0.01086973       0.67498362
848          1.65494472       0.90440106       0.00453503       0.74600863
849          1.80204697       1.00366018       0.00261914       0.79576765
850          1.81758753       0.99194961       0.00279989       0.82283803
851          1.73146600       0.88404795       0.00390369       0.84351436
852          1.62130984       0.77421454       0.00759210       0.83950320
853          1.50100209       0.70530234       0.01716841       0.77853134
854          1.32831636       0.62417850       0.03660280       0.66753506
855          1.11013786       0.50078529       0.05901816       0.55033440
856          0.92825637       0.37736501       0.07002203       0.48086934
857          0.82798610       0.29844418       0.07125448       0.45828745
858          0.81244319       0.27677431       0.07793504       0.45773384
859          0.82191536       0.29022697       0.08943407       0.44225431
860          0.80562696       0.28665755       0.08453921       0.43443020
861          0.76403380       0.23156385       0.06286078       0.46960916
862          0.71890171       0.15353395       0.04322782       0.52213994
863          0.67820560       0.10375755       0.02791099       0.54653706
864          0.63803757       0.08417441       0.01476580       0.53909736
865          0.57310243       0.07845508       0.00689542       0.48775193
866          0.46906910       0.07601150       0.00340009       0.38965750
867          0.34823956       0.07290329       0.00266556       0.27267071
868          0.24929140       0.06648105       0.00213902       0.18067134
869          0.18280612       0.05700308       0.00135478       0.12444826
870          0.13553048       0.04172618       0.00096675       0.09283754
871          0.10203182       0.02491759       0.00067335       0.07644089
872          0.07611831       0.01152474       0.00021930       0.06437426
873          0.05751970       0.00390199       0.00000283       0.05361488
874          0.04955723       0.00219071       0.00037397       0.04699256
875          0.05046893       0.00579030       0.00063385       0.04404478
876          0.05140155       0.01647143       0.00000435       0.03492578
877          0.04724910       0.02601042       0.00017292       0.02106576
878          0.03481602       0.02182278       0.00179031       0.01120293
879          0.03792739       0.00559552       0.02223285       0.01009902
880          0.06704087       0.00012727       0.05001141       0.01690218
881          0.08712106       0.00632035       0.04615818       0.03464253
882          0.10973826       0.01742617       0.02015075       0.07216134
883          0.15945435       0.02710409       0.00388974       0.12846051
884          0.19810917       0.02918337       0.00037093       0.16855487
885          0.18169479       0.02520793       0.00012334       0.15636352
886          0.12691279       0.01747226       0.00001934       0.10942119
887          0.08447891       0.00904476       0.00143830       0.07399585
888          0.07800137       0.00339111       0.00659677       0.06801348
889          0.09174912       0.00113409       0.00902498       0.08159004
890          0.11227515       0.00061256       0.00172320       0.10993939
891          0.15433056       0.00014238       0.00227301       0.15191517
892          0.20310891       0.00019425       0.01019668       0.19271798
893          0.20711686       0.00308064       0.00726179       0.19677443
894          0.17380408       0.01129564       0.00122083       0.16128761
895          0.14930088       0.03423288       0.00003515       0.11503285
896          0.16013907       0.07664726       0.00000105       0.08349076
897          0.19465575       0.12654551       0.00000868       0.06810156
898          0.24334268       0.17814241       0.00013975       0.06506052
899          0.30392935       0.21891874       0.00496887       0.08004174
900          0.36646731       0.24376299       0.02131528       0.10138904
901          0.40897944       0.26129304       0.03178087       0.11590552
902          0.41096378       0.27947769       0.02563531       0.10585077
903          0.39084742       0.31229035       0.01433131       0.06422575
904          0.37809222       0.35406209       0.00555901       0.01847111
905          0.40348856       0.40297660       0.00038632       0.00012564
906          0.47581183       0.46988236       0.00112802       0.00480145
907          0.53801035       0.52379383       0.00614101       0.00807552
908          0.53131888       0.51918644       0.00536453       0.00676791
909          0.44001881       0.43623151       0.00020438       0.00358293
910          0.33497931       0.32821878       0.00526148       0.00149905
911          0.29419441       0.26393646       0.02959357       0.00066438
912          0.30837459       0.23856366       0.06943764       0.00037329
913          0.31667929       0.21024720       0.10639343       0.00003867
914          0.30132323       0.17139875       0.12944921       0.00047527
915          0.26708872       0.14360755       0.12087278       0.00260839
916          0.22818621       0.14202104       0.08272572       0.00343944
917          0.19087785       0.14692402       0.04088061       0.00307322
918          0.15878815       0.13675872       0.01757635       0.00445308
919          0.14806979       0.12688418       0.01708852       0.00409708
920          0.14103931       0.11064346       0.02915988       0.00123597
921          0.13111481       0.08912717       0.04179068       0.00019696
922          0.11108138       0.07016610       0.03993975       0.00097553
923          0.08607992       0.04770582       0.02784096       0.01053313
924          0.08036852       0.02483088       0.01466457       0.04087307
925          0.09424035       0.01101367       0.00867338       0.07455329
926          0.08745441       0.00542646       0.00521785       0.07681009
927          0.06328388       0.00360944       0.00255270       0.05712174
928          0.04099087       0.00493190       0.00144051       0.03461845
929          0.03541353       0.01122164       0.00353722       0.02065467
930          0.05141561       0.02369331       0.01451535       0.01320694
931          0.09955342       0.04814112       0.04007282       0.01133947
932          0.16688672       0.08409310       0.06960780       0.01318582
933          0.20910900       0.11098994       0.08047229       0.01764677
934          0.19460272       0.11414963       0.06037686       0.02007623
935          0.13425257       0.09899959       0.02013217       0.01512081
936          0.08535730       0.07487508       0.00100456       0.00947767
937          0.05665939       0.04973524       0.00081515       0.00610899
938          0.03589691       0.03164103       0.00000083       0.00425505
939          0.02593084       0.01840758       0.00442688       0.00309639
940          0.03352060       0.01298916       0.01672173       0.00380970
941          0.04686967       0.01526253       0.02498097       0.00662617
942          0.06024906       0.02045863       0.02701384       0.01277659
943          0.06756795       0.02097870       0.02263177       0.02395748
944          0.06971098       0.01630834       0.01249919       0.04090345
945          0.07806135       0.01334178       0.00410687       0.06061269
946          0.09285875       0.00806544       0.00118491       0.08360840
947          0.11217898       0.00062760       0.00208137       0.10947001
948          0.14246024       0.00616551       0.01013073       0.12616401
949          0.19546607       0.03901536       0.02896631       0.12748440
950          0.25436755       0.10156682       0.04085993       0.11194080
951          0.31889628       0.18711850       0.03889077       0.09288701
952          0.38134761       0.27604782       0.02255767       0.08274212
953          0.42910319       0.33332238       0.00573384       0.09004698
954          0.45879258       0.35151116       0.00000615       0.10727527
955          0.47120527       0.34409793       0.00163679       0.12547055
956          0.46855315       0.31978078       0.00054566       0.14822670
957          0.48480127       0.28939493       0.00081370       0.19459264
958          0.50808912       0.24408705       0.00731644       0.25668563
959          0.50677751       0.19941454       0.01617329       0.29118968
960          0.47879632       0.17543140       0.02231449       0.28105042
961          0.45562185       0.18927867       0.02406960       0.24227359
962          0.46113485       0.23107802       0.02557699       0.20447985
963          0.50636336       0.27391143       0.02940776       0.20304417
964          0.56045227       0.28755728       0.03651910       0.23637589
965          0.56858342       0.28142082       0.04118337       0.24597924
966          0.52304826       0.27884813       0.03702239       0.20717774
967          0.44978441       0.27949705       0.02663183       0.14365553
968          0.38831761       0.27352282       0.01988183       0.09491296
969          0.33944174       0.24050386       0.01692535       0.08201253
970          0.29735632       0.19110901       0.01439803       0.09184929
971          0.25951677       0.13488186       0.01422322       0.11041169
972          0.21307044       0.08668381       0.01447574       0.11191090
973          0.15249130       0.04562039       0.01152788       0.09534303
974          0.08719993       0.01441288       0.00794195       0.06484510
975          0.04844539       0.00005626       0.00953058       0.03885855
976          0.04426824       0.01257350       0.01400011       0.01769462
977          0.07197695       0.04977719       0.01788117       0.00431859
978          0.12257068       0.10383605       0.01841535       0.00031928
979          0.18130463       0.16208169       0.01859290       0.00063005
980          0.25239445       0.22854556       0.01673556       0.00711333
981          0.31893606       0.29145294       0.00902751       0.01845561
982          0.38655923       0.36405361       0.00387184       0.01863378
983          0.42449516       0.41291204       0.00355580       0.00802732
984          0.42326241       0.41344989       0.00796192       0.00185061
985          0.39529685       0.37813294       0.01705328       0.00011063
986          0.36832373       0.34628921       0.02203413       0.00000039
987          0.36557314       0.34549117       0.02004986       0.00003211
988          0.37960332       0.36143961       0.01752384       0.00063987
989          0.39030079       0.37222629       0.01487593       0.00319857
990          0.40169536       0.37622819       0.01471739       0.01074977
991          0.41857481       0.37533847       0.01607659       0.02715975
992          0.42371220       0.35225214       0.02013894       0.05132112
993          0.38502677       0.29644022       0.02205436       0.06653219
994          0.31087580       0.22554733       0.02026387       0.06506460
995          0.21517356       0.14363795       0.01070271       0.06083291
996          0.13725586       0.07012348       0.00325107       0.06388131
997          0.08139050       0.01735315       0.00030153       0.06373582
998          0.05228729       0.00028595       0.00049939       0.05150195
999          0.04490216       0.00469847       0.00215499       0.03804869
1000         0.04482554       0.01243127       0.00093379       0.03146048
