1           -1.69629044      -0.54424272       7.83907034
2           -1.70655903      -0.57993200       7.76455936
3           -1.69386769      -0.63857923       7.66775550
4           -1.64591116      -0.66573713       7.60195523
5           -1.58918117      -0.66899089       7.57257577
6           -1.55131707      -0.68155321       7.52725601
7           -1.52514548      -0.70355786       7.45319846
8           -1.48410554      -0.68430279       7.39791797
9           -1.42812797      -0.59935158       7.37067243
10          -1.37094564      -0.46986496       7.36781536
11          -1.32482717      -0.36025274       7.33626988
12          -1.30921185      -0.31560129       7.29127245
13          -1.31931293      -0.36192115       7.28866635
14          -1.33277327      -0.46289611       7.31909393
15          -1.34492869      -0.56128041       7.35162649
16          -1.36296812      -0.62294531       7.37248101
17          -1.39329908      -0.63932521       7.39816613
18          -1.42461036      -0.64185593       7.45181008
19          -1.43891544      -0.65578522       7.51996531
20          -1.45473693      -0.67181158       7.56739099
21          -1.48348327      -0.66494196       7.60336666
22          -1.49487546      -0.63816089       7.64148067
23          -1.46235737      -0.62275253       7.69034265
24          -1.41537062      -0.62824925       7.74331529
25          -1.39626834      -0.64877965       7.77943479
26          -1.40953668      -0.67998048       7.77801368
27          -1.42919723      -0.71387783       7.72977059
28          -1.40501627      -0.73573021       7.64911337
29          -1.33808763      -0.73647335       7.57252540
30          -1.28080533      -0.71611018       7.51930250
31          -1.26150613      -0.68848568       7.49126009
32          -1.23692871      -0.65662501       7.53474894
33          -1.18879116      -0.60016096       7.61988975
34          -1.18702333      -0.52751538       7.67357662
35          -1.21388390      -0.44255506       7.69705857
36          -1.23621604      -0.38034950       7.70968336
37          -1.24297536      -0.35238237       7.70340541
38          -1.23070354      -0.35036644       7.67825810
39          -1.21827003      -0.37934950       7.62343110
40          -1.20996057      -0.43086996       7.54589810
41          -1.17886323      -0.49108161       7.48731219
42          -1.10976461      -0.54402371       7.46650647
43          -1.02754283      -0.59843360       7.47434962
44          -0.97182447      -0.66437032       7.47357972
45          -0.96197378      -0.71663753       7.45158042
46          -0.98774491      -0.71739771       7.42610469
47          -1.01099859      -0.68014147       7.42172828
48          -1.02249109      -0.64270133       7.45286014
49          -1.03872672      -0.63108681       7.51255779
50          -1.07568552      -0.63720027       7.58075578
51          -1.11507239      -0.61675003       7.63404525
52          -1.16072637      -0.57985837       7.67369052
53          -1.21474153      -0.57894120       7.68228284
54          -1.26052264      -0.61007165       7.67408612
55          -1.29974808      -0.65031726       7.67933724
56          -1.33302907      -0.68250428       7.68478626
57          -1.36637591      -0.68903053       7.67741195
58          -1.38688546      -0.67461135       7.67455089
59          -1.39362714      -0.62921349       7.67888974
60          -1.40379264      -0.56114181       7.68575962
61          -1.42663667      -0.50871728       7.68281972
62          -1.45810007      -0.51714298       7.65539241
63          -1.48468039      -0.56581693       7.62708064
64          -1.49020355      -0.62095807       7.61811791
65          -1.49074466      -0.68369246       7.61616829
66          -1.51382389      -0.73521937       7.61834470
67          -1.56327407      -0.75369093       7.63827555
68          -1.62749653      -0.73529742       7.68559848
69          -1.67782355      -0.71363910       7.73568742
70          -1.69488871      -0.71218032       7.77136332
71          -1.68493196      -0.72672847       7.79228462
72          -1.67085023      -0.73234969       7.78527306
73          -1.68026075      -0.73197151       7.75107435
74          -1.71282109      -0.73235527       7.72145330
75          -1.73261763      -0.73669111       7.72843277
76          -1.71239931      -0.74716458       7.75811024
77          -1.66651977      -0.76903412       7.77777478
78          -1.62957561      -0.79594213       7.77559897
79          -1.64257263      -0.81520798       7.76647469
80          -1.69159146      -0.81655352       7.77413884
81          -1.74362918      -0.79803829       7.81610488
82          -1.75721612      -0.76780809       7.84986856
83          -1.74527869      -0.73727818       7.83469919
84          -1.72992689      -0.73078891       7.77660980
85          -1.72985540      -0.76170585       7.71170084
86          -1.73211567      -0.80950364       7.67962226
87          -1.71898957      -0.84363305       7.70004417
88          -1.69316865      -0.83941004       7.74560376
89          -1.65794584      -0.79052506       7.78657241
90          -1.62395780      -0.70986928       7.83272440
91          -1.58861142      -0.63165670       7.89706867
92          -1.55365873      -0.59515928       7.95870381
93          -1.54416523      -0.59438981       7.98594280
94          -1.57582683      -0.60625155       7.97364266
95          -1.64081082      -0.61913477       7.95312247
96          -1.71685562      -0.64090775       7.93921965
97          -1.76910355      -0.66446700       7.95153254
98          -1.78748823      -0.69587741       7.95976045
99          -1.76675377      -0.73125512       7.93606344
100         -1.71168185      -0.78020957       7.88098996
101         -1.65812168      -0.83209970       7.83672186
102         -1.63205632      -0.85472106       7.83068869
103         -1.63862423      -0.84332613       7.83422844
104         -1.65824762      -0.81418260       7.83279409
105         -1.66600265      -0.77521530       7.83487547
106         -1.66396538      -0.73105200       7.83970474
107         -1.67255891      -0.69376003       7.83927144
108         -1.70660916      -0.66145643       7.84488021
109         -1.74847985      -0.65254068       7.86273058
110         -1.77809759      -0.65894592       7.88656718
111         -1.80252897      -0.66691046       7.86914762
112         -1.82678791      -0.66330386       7.81046796
113         -1.84804698      -0.64052506       7.75412573
114         -1.86325056      -0.59689480       7.75077462
115         -1.86057443      -0.54000791       7.78781311
116         -1.83860038      -0.48540355       7.82787438
117         -1.80301675      -0.44507337       7.84502093
118         -1.76694915      -0.42256218       7.83142698
119         -1.73408099      -0.44123789       7.79690765
120         -1.69989927      -0.49805945       7.74953783
121         -1.65715580      -0.56441363       7.70357553
122         -1.60375309      -0.60841844       7.66805146
123         -1.55244829      -0.61196203       7.65507160
124         -1.49170260      -0.59375432       7.65957525
125         -1.42233172      -0.56574889       7.67401732
126         -1.36070652      -0.53565802       7.67485166
127         -1.32250396      -0.50570860       7.66079450
128         -1.30877524      -0.48444538       7.65195396
129         -1.31856786      -0.47273657       7.68017622
130         -1.34039119      -0.47739509       7.73845247
131         -1.36731017      -0.48913058       7.79737061
132         -1.37429304      -0.49882704       7.84852390
133         -1.34522574      -0.53215480       7.87840715
134         -1.30126851      -0.58566917       7.87966110
135         -1.27966075      -0.63290585       7.84598149
136         -1.30156927      -0.67833557       7.80414406
137         -1.34167530      -0.72850009       7.78956960
138         -1.36471178      -0.77045237       7.81347718
139         -1.34701681      -0.79539647       7.84155924
140         -1.29273886      -0.81047865       7.86417500
141         -1.23426552      -0.81622358       7.89084888
142         -1.19855024      -0.80597965       7.93447631
143         -1.19718947      -0.79231856       7.96578782
144         -1.20708073      -0.78356282       7.95135166
145         -1.20653797      -0.78723068       7.89722222
146         -1.17466397      -0.78977938       7.85802611
147         -1.12335303      -0.79949614       7.88050189
148         -1.06683034      -0.84018563       7.94611496
149         -1.00747185      -0.89644950       8.01069677
150         -0.94791444      -0.91884136       8.04882206
151         -0.89110055      -0.88645422       8.04696436
152         -0.85263250      -0.83697909       8.01909012
153         -0.84620536      -0.78378517       7.96323101
154         -0.87305568      -0.73932929       7.91190184
155         -0.93006085      -0.71564642       7.87978529
156         -0.99819138      -0.74499393       7.85996016
157         -1.05182689      -0.80307817       7.85003305
158         -1.08675140      -0.86218780       7.85949428
159         -1.10804247      -0.90960135       7.88580811
160         -1.14634463      -0.94570258       7.89633911
161         -1.21669992      -0.95495907       7.86985593
162         -1.30612229      -0.90998889       7.82987007
163         -1.39818074      -0.80405273       7.81285337
164         -1.48265080      -0.69720979       7.78456378
165         -1.55554845      -0.61171201       7.73912947
166         -1.62442918      -0.52266090       7.67927143
167         -1.69286627      -0.42822559       7.60561816
168         -1.74024932      -0.35743974       7.52317234
169         -1.76346789      -0.34106529       7.45157233
170         -1.79273625      -0.34493851       7.40699691
171         -1.82512248      -0.33847787       7.37223542
172         -1.84774329      -0.33158443       7.32785426
173         -1.85582002      -0.35663159       7.27221592
174         -1.86039905      -0.40577177       7.21781453
175         -1.86911014      -0.44601456       7.15969206
176         -1.86123510      -0.48931583       7.13644639
177         -1.84849317      -0.53042482       7.16040748
178         -1.85687201      -0.55189609       7.22100011
179         -1.88563180      -0.55830854       7.25153509
180         -1.88147654      -0.59008628       7.21539887
181         -1.85929338      -0.61820542       7.14997053
182         -1.84781300      -0.61608752       7.11481831
183         -1.84349768      -0.58261722       7.15151143
184         -1.84354569      -0.54245450       7.23335355
185         -1.83430907      -0.50758304       7.32451020
186         -1.80449658      -0.48562338       7.38104643
187         -1.76135719      -0.47871822       7.39033829
188         -1.73158553      -0.48851347       7.38648604
189         -1.72044332      -0.50463969       7.41219969
190         -1.69753434      -0.51421620       7.47725682
191         -1.64443322      -0.51565377       7.55583467
192         -1.54798167      -0.52410570       7.62383304
193         -1.43359714      -0.56225607       7.66771046
194         -1.35578417      -0.61637073       7.70995528
195         -1.32253245      -0.67315141       7.75237711
196         -1.30266234      -0.72184255       7.79625814
197         -1.27680000      -0.75976112       7.83049912
198         -1.24825979      -0.76412953       7.84124906
199         -1.23027759      -0.72300075       7.82974060
200         -1.22092490      -0.65966625       7.81571929
201         -1.21936602      -0.57625896       7.80022975
202         -1.24983989      -0.48325093       7.78060945
203         -1.31758923      -0.40301182       7.75298233
204         -1.37001120      -0.35024200       7.69775816
205         -1.35628120      -0.36014618       7.61482051
206         -1.30455440      -0.41955223       7.52372198
207         -1.25111514      -0.52282065       7.44905510
208         -1.21139837      -0.62751754       7.40456403
209         -1.18108499      -0.67744633       7.37404056
210         -1.15483844      -0.65059569       7.34204842
211         -1.14820458      -0.56327915       7.31052476
212         -1.15615265      -0.46393520       7.28884498
213         -1.16932571      -0.39171229       7.27074131
214         -1.16886282      -0.37805641       7.23863346
215         -1.16973017      -0.41584310       7.18913525
216         -1.20476196      -0.47776741       7.13650259
217         -1.25794240      -0.53101247       7.09439416
218         -1.27056940      -0.55377269       7.06912238
219         -1.21920934      -0.52795294       7.07907706
220         -1.12762043      -0.46503053       7.12381648
221         -1.05661102      -0.38861421       7.18742002
222         -1.05687039      -0.34057332       7.25637417
223         -1.09456785      -0.33732028       7.30394208
224         -1.13551132      -0.36554888       7.32553956
225         -1.14232758      -0.39558798       7.31998935
226         -1.14579242      -0.40708244       7.31918321
227         -1.18048816      -0.40866025       7.34345005
228         -1.23118484      -0.41908271       7.38044770
229         -1.25686309      -0.46284268       7.40812323
230         -1.27020084      -0.53143934       7.43058083
231         -1.29930773      -0.60158936       7.47923195
232         -1.33542938      -0.65134176       7.56968150
233         -1.35348198      -0.67057052       7.69545586
234         -1.32372903      -0.68107383       7.80770783
235         -1.25736780      -0.70356716       7.87651108
236         -1.22331117      -0.72344692       7.90264311
237         -1.24241126      -0.73206973       7.89017463
238         -1.28066900      -0.75606530       7.84887096
239         -1.29927965      -0.81035210       7.79143889
240         -1.29076449      -0.85979769       7.73398705
241         -1.28982248      -0.85649314       7.68953632
242         -1.32922816      -0.81369402       7.65716964
243         -1.40013498      -0.75207994       7.64509667
244         -1.45380837      -0.67856649       7.64315619
245         -1.45368294      -0.61637686       7.63420567
246         -1.44645049      -0.56680889       7.60660653
247         -1.47708022      -0.54426448       7.55472471
248         -1.52487637      -0.53470555       7.47704788
249         -1.54599143      -0.52812745       7.38938619
250         -1.54798658      -0.52539540       7.32397387
251         -1.53913183      -0.52692136       7.28529625
252         -1.52008420      -0.51670288       7.26215801
253         -1.50784632      -0.49707139       7.25221684
254         -1.51612370      -0.49241279       7.25112143
255         -1.53873744      -0.49758673       7.25191809
256         -1.55390887      -0.47387853       7.27682271
257         -1.55850405      -0.43720330       7.31412263
258         -1.55157018      -0.43208946       7.33665935
259         -1.52735484      -0.47428318       7.32168562
260         -1.46994022      -0.55547570       7.26891465
261         -1.42519672      -0.64223365       7.20180114
262         -1.41308833      -0.67808802       7.16988042
263         -1.43438691      -0.63970026       7.19610067
264         -1.46899545      -0.55365746       7.25850116
265         -1.50265218      -0.46403293       7.31832528
266         -1.54656887      -0.40661100       7.34966155
267         -1.58630328      -0.38779498       7.36587684
268         -1.59662641      -0.39940342       7.36865408
269         -1.54256377      -0.43618419       7.36533022
270         -1.46466419      -0.49130094       7.35042862
271         -1.41891721      -0.53061183       7.33366397
272         -1.43582019      -0.56008895       7.33375289
273         -1.46400789      -0.56343454       7.35256388
274         -1.44586964      -0.54186870       7.37589344
275         -1.39123909      -0.49294763       7.38928057
276         -1.32357578      -0.43943903       7.38203385
277         -1.27081618      -0.40165380       7.35303235
278         -1.24381646      -0.38397474       7.31150396
279         -1.24610072      -0.39643858       7.26748902
280         -1.27124235      -0.42327695       7.22282407
281         -1.31274627      -0.45781056       7.19781179
282         -1.34362148      -0.46377647       7.18205256
283         -1.33753491      -0.42868495       7.15354314
284         -1.28345167      -0.38561813       7.13264239
285         -1.21107381      -0.34409459       7.14254378
286         -1.16475521      -0.29182625       7.18299175
287         -1.15552804      -0.25236447       7.22209072
288         -1.16823630      -0.25946670       7.20924002
289         -1.16537934      -0.32188264       7.13729011
290         -1.13074314      -0.38836489       7.05171101
291         -1.08824038      -0.41494116       6.98340688
292         -1.08664564      -0.39645670       6.93353463
293         -1.13657044      -0.36431252       6.89612928
294         -1.19057971      -0.34321840       6.87836544
295         -1.19208937      -0.33334836       6.88864984
296         -1.16114829      -0.31083631       6.91301809
297         -1.17200074      -0.28650617       6.93053947
298         -1.24257844      -0.25631862       6.92981604
299         -1.31936197      -0.21978638       6.91986042
300         -1.36018567      -0.19517592       6.95631050
301         -1.36043671      -0.19421360       7.02926096
302         -1.35084162      -0.22441281       7.10104625
303         -1.36465293      -0.28901435       7.15480158
304         -1.39535379      -0.40004879       7.19313388
305         -1.42877375      -0.54996477       7.23818973
306         -1.44429585      -0.66532602       7.29890184
307         -1.43604821      -0.69296616       7.36125936
308         -1.41551226      -0.65285085       7.40712120
309         -1.41455201      -0.59117284       7.45327803
310         -1.45819863      -0.52138468       7.51758887
311         -1.54220976      -0.46627858       7.58622886
312         -1.64169276      -0.44657017       7.62264256
313         -1.70812575      -0.47421371       7.62547586
314         -1.70720455      -0.50915282       7.61972219
315         -1.64760264      -0.53364483       7.62964684
316         -1.58635536      -0.57467980       7.64766205
317         -1.58017583      -0.62704563       7.64909625
318         -1.65802419      -0.67937637       7.64719369
319         -1.78422399      -0.69550778       7.65401959
320         -1.90703704      -0.68025976       7.64933240
321         -1.98753745      -0.66459637       7.61276210
322         -2.02020978      -0.66116720       7.55176509
323         -2.01786299      -0.65601073       7.49171341
324         -1.98692149      -0.64988442       7.44032227
325         -1.93670262      -0.64505354       7.39395486
326         -1.87446852      -0.62349753       7.37052339
327         -1.82085484      -0.57446852       7.38708212
328         -1.78564005      -0.52237709       7.41945044
329         -1.77237706      -0.52049710       7.42373270
330         -1.78815403      -0.54274619       7.39573340
331         -1.84426182      -0.56961397       7.35871979
332         -1.93901893      -0.56918992       7.33721667
333         -2.03649995      -0.53014507       7.33027862
334         -2.08629446      -0.49438239       7.32735100
335         -2.06824727      -0.49778469       7.31358012
336         -2.01266411      -0.51113750       7.31495140
337         -1.95738611      -0.52371806       7.36455333
338         -1.92204433      -0.53819298       7.41316365
339         -1.90191689      -0.56304030       7.40780996
340         -1.89195660      -0.58738625       7.35753076
341         -1.86560980      -0.55811461       7.30506309
342         -1.83893777      -0.47946506       7.29368361
343         -1.81493839      -0.39266475       7.31987602
344         -1.80026152      -0.36607774       7.35100783
345         -1.79296073      -0.39022586       7.37710721
346         -1.78498469      -0.43453935       7.39798699
347         -1.78245340      -0.49657584       7.40579808
348         -1.78306916      -0.56748984       7.38840377
349         -1.76600139      -0.60863408       7.35572006
350         -1.72888743      -0.60730162       7.35367934
351         -1.69682697      -0.58355227       7.38937978
352         -1.67955187      -0.55789845       7.41680522
353         -1.71317277      -0.54983069       7.38505991
354         -1.77790944      -0.54072703       7.32044377
355         -1.84733556      -0.51381253       7.27752593
356         -1.89583908      -0.47319157       7.26179410
357         -1.91666202      -0.43649675       7.24787595
358         -1.90800311      -0.41374538       7.24735941
359         -1.87971336      -0.40492736       7.27627342
360         -1.85320129      -0.41788567       7.30287669
361         -1.82299004      -0.45225660       7.30854898
362         -1.78981162      -0.50456897       7.30159466
363         -1.74990652      -0.54902357       7.30348520
364         -1.70448652      -0.58255552       7.32924176
365         -1.66246105      -0.60877944       7.38032414
366         -1.64144861      -0.62821514       7.44362654
367         -1.63825689      -0.62513871       7.49924583
368         -1.64902179      -0.61056812       7.51731480
369         -1.65381232      -0.59935371       7.49439540
370         -1.65590538      -0.58583984       7.44760617
371         -1.65429995      -0.57480315       7.41458499
372         -1.66232785      -0.54836254       7.40053473
373         -1.69655164      -0.51725402       7.37416340
374         -1.73603691      -0.49878903       7.32702770
375         -1.75018498      -0.48757117       7.28497196
376         -1.73168562      -0.45764903       7.29344573
377         -1.69604934      -0.41445040       7.34894438
378         -1.64956492      -0.37869096       7.40233322
379         -1.62785747      -0.39093924       7.40441885
380         -1.65101279      -0.44360124       7.35154480
381         -1.70477869      -0.50945411       7.28858231
382         -1.78345789      -0.57127511       7.28226301
383         -1.85517322      -0.59948276       7.34044936
384         -1.87910051      -0.58971255       7.41403318
385         -1.87131298      -0.56214644       7.46917070
386         -1.85661318      -0.52911482       7.52281256
387         -1.84146228      -0.50467270       7.57935713
388         -1.80640332      -0.51955436       7.62857237
389         -1.74864218      -0.57003187       7.64237305
390         -1.69471359      -0.63507194       7.61690358
391         -1.66483405      -0.68711868       7.57065840
392         -1.66934645      -0.71216504       7.51696485
393         -1.71419186      -0.68924096       7.46666878
394         -1.77577088      -0.63360198       7.43224811
395         -1.81597213      -0.55708181       7.42398381
396         -1.80766034      -0.46655059       7.42110730
397         -1.76843366      -0.40141720       7.39912914
398         -1.71964766      -0.38055827       7.32597718
399         -1.65269596      -0.40189768       7.21399250
400         -1.57999494      -0.42779305       7.09790400
401         -1.54241014      -0.43247712       7.00672601
402         -1.56705156      -0.40853149       6.96689675
403         -1.63912487      -0.36279085       6.97507698
404         -1.71530498      -0.32078644       7.01803987
405         -1.74878991      -0.30779341       7.07663404
406         -1.74973359      -0.31706999       7.11028391
407         -1.77795044      -0.32624565       7.10690778
408         -1.85107606      -0.33388396       7.09382808
409         -1.92648922      -0.34090184       7.04922565
410         -1.96423475      -0.38258279       7.00746556
411         -1.97715849      -0.43798800       6.98973049
412         -2.01688023      -0.45414880       6.99525056
413         -2.10906520      -0.42316380       7.03411640
414         -2.22518384      -0.36946368       7.09557898
415         -2.32051370      -0.34738050       7.13631960
416         -2.38267252      -0.38296737       7.12478430
417         -2.41158657      -0.44917222       7.07021624
418         -2.40738856      -0.51079954       7.00607463
419         -2.37193611      -0.54504857       6.98055269
420         -2.33553248      -0.54964262       7.00798240
421         -2.31359293      -0.52669158       7.07473647
422         -2.30973036      -0.50610210       7.12071373
423         -2.30691695      -0.48969944       7.11558475
424         -2.29993023      -0.47672950       7.08180921
425         -2.30290876      -0.44988313       7.08672527
426         -2.32150191      -0.41249110       7.12499472
427         -2.33607814      -0.38018104       7.15043789
428         -2.32514096      -0.36942886       7.14497717
429         -2.30529044      -0.38892998       7.13313041
430         -2.29192200      -0.43823495       7.12351652
431         -2.25467811      -0.51832005       7.10373027
432         -2.19508090      -0.59320540       7.09119357
433         -2.14308495      -0.62260781       7.10457753
434         -2.10932218      -0.60671716       7.16572081
435         -2.08877094      -0.57117739       7.23025389
436         -2.06356900      -0.51876979       7.25660117
437         -2.03055937      -0.45025458       7.24771482
438         -1.99967027      -0.37904388       7.20526806
439         -1.99548524      -0.33984353       7.13161960
440         -2.01964798      -0.34113722       7.05265230
441         -2.04545041      -0.35820512       7.01199378
442         -2.05967102      -0.38426844       7.02966906
443         -2.06348504      -0.42310037       7.07123587
444         -2.05909779      -0.47075189       7.11011466
445         -2.04694605      -0.48098444       7.13826157
446         -2.01752585      -0.45599149       7.15187844
447         -1.98157030      -0.42513714       7.15079374
448         -1.97602526      -0.41682137       7.13621983
449         -1.99821101      -0.41569479       7.12785424
450         -2.00467643      -0.40432106       7.13629136
451         -1.97150722      -0.38670632       7.16759755
452         -1.91999162      -0.35821272       7.17704969
453         -1.89204287      -0.33447773       7.17340453
454         -1.88324453      -0.31986061       7.17740871
455         -1.87601348      -0.32844558       7.20597405
456         -1.86148086      -0.34036359       7.24410058
457         -1.85474090      -0.34531660       7.25647146
458         -1.85879241      -0.35679197       7.22259204
459         -1.85365956      -0.38819839       7.17672808
460         -1.82409634      -0.42403056       7.16897886
461         -1.77803667      -0.43467836       7.21209418
462         -1.73325025      -0.43355376       7.26416490
463         -1.68966970      -0.45411524       7.28570063
464         -1.64567221      -0.49752383       7.26681297
465         -1.60023221      -0.52511858       7.24099575
466         -1.55069962      -0.52668802       7.22052016
467         -1.50756422      -0.50447485       7.20090717
468         -1.48863871      -0.46247094       7.18046498
469         -1.47962117      -0.40946246       7.15921030
470         -1.46613378      -0.36613249       7.14756120
471         -1.43729786      -0.34727309       7.15285514
472         -1.40867882      -0.34609129       7.17438653
473         -1.39478949      -0.35656407       7.20586120
474         -1.39478797      -0.36099538       7.25902933
475         -1.39778062      -0.37136830       7.32963691
476         -1.40338870      -0.39874637       7.39035501
477         -1.42671790      -0.44624002       7.40883581
478         -1.46051578      -0.48366969       7.39399384
479         -1.48593650      -0.50194865       7.36685178
480         -1.48121600      -0.51484388       7.33781510
481         -1.46289447      -0.52493231       7.31289455
482         -1.45065138      -0.52845541       7.30330611
483         -1.45657021      -0.51799667       7.31671772
484         -1.48433376      -0.49085654       7.36011857
485         -1.52395110      -0.46469328       7.42430717
486         -1.56751157      -0.47139802       7.47891434
487         -1.60445143      -0.52152967       7.51470513
488         -1.63907656      -0.61173966       7.53019952
489         -1.65887205      -0.70808087       7.53796377
490         -1.68618077      -0.76918677       7.53730681
491         -1.72053813      -0.77645225       7.54795517
492         -1.75513483      -0.74873634       7.58497211
493         -1.78099501      -0.70531149       7.63770155
494         -1.78337174      -0.66457542       7.67313355
495         -1.75041399      -0.63299213       7.68642851
496         -1.69894682      -0.62687178       7.68337427
497         -1.65099415      -0.65132487       7.66808415
498         -1.62590353      -0.67273974       7.65953407
499         -1.62124128      -0.67476843       7.64754847
500         -1.62796559      -0.66582717       7.60361661
501         -1.63553097      -0.66308272       7.52230799
502         -1.61591246      -0.64899576       7.44517734
503         -1.55629743      -0.61322581       7.41337748
504         -1.48442258      -0.54560126       7.42708756
505         -1.44328167      -0.47067217       7.43945664
506         -1.44886025      -0.42352869       7.43059527
507         -1.49945742      -0.40818168       7.39749383
508         -1.55356601      -0.41170911       7.36197257
509         -1.59298730      -0.43086238       7.33424243
510         -1.62004072      -0.47136708       7.29863743
511         -1.63899807      -0.53504802       7.26870937
512         -1.64157574      -0.59445751       7.27465217
513         -1.63449792      -0.60439057       7.32376378
514         -1.62311416      -0.57511441       7.37518774
515         -1.62422252      -0.54121135       7.40722415
516         -1.63594259      -0.51442714       7.42616997
517         -1.66005843      -0.48448392       7.46151873
518         -1.70916362      -0.45810637       7.51465330
519         -1.76050788      -0.46385063       7.55671318
520         -1.78269747      -0.52485029       7.57294296
521         -1.75941548      -0.58828329       7.59288638
522         -1.72482927      -0.61886053       7.66544040
523         -1.71277848      -0.62916931       7.77980094
524         -1.74321633      -0.66423032       7.87345082
525         -1.80241180      -0.71939756       7.88289467
526         -1.85911853      -0.74825563       7.84621790
527         -1.89329143      -0.74519808       7.83045592
528         -1.91842703      -0.73487251       7.85503143
529         -1.93629672      -0.72791649       7.87440994
530         -1.95039550      -0.73484314       7.89329510
531         -1.95169914      -0.74865926       7.92691535
532         -1.93468195      -0.76529447       7.95684113
533         -1.90266825      -0.78727763       7.96369349
534         -1.86665641      -0.80947337       7.95579925
535         -1.84660262      -0.83242457       7.94553571
536         -1.83600215      -0.83455593       7.92543999
537         -1.83792128      -0.80971816       7.88374365
538         -1.83507222      -0.76547102       7.81485211
539         -1.82771868      -0.71277312       7.73767708
540         -1.80450072      -0.65108820       7.65961730
541         -1.76756513      -0.58456289       7.60627484
542         -1.73897822      -0.51686232       7.58445258
543         -1.73820814      -0.43579205       7.56536529
544         -1.73722832      -0.37028053       7.50248466
545         -1.71280809      -0.35454879       7.40691278
546         -1.65009674      -0.37302225       7.33223656
547         -1.57751133      -0.38530306       7.30140128
548         -1.52531875      -0.38406045       7.29894903
549         -1.48708195      -0.39805557       7.29382314
550         -1.45723039      -0.44270705       7.26156809
551         -1.42605339      -0.48706336       7.21410515
552         -1.38788322      -0.48623435       7.20063695
553         -1.35900017      -0.44015814       7.21589984
554         -1.35649278      -0.38848177       7.22859508
555         -1.36776170      -0.36322102       7.21581725
556         -1.37043829      -0.37052358       7.19377851
557         -1.35447909      -0.37427290       7.18375435
558         -1.33920749      -0.37549715       7.18295361
559         -1.34201354      -0.39599837       7.16767508
560         -1.35997406      -0.43721403       7.12400494
561         -1.38350567      -0.48965511       7.06752781
562         -1.40585475      -0.53120943       7.01521858
563         -1.44773774      -0.53480459       6.97784745
564         -1.50838026      -0.48388796       6.96388818
565         -1.57883121      -0.39930858       6.97609711
566         -1.62228512      -0.31547197       6.98822093
567         -1.63741314      -0.26656041       6.98967533
568         -1.63053217      -0.25278568       6.98937577
569         -1.61832981      -0.25097163       7.01678483
570         -1.60620768      -0.25603657       7.07484902
571         -1.60396124      -0.26653056       7.13407229
572         -1.62317640      -0.27369326       7.17249707
573         -1.66204331      -0.26397797       7.17943770
574         -1.70977647      -0.24635807       7.17337962
575         -1.74528238      -0.23897018       7.17902038
576         -1.75905537      -0.25836039       7.21963562
577         -1.73655968      -0.31206147       7.28665935
578         -1.70151823      -0.41179807       7.36031050
579         -1.69263145      -0.52683247       7.41610372
580         -1.72545447      -0.63447177       7.45489842
581         -1.77691090      -0.71307450       7.46673591
582         -1.84430788      -0.75264271       7.45767398
583         -1.92850143      -0.75746422       7.44095754
584         -1.99646140      -0.72345851       7.44485880
585         -2.02739944      -0.66954904       7.47888429
586         -2.03060058      -0.61742709       7.53545256
587         -2.02541466      -0.57504993       7.59095748
588         -2.01714904      -0.54470072       7.61402532
589         -2.02035841      -0.51706229       7.59504683
590         -2.02897814      -0.48551532       7.54451265
591         -2.03174665      -0.45343151       7.49100328
592         -2.00769284      -0.43773071       7.44688150
593         -1.95169410      -0.45440245       7.40524999
594         -1.86912110      -0.48259055       7.35247887
595         -1.79588928      -0.50372448       7.28424041
596         -1.74753459      -0.50296895       7.21614328
597         -1.70751251      -0.48729072       7.15971618
598         -1.65547900      -0.49705715       7.11153846
599         -1.58882896      -0.52051852       7.06548225
600         -1.54164313      -0.51104012       7.02632254
601         -1.52012339      -0.43594780       7.01077329
602         -1.51328773      -0.33092206       6.97801359
603         -1.49802859      -0.25109924       6.88861884
604         -1.43854883      -0.23554457       6.74301865
605         -1.33440028      -0.25348679       6.60517473
606         -1.21920449      -0.25987055       6.51616679
607         -1.13363178      -0.25125761       6.46811473
608         -1.10142902      -0.22138274       6.45792884
609         -1.12314949      -0.17186994       6.48148311
610         -1.16459481      -0.13024915       6.53701799
611         -1.21731730      -0.10570928       6.59994888
612         -1.28416768      -0.08670370       6.62120647
613         -1.32808912      -0.09444495       6.63829585
614         -1.30848834      -0.11781109       6.68398796
615         -1.28493216      -0.14657651       6.75059081
616         -1.29368872      -0.20715177       6.83374754
617         -1.32930883      -0.27795530       6.90866798
618         -1.36272236      -0.34946561       6.96374237
619         -1.40375657      -0.42899361       7.01142436
620         -1.46501532      -0.51128796       7.05018689
621         -1.53692436      -0.54700764       7.08512061
622         -1.62696249      -0.51688317       7.12341653
623         -1.72632994      -0.44801159       7.16054735
624         -1.80222892      -0.40654349       7.16574626
625         -1.81336483      -0.42466187       7.13665394
626         -1.76383861      -0.46287275       7.10846825
627         -1.71696875      -0.48792516       7.08949184
628         -1.71248455      -0.47679366       7.08053383
629         -1.72547770      -0.42362913       7.04987429
630         -1.73951927      -0.34860222       6.98135265
631         -1.74593341      -0.28122466       6.89696194
632         -1.74492131      -0.22762145       6.83167087
633         -1.74607523      -0.19285208       6.81665093
634         -1.72842774      -0.16123919       6.82740199
635         -1.66636226      -0.15905374       6.82383733
636         -1.57618093      -0.18942821       6.82100862
637         -1.48796824      -0.23779827       6.80930925
638         -1.43298641      -0.26131354       6.77990209
639         -1.42471603      -0.24901007       6.74416878
640         -1.42911419      -0.23139689       6.71048965
641         -1.41208249      -0.26330642       6.71155646
642         -1.38058390      -0.34545250       6.74612292
643         -1.34519357      -0.40679877       6.77893421
644         -1.33306712      -0.41326405       6.81243752
645         -1.35053109      -0.37031742       6.86868552
646         -1.37811595      -0.32332630       6.92959805
647         -1.38578234      -0.31230163       6.96527605
648         -1.36601700      -0.33506379       6.97126720
649         -1.34013545      -0.36055324       6.96719232
650         -1.32613930      -0.36939597       6.97352128
651         -1.34588183      -0.37098243       6.98627156
652         -1.40539748      -0.35531709       7.00389039
653         -1.47556109      -0.31993760       7.03691660
654         -1.50790195      -0.29968842       7.10702946
655         -1.50014409      -0.31678339       7.20270749
656         -1.49396266      -0.35385680       7.26343276
657         -1.53891261      -0.39099834       7.26764425
658         -1.61403244      -0.41823626       7.24748288
659         -1.67115651      -0.44882360       7.24967724
660         -1.68417956      -0.51428645       7.25783683
661         -1.65139736      -0.61184683       7.25604499
662         -1.59844081      -0.69064695       7.26894335
663         -1.56384987      -0.69959556       7.31604543
664         -1.55458176      -0.63627771       7.36499843
665         -1.57392815      -0.55991458       7.36534709
666         -1.58744324      -0.50563184       7.32952609
667         -1.56176992      -0.46055224       7.31126022
668         -1.50901828      -0.41217951       7.31345631
669         -1.45884227      -0.39117168       7.31543004
670         -1.42338154      -0.37897419       7.33158358
671         -1.39143558      -0.37415699       7.37255201
672         -1.38824886      -0.38845940       7.40858141
673         -1.41283546      -0.43611868       7.41042336
674         -1.46160794      -0.50197902       7.37942070
675         -1.54316317      -0.57599889       7.33936822
676         -1.64825433      -0.63244442       7.31163640
677         -1.73755689      -0.64608064       7.30161776
678         -1.78000230      -0.62328576       7.29978202
679         -1.77079202      -0.60530595       7.31522995
680         -1.72430749      -0.57780270       7.32795845
681         -1.67581010      -0.54133808       7.33840723
682         -1.66263126      -0.52620029       7.36415874
683         -1.68335284      -0.52815993       7.40277815
684         -1.70320771      -0.52252142       7.42786284
685         -1.66733794      -0.52310802       7.46398701
686         -1.58916869      -0.55350485       7.51933585
687         -1.51407002      -0.57966786       7.56294218
688         -1.48658794      -0.57395654       7.55973244
689         -1.54429469      -0.56475492       7.51554231
690         -1.63863196      -0.57742259       7.45903265
691         -1.66640864      -0.59614479       7.42485936
692         -1.60110097      -0.62201541       7.42480569
693         -1.47969168      -0.65200230       7.44988921
694         -1.37520840      -0.69259133       7.48901144
695         -1.31657685      -0.72496492       7.53769925
696         -1.30315027      -0.73207746       7.59267033
697         -1.31757530      -0.71219082       7.64577443
698         -1.33746530      -0.68039024       7.67220164
699         -1.35036687      -0.67470177       7.64868649
700         -1.36009456      -0.69454220       7.60169384
701         -1.36499476      -0.71531889       7.58566476
702         -1.39309319      -0.71880765       7.61425181
703         -1.44530233      -0.71423272       7.67222895
704         -1.46811235      -0.69627253       7.73149246
705         -1.42579323      -0.67928716       7.76351680
706         -1.35962028      -0.68332925       7.77504169
707         -1.34065700      -0.69262381       7.76488573
708         -1.39367951      -0.69256672       7.72264765
709         -1.48256541      -0.68349706       7.67278386
710         -1.54168178      -0.67332398       7.64600593
711         -1.55240565      -0.67463044       7.65650415
712         -1.53982333      -0.67308380       7.70176664
713         -1.50754180      -0.67193173       7.77331902
714         -1.49481837      -0.67689344       7.84017637
715         -1.51422757      -0.69216673       7.87585568
716         -1.54026906      -0.72195008       7.88552279
717         -1.54061354      -0.77584493       7.87187479
718         -1.53651308      -0.85102043       7.83767541
719         -1.54207564      -0.92004296       7.79274421
720         -1.54487042      -0.93986192       7.76399988
721         -1.52882601      -0.91971148       7.75475442
722         -1.50261234      -0.87458795       7.74783897
723         -1.46625627      -0.81773110       7.73252438
724         -1.40084150      -0.75685691       7.73362447
725         -1.32409308      -0.70511300       7.74187064
726         -1.27389149      -0.65774333       7.73718018
727         -1.27198975      -0.62635169       7.70684450
728         -1.29223759      -0.61664399       7.65308254
729         -1.29887854      -0.63014105       7.58702772
730         -1.27182418      -0.67538603       7.52455979
731         -1.21317142      -0.72608016       7.47770269
732         -1.15136435      -0.75329904       7.44922605
733         -1.11094027      -0.72423282       7.42972517
734         -1.09651182      -0.64094967       7.40603292
735         -1.09284700      -0.54171575       7.38732794
736         -1.09035597      -0.46309248       7.38903129
737         -1.08424337      -0.43095830       7.41290727
738         -1.08329937      -0.42796175       7.41899894
739         -1.07993130      -0.46193043       7.37772864
740         -1.09311222      -0.50412746       7.31590003
741         -1.12571719      -0.54075562       7.27142287
742         -1.16359547      -0.52683909       7.26393764
743         -1.16347459      -0.50996386       7.27597051
744         -1.12917973      -0.52660159       7.30133826
745         -1.10507629      -0.55537532       7.32263233
746         -1.13468202      -0.54965261       7.35650375
747         -1.20417645      -0.50956806       7.42361614
748         -1.26387512      -0.45699828       7.50762047
749         -1.30119089      -0.40670270       7.55106423
750         -1.31184390      -0.39667453       7.52697026
751         -1.30710365      -0.45487211       7.45631633
752         -1.29088352      -0.56099773       7.37556684
753         -1.27122284      -0.65216904       7.32291560
754         -1.26934170      -0.69308644       7.30798889
755         -1.30025914      -0.68044913       7.33234152
756         -1.36603103      -0.62995595       7.38072908
757         -1.45117652      -0.54858825       7.44440000
758         -1.53636965      -0.47023566       7.49487274
759         -1.60426584      -0.40455454       7.52242381
760         -1.64603016      -0.36853325       7.51939421
761         -1.63408012      -0.38959318       7.48824819
762         -1.58926720      -0.45641318       7.44313963
763         -1.55577514      -0.53341734       7.41237060
764         -1.53948670      -0.59499803       7.40219736
765         -1.52964527      -0.65238996       7.40455254
766         -1.51360103      -0.69687452       7.41171968
767         -1.49549612      -0.69900115       7.42006571
768         -1.48217940      -0.64960308       7.43964176
769         -1.47190940      -0.60158016       7.45351450
770         -1.46758293      -0.57399150       7.45719938
771         -1.49048249      -0.56279365       7.44377358
772         -1.55199339      -0.56491440       7.41337564
773         -1.61366873      -0.58276109       7.37631622
774         -1.64849985      -0.60205825       7.35265113
775         -1.66044567      -0.59675446       7.36070986
776         -1.64844691      -0.57233650       7.40920818
777         -1.59325748      -0.54348989       7.48744726
778         -1.51939988      -0.52587875       7.54730071
779         -1.47958324      -0.52110651       7.55937798
780         -1.46310595      -0.54992602       7.52188292
781         -1.44778027      -0.59924969       7.47774934
782         -1.42735741      -0.64871776       7.45542973
783         -1.42532144      -0.68114818       7.45769688
784         -1.43517327      -0.69274015       7.46154605
785         -1.44643869      -0.67280463       7.46967402
786         -1.44973155      -0.63336372       7.49875791
787         -1.43481847      -0.59880834       7.55051362
788         -1.41781321      -0.58189071       7.58592475
789         -1.40451828      -0.60639590       7.57309994
790         -1.40870450      -0.66882845       7.51131106
791         -1.42366706      -0.72710506       7.43180681
792         -1.45248848      -0.74928898       7.38791297
793         -1.50652945      -0.72501837       7.39701451
794         -1.58526663      -0.69945919       7.44703090
795         -1.65115027      -0.66627083       7.49812555
796         -1.67784517      -0.62650431       7.54242764
797         -1.66718414      -0.59928330       7.55706152
798         -1.65050366      -0.58577783       7.54559579
799         -1.64444814      -0.58678330       7.52665613
800         -1.64002799      -0.59615897       7.50903337
801         -1.65802009      -0.62962733       7.50793102
802         -1.68493056      -0.68745218       7.52556637
803         -1.72360121      -0.77529058       7.57106576
804         -1.75853479      -0.83849040       7.64451187
805         -1.77940948      -0.86210871       7.71840004
806         -1.78051087      -0.84333704       7.76657107
807         -1.76651518      -0.79838893       7.78845000
808         -1.73573751      -0.75245844       7.79321079
809         -1.68167727      -0.73624202       7.78561095
810         -1.62797835      -0.74863267       7.77515539
811         -1.58945730      -0.77193433       7.77187051
812         -1.57332875      -0.81975743       7.77528020
813         -1.55811484      -0.88009097       7.78418156
814         -1.53557903      -0.94233064       7.81131892
815         -1.50959887      -0.96933973       7.88210235
816         -1.48112774      -0.96168801       7.98131605
817         -1.46311327      -0.93374647       8.04939498
818         -1.47669319      -0.90952900       8.05693251
819         -1.52714362      -0.89303743       8.01996908
820         -1.58468818      -0.88954693       7.97142667
821         -1.62017705      -0.90303880       7.92384598
822         -1.61714202      -0.91677529       7.88458037
823         -1.58170462      -0.91562120       7.86376939
824         -1.52108497      -0.89163506       7.86156176
825         -1.45935579      -0.86581948       7.85407118
826         -1.41272724      -0.85040663       7.83342727
827         -1.38380017      -0.84327250       7.81748524
828         -1.36655415      -0.83035485       7.81914767
829         -1.36602033      -0.80426902       7.80896681
830         -1.37851334      -0.75459353       7.75000545
831         -1.37662729      -0.69433979       7.63972494
832         -1.33792797      -0.63717323       7.50867242
833         -1.26634834      -0.57728640       7.39645506
834         -1.18454264      -0.52668062       7.29510610
835         -1.11953441      -0.49396507       7.19739086
836         -1.07614051      -0.46712419       7.12525364
837         -1.03960379      -0.42374529       7.11238155
838         -1.00024358      -0.37922252       7.15041884
839         -0.97785079      -0.35593408       7.20663204
840         -0.98779826      -0.35823018       7.25763057
841         -1.01544801      -0.36140344       7.28615737
842         -1.04162861      -0.35598352       7.28703221
843         -1.04869100      -0.34340835       7.25918968
844         -1.03840480      -0.34158210       7.20341973
845         -1.00339191      -0.36254009       7.13535766
846         -0.93472122      -0.39751503       7.07102184
847         -0.83582861      -0.43998474       7.01749647
848         -0.74529041      -0.47690007       6.97535243
849         -0.69446202      -0.49306521       6.94701224
850         -0.70032377      -0.49132873       6.93196614
851         -0.75605220      -0.48176320       6.92063996
852         -0.81639582      -0.45711006       6.92282627
853         -0.85646764      -0.41321443       6.95672611
854         -0.90624076      -0.35292414       7.02204215
855         -0.98862859      -0.30130619       7.09722507
856         -1.08199002      -0.27962596       7.14562291
857         -1.14998999      -0.27730738       7.16210103
858         -1.17019700      -0.26507424       7.16251004
859         -1.15756326      -0.24518742       7.17404830
860         -1.16088634      -0.25348644       7.17995715
861         -1.21507962      -0.29352219       7.15378999
862         -1.30445636      -0.33632970       7.11647783
863         -1.37417625      -0.37717690       7.09978889
864         -1.40616218      -0.42272811       7.10483784
865         -1.41619210      -0.46120408       7.14067795
866         -1.42058860      -0.48593239       7.21484482
867         -1.42628435      -0.49261363       7.31689153
868         -1.43845125      -0.49799319       7.41401583
869         -1.45753727      -0.50743538       7.48629809
870         -1.49202056      -0.51315006       7.53437781
871         -1.53843739      -0.51829378       7.56259088
872         -1.58893709      -0.52943396       7.58534950
873         -1.63382456      -0.54592489       7.60752147
874         -1.64948545      -0.56358091       7.62229267
875         -1.62019641      -0.56941902       7.62920186
876         -1.56794936      -0.54215790       7.65218595
877         -1.53501297      -0.53109278       7.69392986
878         -1.54856509      -0.58655483       7.73322645
879         -1.62148724      -0.69334956       7.73857645
880         -1.70757175      -0.76787504       7.70906194
881         -1.77579109      -0.75908727       7.65294530
882         -1.82829867      -0.68619607       7.57044172
883         -1.86092365      -0.60661052       7.48065646
884         -1.86712186      -0.56350221       7.42851600
885         -1.85506048      -0.55534847       7.44364206
886         -1.82847313      -0.53984527       7.50828160
887         -1.79139440      -0.50631780       7.56704856
888         -1.75452371      -0.46302219       7.57827640
889         -1.72996666      -0.44924280       7.55343063
890         -1.72104029      -0.50273122       7.50749925
891         -1.70822279      -0.59191877       7.44930737
892         -1.68235322      -0.64522133       7.40007378
893         -1.64078694      -0.62945885       7.39547770
894         -1.59000949      -0.57918309       7.43746405
895         -1.51126914      -0.55017137       7.49990541
896         -1.41943802      -0.54526555       7.55012266
897         -1.34055808      -0.54129716       7.57810758
898         -1.27422124      -0.55606426       7.58400070
899         -1.22840291      -0.61473290       7.55615385
900         -1.20256684      -0.69024026       7.52065389
901         -1.18512213      -0.72251463       7.49862134
902         -1.16763394      -0.70435304       7.51372318
903         -1.13746099      -0.66395618       7.58564234
904         -1.10125927      -0.61880149       7.70316187
905         -1.06148606      -0.56389765       7.82786137
906         -1.01081078      -0.51065673       7.90836282
907         -0.97255442      -0.46587813       7.92893422
908         -0.97574451      -0.47099975       7.92133764
909         -1.03581220      -0.52994654       7.89892789
910         -1.12338663      -0.61677880       7.87778796
911         -1.18254297      -0.71627054       7.86484588
912         -1.20786065      -0.80775295       7.85839093
913         -1.23776323      -0.87042277       7.84528850
914         -1.28228712      -0.90403323       7.81726966
915         -1.31733457      -0.89191035       7.78799794
916         -1.31943365      -0.83186352       7.78042356
917         -1.31298375      -0.74643227       7.78363375
918         -1.32648141      -0.67681855       7.77233897
919         -1.34008238      -0.67496580       7.77506190
920         -1.36365932      -0.71500537       7.80391399
921         -1.39774870      -0.74867041       7.82503623
922         -1.43140160      -0.74409203       7.80783680
923         -1.47787381      -0.71109884       7.73643931
924         -1.53871226      -0.66534009       7.63689945
925         -1.59134440      -0.63737372       7.56602585
926         -1.62262590      -0.61647743       7.56192401
927         -1.63621182      -0.59476698       7.60006879
928         -1.62606293      -0.58219676       7.65300999
929         -1.59035821      -0.60371725       7.69535300
930         -1.54236413      -0.66472240       7.72414887
931         -1.47687959      -0.74442469       7.73258337
932         -1.40630233      -0.80807562       7.72424082
933         -1.36313891      -0.82791910       7.70622918
934         -1.35843007      -0.78995975       7.69737973
935         -1.38164844      -0.68613060       7.71610363
936         -1.42265733      -0.57593745       7.74171702
937         -1.47327644      -0.51569184       7.76091028
938         -1.51841119      -0.54333440       7.77383956
939         -1.56061591      -0.61077751       7.78342515
940         -1.58232043      -0.67355526       7.77734754
941         -1.57274883      -0.70229640       7.75766905
942         -1.55325677      -0.70860159       7.72603675
943         -1.55145017      -0.69468132       7.68428831
944         -1.56858634      -0.65604248       7.63682432
945         -1.58078382      -0.60832762       7.59287389
946         -1.60648264      -0.57866526       7.54991917
947         -1.67123844      -0.58986476       7.50820782
948         -1.77481117      -0.64489425       7.48387461
949         -1.89381351      -0.71443765       7.48202077
950         -2.01498594      -0.74638112       7.50449479
951         -2.12886240      -0.74145014       7.53429663
952         -2.22169297      -0.69443482       7.55142104
953         -2.27363122      -0.61996483       7.53899205
954         -2.28917421      -0.54176357       7.51154130
955         -2.28288905      -0.50378541       7.48485212
956         -2.26178207      -0.52088327       7.45406813
957         -2.23424483      -0.57276821       7.39794378
958         -2.19034211      -0.62977891       7.33242882
959         -2.14284899      -0.67141696       7.29945040
960         -2.11513576      -0.69362309       7.30892845
961         -2.13135212      -0.69938652       7.34685739
962         -2.17699619      -0.70417079       7.38687586
963         -2.21965592      -0.71572964       7.38846611
964         -2.23253412      -0.73534242       7.35288530
965         -2.22678155      -0.74717957       7.34310740
966         -2.22435117      -0.73665476       7.38390253
967         -2.22496525      -0.70743533       7.46005117
968         -2.21928453      -0.68524568       7.53099087
969         -2.18670237      -0.67434019       7.55269204
970         -2.13345060      -0.66423450       7.53600386
971         -2.06355310      -0.66350388       7.50678780
972         -1.99071158      -0.66455787       7.50453948
973         -1.90987974      -0.65161069       7.53029368
974         -1.81634409      -0.63336035       7.58442333
975         -1.70379131      -0.64186740       7.64194461
976         -1.58415881      -0.66256479       7.70604921
977         -1.47318242      -0.67796323       7.77335435
978         -1.37405443      -0.67994590       7.82120184
979         -1.29369674      -0.68059849       7.81396960
980         -1.21822605      -0.67360871       7.75472978
981         -1.15642662      -0.63925595       7.70321893
982         -1.09292189      -0.60646686       7.70256473
983         -1.05370812      -0.60387327       7.74947504
984         -1.05328975      -0.63347229       7.79605164
985         -1.08136529      -0.67483093       7.82855223
986         -1.10782701      -0.69268171       7.83844539
987         -1.10850547      -0.68584024       7.83340397
988         -1.09509196      -0.67662035       7.81377474
989         -1.08618693      -0.66620963       7.78251440
990         -1.08291601      -0.66555799       7.73538923
991         -1.08364171      -0.67103623       7.67426820
992         -1.10278211      -0.68615446       7.61252868
993         -1.15182720      -0.69274982       7.58113200
994         -1.22137220      -0.68659394       7.58399271
995         -1.31729447      -0.64769663       7.59242706
996         -1.43148205      -0.60126085       7.58632282
997         -1.56455907      -0.56160731       7.58661080
998         -1.67938031      -0.52189569       7.61212994
999         -1.76483586      -0.49782085       7.64400960
1000        -1.80778603      -0.51368477       7.66169931
