1            0.00000000       0.00000000       0.00000000       0.00000000
2            0.01203540       0.00887143       0.00106570       0.00209827
3            0.03488749       0.02214401       0.00561471       0.00712878
4            0.05493388       0.03118249       0.01331270       0.01043869
5            0.06253790       0.03684576       0.01964615       0.00604599
6            0.06482973       0.04195580       0.02238127       0.00049266
7            0.07420388       0.04868772       0.02294727       0.00256889
8            0.09355364       0.05208614       0.02593394       0.01553355
9            0.12858690       0.05122069       0.03305549       0.04431071
10           0.18653708       0.05324208       0.04211064       0.09118437
11           0.25851983       0.05974147       0.05345754       0.14532082
12           0.29264851       0.05567248       0.05966554       0.17731050
13           0.28324327       0.04624566       0.06519708       0.17180054
14           0.25898705       0.04877654       0.06514951       0.14506100
15           0.25735042       0.07819044       0.05911034       0.12004964
16           0.29785883       0.13258978       0.05213707       0.11313198
17           0.36195683       0.18832711       0.04592040       0.12770931
18           0.43562463       0.21787319       0.04316210       0.17458935
19           0.52272338       0.23473214       0.04215220       0.24583904
20           0.63304107       0.25116498       0.04097037       0.34090571
21           0.77223357       0.25378270       0.04288145       0.47556941
22           0.95554514       0.23674367       0.05281994       0.66598152
23           1.16614946       0.21997891       0.07059012       0.87558043
24           1.39004702       0.21795834       0.11169709       1.06039159
25           1.63135878       0.20917459       0.18516494       1.23701925
26           1.82521335       0.17888812       0.25973288       1.38659235
27           1.92825552       0.13657546       0.29071060       1.50096947
28           2.01941878       0.09595025       0.30716070       1.61630784
29           2.17777420       0.05216390       0.34239069       1.78321961
30           2.38274921       0.02057547       0.39856448       1.96360926
31           2.52389819       0.00533989       0.43050757       2.08805072
32           2.55333701       0.00138302       0.42728268       2.12467131
33           2.53007869       0.00079644       0.42123672       2.10804552
34           2.49399516       0.00196728       0.44371633       2.04831154
35           2.47020996       0.00347577       0.48785098       1.97888322
36           2.46962554       0.00154282       0.53230710       1.93577563
37           2.46637935       0.00001728       0.55410595       1.91225612
38           2.41797920       0.00067275       0.55393392       1.86337253
39           2.27253478       0.00327446       0.53075415       1.73850617
40           2.12694047       0.01277373       0.50002379       1.61414296
41           2.07710265       0.02718962       0.48915739       1.56075564
42           2.15976421       0.03754102       0.51152091       1.61070228
43           2.29040560       0.04423902       0.54760660       1.69855998
44           2.30635538       0.05817974       0.53757394       1.71060170
45           2.17897808       0.08833638       0.48456220       1.60607950
46           2.05917919       0.13244042       0.45434300       1.47239577
47           2.12676247       0.16772816       0.51633973       1.44269459
48           2.37369345       0.17478309       0.71130986       1.48760049
49           2.63048358       0.16506228       0.94488004       1.52054126
50           2.78878582       0.13917254       1.12781715       1.52179612
51           2.84296435       0.10755783       1.25447594       1.48093058
52           2.81243317       0.07890013       1.36272094       1.37081210
53           2.70589106       0.05435878       1.44371776       1.20781452
54           2.59235217       0.04591891       1.49994545       1.04648781
55           2.50942033       0.06073594       1.55511831       0.89356608
56           2.50002293       0.08943577       1.62705441       0.78353274
57           2.61888896       0.10367504       1.77252539       0.74268854
58           2.83633341       0.08412939       2.00685022       0.74535380
59           3.06527911       0.04896805       2.26445512       0.75185594
60           3.27614288       0.01917137       2.48243028       0.77454123
61           3.41727579       0.00275732       2.61983012       0.79468834
62           3.45508282       0.00029069       2.67979166       0.77500047
63           3.42795781       0.00336830       2.70648730       0.71810222
64           3.45082274       0.00628122       2.74668283       0.69785869
65           3.56845709       0.00993460       2.80689141       0.75163109
66           3.69019218       0.01609615       2.86513021       0.80896582
67           3.69093741       0.02745391       2.84208068       0.82140282
68           3.75253670       0.05186851       2.85826757       0.84240062
69           3.90283927       0.07895862       2.93900271       0.88487794
70           3.98101393       0.08238010       2.97720559       0.92142824
71           3.88055680       0.05828865       2.89168529       0.93058286
72           3.73783243       0.03021242       2.81537563       0.89224439
73           3.66452655       0.01268864       2.84429115       0.80754675
74           3.68621226       0.00737041       2.94457957       0.73426227
75           3.82752482       0.00994566       3.12680928       0.69076988
76           4.06312286       0.01924039       3.37806630       0.66581616
77           4.33189645       0.03249785       3.65439330       0.64500530
78           4.55647953       0.05112910       3.90355420       0.60179624
79           4.71330993       0.07648690       4.08591881       0.55090422
80           4.91281842       0.09820909       4.27063134       0.54397800
81           5.18837330       0.09863711       4.47095615       0.61878004
82           5.30792963       0.08111548       4.48607476       0.74073939
83           5.20183419       0.07082731       4.29826290       0.83274398
84           5.09012637       0.09178268       4.13511916       0.86322452
85           5.10052571       0.16345712       4.05145466       0.88561393
86           5.23814908       0.27453921       4.01386948       0.94974039
87           5.33277046       0.36176164       3.93352744       1.03748138
88           5.25635166       0.39940221       3.75701108       1.09993838
89           5.05162935       0.37523486       3.55633487       1.12005962
90           4.93664236       0.33289032       3.44748852       1.15626353
91           5.07249949       0.33276023       3.49639018       1.24334908
92           5.30298957       0.36743595       3.62257632       1.31297731
93           5.39789968       0.41357560       3.61749852       1.36682556
94           5.17961229       0.43133963       3.36812887       1.38014379
95           4.83824863       0.41246599       3.10433922       1.32144343
96           4.55924718       0.36025158       2.95842071       1.24057490
97           4.41483388       0.29235382       2.86602431       1.25645575
98           4.43773534       0.22981257       2.80333718       1.40458559
99           4.66414090       0.19709503       2.87014155       1.59690433
100          4.92343410       0.16763967       3.02495665       1.73083778
101          5.05084906       0.13961659       3.11305153       1.79818094
102          4.98681727       0.11289306       3.08054822       1.79337599
103          4.75438540       0.09289558       3.01009561       1.65139421
104          4.47918044       0.08838283       2.99081689       1.39998072
105          4.26443739       0.10186074       2.97804287       1.18453378
106          4.04961564       0.11437480       2.84873385       1.08650699
107          3.82931901       0.11570287       2.61554123       1.09807492
108          3.62386137       0.10538305       2.37699852       1.14147980
109          3.48383012       0.09496951       2.25957395       1.12928666
110          3.37271013       0.08148820       2.23222742       1.05899451
111          3.38191711       0.06986131       2.27122794       1.04082785
112          3.45828016       0.06240085       2.32883202       1.06704729
113          3.56665253       0.06025795       2.42530594       1.08108863
114          3.61794737       0.06444060       2.51988813       1.03361864
115          3.51355028       0.07501386       2.47968617       0.95885025
116          3.22375725       0.09573724       2.24084625       0.88717376
117          2.86719726       0.13358581       1.92613043       0.80748103
118          2.51875639       0.17755411       1.62330846       0.71789382
119          2.24637107       0.19853942       1.42190347       0.62592818
120          2.05270296       0.16824116       1.31985954       0.56460226
121          1.88826278       0.13520233       1.24064168       0.51241876
122          1.82148678       0.13121951       1.21915082       0.47111645
123          1.83186998       0.13395704       1.26913227       0.42878067
124          1.83440727       0.12309028       1.34456147       0.36675553
125          1.80404042       0.13601928       1.36536210       0.30265904
126          1.75293810       0.19579083       1.31294046       0.24420681
127          1.69595053       0.28010711       1.20644295       0.20940047
128          1.65812983       0.33213678       1.13908549       0.18690757
129          1.66639563       0.34480412       1.15267212       0.16891939
130          1.69836505       0.36193300       1.18805012       0.14838193
131          1.75516259       0.39837975       1.23256838       0.12421447
132          1.86221345       0.42217865       1.33914646       0.10088834
133          2.06779379       0.41579282       1.57903388       0.07296708
134          2.27344083       0.42111201       1.81333994       0.03898888
135          2.40491430       0.45442307       1.93413188       0.01635936
136          2.39482434       0.48445474       1.89969201       0.01067759
137          2.32439630       0.45685567       1.86206436       0.00547628
138          2.24909086       0.39669778       1.85231466       0.00007842
139          2.22756547       0.34953892       1.87403544       0.00399111
140          2.24027803       0.31934922       1.90535273       0.01557607
141          2.25269714       0.31786012       1.90014844       0.03468858
142          2.33357651       0.35343551       1.91232706       0.06781395
143          2.51369023       0.41314336       1.97731649       0.12323038
144          2.74112827       0.45885205       2.08435729       0.19791893
145          2.93364461       0.49606827       2.17804754       0.25952881
146          3.13043378       0.56300740       2.26199627       0.30543011
147          3.36386373       0.72029352       2.30182210       0.34174810
148          3.53637012       0.90373691       2.26439767       0.36823555
149          3.56865682       0.97896339       2.20560636       0.38408706
150          3.62523204       0.98435668       2.24868157       0.39219378
151          3.83672243       1.04395727       2.40591735       0.38684781
152          4.21850469       1.21418462       2.61671536       0.38760470
153          4.69038515       1.42913475       2.84253095       0.41871945
154          5.06057828       1.57400641       3.06466933       0.42190254
155          5.28707681       1.60574376       3.27833483       0.40299822
156          5.39249576       1.53576339       3.46141861       0.39531376
157          5.26014943       1.37466280       3.47323590       0.41225073
158          5.09455345       1.28098421       3.42054934       0.39301990
159          5.18144353       1.42716136       3.39408554       0.36019663
160          5.42924871       1.68059130       3.42730140       0.32135601
161          5.59971794       1.85759547       3.46777528       0.27434719
162          5.78247383       1.90219934       3.62678069       0.25349380
163          5.93815201       1.85161863       3.81626907       0.27026432
164          5.90825707       1.73952591       3.88382163       0.28490954
165          5.77066901       1.62954401       3.86484609       0.27627892
166          5.64346789       1.53684610       3.83708917       0.26953262
167          5.64635646       1.51383996       3.85919079       0.27332571
168          5.71344522       1.54352663       3.89660407       0.27331453
169          5.76809563       1.58390441       3.92295885       0.26123237
170          5.87525580       1.63070918       4.00194848       0.24259814
171          6.04302257       1.72854129       4.10296952       0.21151176
172          6.23363573       1.91035573       4.15684914       0.16643086
173          6.40171124       2.07724915       4.19377232       0.13068978
174          6.61615878       2.19165196       4.30670295       0.11780387
175          6.92979744       2.28513189       4.52253653       0.12212902
176          7.37278028       2.42716738       4.80760022       0.13801267
177          7.86865952       2.64251245       5.07196153       0.15418554
178          8.28429939       2.92175052       5.20746065       0.15508821
179          8.61026461       3.24711040       5.22802358       0.13513063
180          8.94897034       3.58006689       5.25909789       0.10980556
181          9.44950564       3.98393596       5.37635480       0.08921487
182         10.09813264       4.42753934       5.59803583       0.07255747
183         10.87138708       4.90172086       5.90529775       0.06436847
184         11.56093515       5.29438489       6.19432664       0.07222362
185         12.01175509       5.53045324       6.36890921       0.11239264
186         12.37158413       5.70888361       6.48658750       0.17611302
187         12.65565639       5.87257884       6.53892049       0.24415706
188         12.82670012       6.04176331       6.48485380       0.30008301
189         13.07317457       6.24164494       6.48152035       0.35000928
190         13.51904906       6.50018057       6.60740897       0.41145951
191         13.99150709       6.67552863       6.83304441       0.48293404
192         14.29413755       6.70387518       7.04235770       0.54790467
193         14.46020929       6.67152310       7.18922281       0.59946339
194         14.52366445       6.57499784       7.31124864       0.63741797
195         14.62685226       6.49749001       7.46653483       0.66282742
196         14.76251857       6.55097800       7.52253779       0.68900277
197         14.62267779       6.63677583       7.31994929       0.66595267
198         14.55377578       6.72244663       7.19454419       0.63678496
199         14.82702164       6.81186766       7.38361315       0.63154083
200         15.11853145       6.69161412       7.80039073       0.62652660
201         15.25294230       6.40452843       8.22929184       0.61912203
202         15.40058532       6.28235727       8.49177080       0.62645724
203         15.56993466       6.30816128       8.61772875       0.64404463
204         15.56855029       6.30727135       8.61897812       0.64230082
205         15.48934520       6.34879758       8.51128543       0.62926219
206         15.47376503       6.46069666       8.39727115       0.61579722
207         15.39992575       6.48291430       8.33504078       0.58197067
208         15.20743576       6.38904218       8.27638324       0.54201035
209         15.03242074       6.35678043       8.15887580       0.51676452
210         14.94196788       6.35257485       8.05548772       0.53390532
211         14.94937202       6.27920509       8.09571633       0.57445061
212         14.93951635       6.21510649       8.16876488       0.55564498
213         15.10898255       6.43948933       8.20120771       0.46828551
214         15.43490279       6.90369923       8.14210317       0.38910039
215         15.68671826       7.30779726       8.00379029       0.37513071
216         15.79302583       7.56323509       7.84001624       0.38977450
217         15.86019089       7.78918845       7.71209401       0.35890842
218         15.91003282       7.99862547       7.61568854       0.29571880
219         15.88204318       8.01017440       7.60391137       0.26795741
220         15.71815848       7.81056412       7.62878370       0.27881065
221         15.64974322       7.65602464       7.72406064       0.26965794
222         15.58172058       7.53858580       7.83065969       0.21247510
223         15.47496944       7.44460426       7.87497974       0.15538544
224         15.38794389       7.39068608       7.87067241       0.12658539
225         15.36261337       7.37640743       7.87290629       0.11329965
226         15.48657667       7.49554545       7.89723275       0.09379848
227         15.87918048       7.92238590       7.88935716       0.06743742
228         16.44376861       8.45596691       7.94977119       0.03803051
229         17.04503558       8.83701937       8.18443320       0.02358301
230         17.60115550       9.04850227       8.51887962       0.03377361
231         17.93540628       9.05315064       8.81747081       0.06478482
232         18.10671922       8.93910777       9.06002433       0.10758712
233         18.23255367       8.76455770       9.32273011       0.14526585
234         18.42537966       8.62286334       9.65099388       0.15152244
235         18.64928679       8.50561452      10.01539698       0.12827530
236         18.85608855       8.40109692      10.35217781       0.10281382
237         19.10624092       8.44232163      10.57243713       0.09148217
238         19.49572484       8.61779768      10.78421089       0.09371627
239         20.03211076       8.91947636      11.01297600       0.09965840
240         20.88593871       9.42022442      11.35889034       0.10682395
241         21.83532018       9.92986581      11.78968587       0.11576850
242         22.55610943      10.22777958      12.20550864       0.12282120
243         23.07512934      10.35078037      12.59896871       0.12538026
244         23.34577520      10.34893246      12.88821840       0.10862434
245         23.40695495      10.28156837      13.03110611       0.09428046
246         23.34741139      10.20845448      13.05083064       0.08812628
247         23.20581916      10.16076973      12.95716825       0.08788118
248         23.19202544      10.26741416      12.83055192       0.09405936
249         23.52231955      10.60656575      12.80580153       0.10995228
250         23.96218881      11.03590671      12.80687024       0.11941187
251         24.31561279      11.45754693      12.75191630       0.10614956
252         24.87778355      12.01134869      12.77474609       0.09168878
253         25.77705391      12.60971271      13.07763046       0.08971073
254         26.68348771      13.07941900      13.51318325       0.09088546
255         27.21815641      13.18632371      13.94711153       0.08472117
256         27.56702273      13.04027988      14.45710940       0.06963345
257         28.10659213      12.96913078      15.08672633       0.05073503
258         28.63584946      13.01672370      15.57928217       0.03984359
259         29.05591702      13.21720773      15.80018672       0.03852256
260         29.29068785      13.45575529      15.78986961       0.04506296
261         29.35404485      13.68828991      15.60691270       0.05884224
262         29.18658932      13.83034707      15.28125240       0.07498984
263         29.04844263      13.90544473      15.05865115       0.08434675
264         29.19767229      13.88878996      15.22410653       0.08477581
265         29.42462553      13.75333680      15.59520031       0.07608842
266         29.51693289      13.61439977      15.83071718       0.07181593
267         29.60595558      13.63339417      15.89547224       0.07708917
268         29.64169183      13.77829537      15.75595901       0.10743745
269         29.87590553      14.09850892      15.62323095       0.15416566
270         30.25351398      14.42775527      15.61350893       0.21224978
271         30.61400328      14.67569030      15.68648670       0.25182627
272         30.79818654      14.54795420      15.98005262       0.27017972
273         30.76207771      14.24539710      16.24475791       0.27192270
274         30.56936904      14.04354841      16.25170123       0.27411940
275         30.34322916      14.01696460      16.03830049       0.28796407
276         30.12445196      14.06961840      15.72722129       0.32761227
277         29.93545287      14.06974518      15.47511760       0.39059009
278         29.72613187      13.91077734      15.36394296       0.45141157
279         29.61612092      13.68539322      15.42985075       0.50087695
280         29.56755043      13.56516631      15.47506646       0.52731766
281         29.43395687      13.58329170      15.28903873       0.56162644
282         29.55885834      13.70954341      15.26289801       0.58641691
283         29.99455321      13.85260608      15.53741632       0.60453080
284         30.62091489      13.93525398      16.07624205       0.60941886
285         31.46571623      14.09516224      16.76522800       0.60532598
286         32.61191215      14.42605007      17.59671191       0.58915017
287         33.57930680      14.72910513      18.25677284       0.59342883
288         33.69559711      14.78681683      18.30340578       0.60537450
289         33.44493718      14.84269412      17.99876349       0.60347958
290         34.00073337      15.32540356      18.05469011       0.62063970
291         35.42006632      16.18079973      18.58301880       0.65624778
292         37.04973806      16.97419779      19.37608270       0.69945757
293         38.74867039      17.63011316      20.38253848       0.73601875
294         40.65792491      18.27265263      21.61003673       0.77523556
295         42.72852437      19.08004094      22.82600498       0.82247846
296         44.50704269      20.01856175      23.62509494       0.86338601
297         45.82228941      21.00735563      23.94630858       0.86862519
298         46.86418194      21.83582899      24.16010911       0.86824384
299         47.91317638      22.50556873      24.49609245       0.91151520
300         49.50336774      23.11341256      25.42462037       0.96533480
301         51.60433476      23.63353597      26.98338492       0.98741387
302         53.44982191      23.98301133      28.44411972       1.02269086
303         54.70973779      24.21508576      29.35485056       1.13980147
304         55.58029999       9.97925137      45.51199660       0.08905203
305         55.63829495      10.02058113      45.56807878       0.04963505
306         55.90028146      10.00643254      45.85819675       0.03565218
307         55.96201926       9.92540798      46.00551416       0.03109713
308         55.76032341       9.80455748      45.92559888       0.03016706
309         55.14560572       9.72390291      45.39627074       0.02543207
310         54.45417401       9.80214946      44.63282047       0.01920408
311         53.88923402      10.00683801      43.86323225       0.01916375
312         53.43744438      10.11411460      43.30087899       0.02245079
313         53.15630782      10.19748793      42.92999148       0.02882841
314         52.96618508      10.23955053      42.69905026       0.02758429
315         52.26907544      10.22050254      42.02408707       0.02448583
316         51.30000191      10.18957717      41.09004405       0.02038070
317         50.59785795      10.40997515      40.17528414       0.01259866
318         50.24148511      10.91641382      39.32216635       0.00290494
319         50.23608936      11.70288337      38.53246095       0.00074504
320         50.56208874      12.60797477      37.94304414       0.01106984
321         50.86083892      13.25841143      37.57099520       0.03143228
322         50.94820463      13.52656098      37.36475898       0.05688466
323         50.87554964      13.58659688      37.19165456       0.09729820
324         50.65992645      13.48469796      37.03892847       0.13630002
325         50.36977777      13.46826979      36.74723041       0.15427757
326         50.37520056      13.64207603      36.58521489       0.14790964
327         50.28319196      13.70807839      36.43233882       0.14277475
328         49.93712898      13.58021326      36.21123969       0.14567603
329         49.65204954      13.50255302      35.97068913       0.17880739
330         49.51298239      13.59152736      35.69155111       0.22990393
331         49.51744262      13.82905136      35.44019554       0.24819572
332         49.44843214      14.04828592      35.14737808       0.25276814
333         49.17127398      14.09075610      34.82816174       0.25235614
334         48.53112754      13.83090142      34.43884413       0.26138198
335         48.04011611      13.47732962      34.28936783       0.27341866
336         47.83065902      13.31225751      34.23003557       0.28836594
337         48.02851266      13.65360409      34.08810304       0.28680553
338         48.36824759      14.34161637      33.72598536       0.30064586
339         48.57580882      14.76494166      33.49996317       0.31090399
340         48.58227491      14.72904895      33.54033388       0.31289208
341         48.60477095      14.49664839      33.79679388       0.31132868
342         48.76378254      14.31283498      34.16335540       0.28759215
343         48.68909146      14.09546507      34.34046342       0.25316297
344         47.99134013      13.86605973      33.91196764       0.21331276
345         47.01632811      13.82401047      33.00703199       0.18528565
346         46.62206712      14.08730630      32.34758538       0.18717543
347         46.66269173      14.35751957      32.08263091       0.22254125
348         46.68516263      14.19296106      32.19958300       0.29261857
349         46.61734369      13.61245570      32.64005173       0.36483626
350         46.23399102      13.05777432      32.74846608       0.42775062
351         45.61915436      12.83060959      32.29947787       0.48906690
352         45.36063400      12.97260688      31.87005204       0.51797507
353         45.74576182      13.35098251      31.89084706       0.50393226
354         46.39167908      13.77176711      32.12182193       0.49809004
355         46.79355677      14.10816251      32.16738924       0.51800503
356         46.87540068      14.24578533      32.11873202       0.51088333
357         46.74882607      14.04248925      32.23441878       0.47191804
358         46.29994240      13.62591303      32.25213887       0.42189049
359         45.75146944      13.25510010      32.11893945       0.37742989
360         45.47286742      13.16125942      31.98158190       0.33002610
361         45.82653853      13.37762767      32.14866379       0.30024707
362         46.73909197      13.76809804      32.66686069       0.30413325
363         47.61021684      14.15066789      33.08630675       0.37324220
364         47.51484197      14.38343512      32.66218433       0.46922252
365         46.46347745      14.47199356      31.44308616       0.54839773
366         45.59579906      14.61405880      30.37853948       0.60320079
367         45.36625838      14.90970009      29.81491158       0.64164671
368         45.64755907      15.42866724      29.53814084       0.68075100
369         46.15364821      16.00960960      29.45057426       0.69346435
370         46.69742492      16.44711626      29.60076459       0.64954407
371         47.23647679      16.90865741      29.75182378       0.57599560
372         47.36646199      17.48306631      29.35629405       0.52710163
373         46.60801560      17.89315972      28.20800012       0.50685576
374         45.40731204      18.17128855      26.74043417       0.49558932
375         44.41507035      18.45539192      25.49982397       0.45985445
376         43.82024899      18.73363648      24.66990518       0.41670733
377         43.16676608      18.84154757      23.94791710       0.37730140
378         42.15827857      18.72012495      23.11885888       0.31929474
379         40.93721957      18.60633436      22.08838943       0.24249577
380         39.71507074      18.57709407      20.96508215       0.17289452
381         38.85097704      18.60976116      20.08133170       0.15988417
382         38.64973358      18.67423479      19.76026045       0.21523834
383         38.60047454      18.59888188      19.69863578       0.30295688
384         38.38780583      18.40251625      19.61050222       0.37478736
385         37.95146449      18.11564431      19.41757477       0.41824541
386         37.33294147      17.62085244      19.29270655       0.41938248
387         36.72225045      17.10187996      19.23324273       0.38712776
388         36.44968502      16.83745324      19.23753153       0.37470025
389         36.76818688      17.06523709      19.31401838       0.38893140
390         36.93665592      17.31086180      19.22185965       0.40393447
391         36.56310573      17.14788580      19.01737319       0.39784674
392         35.91709532      16.70228988      18.84056294       0.37424250
393         35.56374389      16.24610218      18.96075747       0.35688424
394         35.75018101      15.95586200      19.45516678       0.33915222
395         36.09025679      15.82144965      19.94875290       0.32005425
396         36.52795092      15.82843671      20.40885288       0.29066133
397         36.77170449      15.82420244      20.70450141       0.24300064
398         36.51687364      15.72095039      20.60526446       0.19065879
399         35.96478129      15.46567562      20.34845626       0.15064941
400         35.47987303      15.18848998      20.16974280       0.12164025
401         35.13700464      14.85787471      20.16659207       0.11253786
402         34.84399513      14.45700339      20.27636580       0.11062595
403         34.68879199      14.15324864      20.43944543       0.09609793
404         34.94126452      13.99443815      20.87509951       0.07172686
405         35.41512747      13.80873931      21.54269718       0.06369097
406         35.87847136      13.55021141      22.25206169       0.07619825
407         36.32186243      13.23671120      23.00349358       0.08165765
408         36.66945241      13.01194126      23.59489997       0.06261118
409         36.61918900      12.89983924      23.68638525       0.03296451
410         36.07872565      12.83709738      23.23116523       0.01046304
411         35.64492371      12.75852326      22.88586674       0.00053371
412         35.81960980      12.69770147      23.12021847       0.00168986
413         36.63583175      12.75018186      23.88070223       0.00494765
414         37.50247038      12.79511808      24.70236786       0.00498444
415         38.22784394      12.74726566      25.47748258       0.00309569
416         38.94697168      12.68204843      26.26375871       0.00116453
417         39.64845152      12.71903677      26.92922089       0.00019386
418         40.07942789      12.76391877      27.31491725       0.00059187
419         39.98217016      12.65716767      27.32116342       0.00383906
420         39.66643061      12.45168459      27.20054142       0.01420460
421         39.24276342      12.26336202      26.94751080       0.03189060
422         38.89337750      12.05413884      26.79938766       0.03985100
423         38.76157767      11.55046164      27.18124468       0.02987135
424         39.11649379      10.83139648      28.27194928       0.01314804
425         39.73586318      10.15121906      29.58089951       0.00374461
426         40.20071085       9.73247799      30.46721990       0.00101297
427         40.34546142       9.61293165      30.73243717       0.00009261
428         40.19137573       9.58868563      30.60266077       0.00002933
429         39.80326237       9.61049985      30.19269670       0.00006582
430         39.38397599       9.69917524      29.68465513       0.00014562
431         38.98471205       9.71947091      29.26274651       0.00249463
432         38.35168755       9.55707590      28.78468194       0.00992971
433         37.52754181       9.18507618      28.32138494       0.02108068
434         36.70839307       8.69860992      27.97886558       0.03091758
435         36.15228822       8.19335534      27.92099809       0.03793479
436         35.73223395       7.64597538      28.04167886       0.04457971
437         35.24513518       7.00171883      28.18543003       0.05798631
438         34.62067420       6.36354088      28.18433894       0.07279438
439         34.12654151       5.94344237      28.09698032       0.08611882
440         33.58652231       5.71101203      27.77729261       0.09821767
441         32.84950438       5.54005819      27.17115060       0.13829560
442         32.16382426       5.44884174      26.51789909       0.19708343
443         31.71447303       5.41891295      26.04450355       0.25105652
444         31.26581220       5.33460937      25.62433421       0.30686862
445         30.69296284       5.19389843      25.11874808       0.38031634
446         30.08731644       5.07132209      24.53571516       0.48027920
447         29.59904425       4.98499658      24.02544846       0.58859922
448         29.36898642       4.86173258      23.77824844       0.72900540
449         29.31251688       4.72838228      23.72198728       0.86214733
450         29.56677434       4.62445112      23.91129638       1.03102684
451         30.21963645       4.57311112      24.44101922       1.20550610
452         31.07205921       4.50668658      25.22562076       1.33975187
453         31.75411240       4.36988032      25.91926286       1.46496922
454         32.28030116       4.27966057      26.44273733       1.55790326
455         32.81084373       4.28855338      26.86670173       1.65558863
456         33.29970856       4.40861911      27.16376235       1.72732711
457         33.34206422       4.61850199      26.90109611       1.82246612
458         33.33033127       4.94897107      26.42004482       1.96131538
459         33.62800555       5.39149685      26.12494158       2.11156712
460         34.38318667       5.85936163      26.25504950       2.26877554
461         35.20201576       6.11761238      26.61841188       2.46599149
462         35.83479406       6.16778506      27.05132075       2.61568824
463         36.30691227       6.11780778      27.52283698       2.66626751
464         36.85990659       6.06703560      28.10112347       2.69174752
465         37.11422524       5.91725538      28.48538286       2.71158700
466         37.08948224       5.70326143      28.58892309       2.79729773
467         37.17595626       5.61563388      28.58234212       2.97798026
468         37.54862088       5.67841348      28.69253256       3.17767485
469         38.10054419       5.85998864      28.95712284       3.28343272
470         38.61894320       5.92930862      29.26246110       3.42717347
471         39.19501072       5.88499294      29.70917619       3.60084158
472         39.30480193       5.70216508      29.97983937       3.62279749
473         39.20109173       5.42560765      30.24872357       3.52676050
474         39.09923748       5.20415631      30.60167465       3.29340652
475         39.30979382       5.06497287      31.16398961       3.08083133
476         39.60685452       4.99187440      31.59065683       3.02432328
477         39.81351277       4.95478235      31.76659871       3.09213170
478         40.00701411       4.95610015      31.91260807       3.13830589
479         40.08722277       4.99513596      31.99769703       3.09438978
480         39.98695068       4.99897948      32.03574467       2.95222653
481         40.00605935       4.89370288      32.33289330       2.77946318
482         40.57513113       4.73481733      33.25960550       2.58070830
483         41.66822870       4.68852050      34.59842091       2.38128729
484         43.12347827       4.80613825      36.09125764       2.22608238
485         44.86541704       5.04982496      37.70339535       2.11219672
486         46.66536906       5.26923458      39.42559863       1.97053585
487         48.19922627       5.42623951      41.03334006       1.73964670
488         49.11453139       5.51843041      42.15942845       1.43667252
489         49.45936798       5.59592530      42.75624062       1.10720205
490         49.67233010       5.66766269      43.14686106       0.85780635
491         49.97778725       5.85911623      43.39405733       0.72461369
492         50.24953030       6.17282030      43.39128473       0.68542527
493         50.47324987       6.45332940      43.32554075       0.69437972
494         50.49500718       6.52579667      43.26588326       0.70332725
495         50.34363859       6.38444853      43.28243455       0.67675551
496         50.34465676       6.24318156      43.48527889       0.61619632
497         50.82668768       6.12726831      44.13821155       0.56120782
498         51.43756568       5.94680844      44.99041244       0.50034480
499         51.70964534       5.69231172      45.60475156       0.41258206
500         51.99013891       5.41278246      46.26194688       0.31540957
501         52.38194104       5.20321269      46.88768339       0.29104496
502         52.55151158       5.06900049      47.14377413       0.33873696
503         52.25593512       4.81499866      47.01297330       0.42796317
504         51.42294153       4.50116165      46.38672898       0.53505091
505         50.29316642       4.14610087      45.47997532       0.66709023
506         49.33141635       3.84599942      44.68860517       0.79681176
507         48.82413822       3.61971351      44.32738234       0.87704236
508         48.88543554       3.40636538      44.61316458       0.86590558
509         48.79173472       3.19532288      44.79065570       0.80575613
510         48.64631284       3.00175861      44.87650025       0.76805398
511         48.50330292       2.89418678      44.85855330       0.75056284
512         48.14865290       2.82646212      44.56579481       0.75639597
513         47.75718680       2.76623517      44.19452495       0.79642668
514         47.27858754       2.70670897      43.67553532       0.89634325
515         46.95005563       2.70398956      43.20927651       1.03678956
516         46.70451613       2.79183583      42.72655519       1.18612511
517         46.42395613       2.95509250      42.22012894       1.24873469
518         46.09254275       3.08705610      41.76044746       1.24503919
519         45.79612897       3.12484510      41.47701288       1.19427098
520         45.83535884       3.14835096      41.51670948       1.17029840
521         46.17007983       3.16112708      41.83290382       1.17604894
522         46.41846396       3.08874548      42.13271361       1.19700488
523         46.21523634       2.90849950      42.10082483       1.20591201
524         45.78867414       2.76308706      41.82061428       1.20497280
525         45.24044703       2.77380781      41.27006760       1.19657162
526         44.59075679       2.86256337      40.47897021       1.24922320
527         44.00739123       2.94863586      39.73023973       1.32851564
528         43.56035347       3.02425052      39.20470268       1.33140026
529         43.63975410       3.10929150      39.32907049       1.20139211
530         44.05449452       3.16051464      39.89183149       1.00214839
531         44.52698322       3.16221528      40.56186717       0.80290076
532         44.70027612       3.14185498      40.92209632       0.63632481
533         44.81684180       3.19173432      41.09402587       0.53108161
534         45.18527729       3.29058570      41.41304555       0.48164605
535         45.82067489       3.39567578      41.95758949       0.46740962
536         46.74276573       3.53084626      42.74328871       0.46863076
537         47.65388162       3.72060591      43.46891302       0.46436270
538         48.54959435       3.98224100      44.11971103       0.44764233
539         49.33449632       4.30152499      44.60518663       0.42778470
540         50.24655664       4.62072156      45.21712460       0.40871049
541         51.22188572       4.93590659      45.94040368       0.34557545
542         52.16295524       5.22190719      46.71913882       0.22190923
543         52.63328271       5.27268025      47.24728799       0.11331447
544         52.63447436       4.91952861      47.66432843       0.05061732
545         52.60002096       4.36264375      48.22307472       0.01430249
546         53.10830916       4.01854561      49.08785813       0.00190542
547         53.67733029       3.94774471      49.72840395       0.00118164
548         54.03081299       4.02691308      50.00025071       0.00364920
549         54.21980226       4.12608341      50.09138589       0.00233296
550         53.94418877       4.19426636      49.74990083       0.00002158
551         53.39312384       4.19820479      49.19111309       0.00380596
552         52.84623180       4.11022332      48.72617445       0.00983404
553         52.93920659       4.02451998      48.90187152       0.01281509
554         53.73394462       3.91997997      49.80191307       0.01205158
555         54.77882937       3.74776340      51.01898342       0.01208255
556         55.56006486       3.52145082      52.01884906       0.01976497
557         55.80908541       3.34489807      52.42147521       0.04271213
558         55.75146027       3.28993719      52.37190109       0.08962198
559         55.47963686       3.33495801      51.98835197       0.15632689
560         55.02616906       3.41729922      51.39139192       0.21747792
561         54.48087589       3.51331006      50.72873418       0.23883166
562         53.95145496       3.55113100      50.17470148       0.22562248
563         53.29670018       3.44018440      49.66975857       0.18675721
564         52.80001149       3.21445735      49.44284925       0.14270489
565         52.50366385       2.92387213      49.47599315       0.10379857
566         52.35452448       2.60216349      49.66769165       0.08466935
567         52.10782133       2.27191178      49.74829211       0.08761743
568         51.58253098       2.09487699      49.37807198       0.10958201
569         50.70828936       2.08036291      48.48972100       0.13820545
570         49.75798540       2.23374821      47.36092254       0.16331465
571         48.78115919       2.43613291      46.16238408       0.18264220
572         47.66005522       2.58422832      44.88408624       0.19174066
573         46.65135323       2.59863179      43.87367803       0.17904341
574         45.96816277       2.53121711      43.25289950       0.18404617
575         45.66373788       2.51041126      42.94499329       0.20833332
576         45.42737432       2.54227533      42.64128436       0.24381463
577         45.11211595       2.56650297      42.29297371       0.25263927
578         44.90641978       2.52724624      42.15844866       0.22072488
579         44.74157548       2.44958205      42.08701425       0.20497918
580         44.52084565       2.36009248      41.93930533       0.22144783
581         43.91012889       2.36131676      41.28932735       0.25948477
582         43.09894870       2.43668154      40.37920536       0.28306181
583         42.48902943       2.50023499      39.69804916       0.29074528
584         42.40427874       2.51898084      39.59480380       0.29049410
585         42.76963081       2.54755251      39.93677477       0.28530353
586         43.07738365       2.61073121      40.17172419       0.29492825
587         43.07020050       2.63983820      40.09453794       0.33582435
588         42.94070194       2.59402669      39.96101874       0.38565651
589         42.57575559       2.48304725      39.66165393       0.43105441
590         42.05172752       2.38228998      39.17956395       0.48987359
591         41.85488124       2.38215249      38.90466214       0.56806661
592         42.41002866       2.45243674      39.33388548       0.62370644
593         43.34850742       2.52248047      40.23020368       0.59582326
594         43.75984043       2.55236327      40.67122336       0.53625380
595         43.46333951       2.56196595      40.41902207       0.48235150
596         42.95522318       2.54652048      39.98567211       0.42303059
597         42.74768379       2.51448049      39.86102156       0.37218174
598         43.00172416       2.51094553      40.12770308       0.36307555
599         43.58204573       2.61857001      40.58253128       0.38094444
600         44.19184299       2.78518829      41.01162714       0.39502756
601         44.72871761       2.93376835      41.36180607       0.43314319
602         45.25377939       2.95306119      41.79735328       0.50336492
603         46.09223093       2.85900713      42.63805114       0.59517266
604         47.26817768       2.75640692      43.80034450       0.71142626
605         48.34875986       2.70645880      44.80692403       0.83537703
606         49.16358746       2.66160806      45.57257034       0.92940906
607         49.59691532       2.58301100      46.02059599       0.99330833
608         49.77031890       2.55757104      46.21283704       0.99991082
609         49.93399335       2.58399510      46.32848499       1.02151326
610         50.25040727       2.62305395      46.55041904       1.07693428
611         50.16539244       2.57822737      46.49046428       1.09670079
612         49.74345424       2.45822628      46.21001333       1.07521464
613         49.61292436       2.31255921      46.20321442       1.09715073
614         49.87797609       2.17207822      46.52619993       1.17969795
615         50.09365072       2.05228927      46.77206708       1.26929437
616         49.88388611       1.90892608      46.66356421       1.31139582
617         49.29270046       1.73156123      46.23734341       1.32379582
618         48.64651129       1.55498097      45.69807631       1.39345401
619         48.07979957       1.47020761      45.08699881       1.52259314
620         47.80393860       1.45673021      44.66596222       1.68124617
621         47.88862626       1.41633023      44.73181766       1.74047837
622         48.21194575       1.33334389      45.14206825       1.73653361
623         48.22688745       1.28763632      45.21984047       1.71941066
624         47.74801890       1.26244415      44.80053650       1.68503825
625         47.34774300       1.17685313      44.53768694       1.63320292
626         47.38534149       1.05260408      44.68309734       1.64964008
627         47.51691666       0.96647940      44.85688091       1.69355635
628         46.94610105       0.96219361      44.22265787       1.76124956
629         46.05846211       1.03323631      43.13425600       1.89096981
630         45.61222668       1.14668396      42.36903229       2.09651044
631         45.90439469       1.31352928      42.26835214       2.32251327
632         46.26273495       1.44869215      42.45032027       2.36372252
633         45.93821442       1.45046249      42.28895333       2.19879860
634         45.06669080       1.38943652      41.68220493       1.99504935
635         44.45210327       1.34808201      41.27136375       1.83265750
636         44.63286132       1.34819255      41.59535771       1.68931107
637         45.24745194       1.40662157      42.34036655       1.50046382
638         45.58656315       1.53770706      42.69350818       1.35534790
639         45.41344009       1.72079500      42.41773967       1.27490543
640         44.85296728       1.91512136      41.76993003       1.16791588
641         44.42514381       2.07662983      41.33227514       1.01623884
642         43.93668495       2.14825890      40.91494040       0.87348565
643         43.23825428       2.13915336      40.39946427       0.69963664
644         43.03879190       2.16996675      40.33666174       0.53216341
645         43.24631360       2.33607494      40.50204501       0.40819364
646         43.26426102       2.50925505      40.42122767       0.33377830
647         43.03412706       2.68559789      40.05137554       0.29715363
648         42.67295529       2.95272734      39.44970167       0.27052628
649         42.35951014       3.14537741      38.96412776       0.25000497
650         41.77834504       3.20511147      38.36019972       0.21303386
651         41.15025988       3.22826086      37.74861533       0.17338368
652         40.70898771       3.27699974      37.27273454       0.15925342
653         40.77977587       3.34738629      37.26720947       0.16518011
654         41.07818877       3.38314305      37.50931884       0.18572687
655         41.36159357       3.28169134      37.88747496       0.19242727
656         41.58403125       3.07344292      38.33424293       0.17634540
657         42.03938891       2.90816487      38.99053243       0.14069161
658         42.63499178       2.87236714      39.65724185       0.10538279
659         43.34730539       2.87872506      40.38111998       0.08746035
660         44.14884594       2.83169374      41.24073937       0.07641283
661         45.02525837       2.72090491      42.24002842       0.06432503
662         45.94165967       2.55415668      43.34248331       0.04501968
663         46.46906384       2.43596444      43.99958329       0.03351611
664         46.49222156       2.40350534      44.06271422       0.02600199
665         46.29979962       2.36862756      43.90679984       0.02437222
666         46.00266333       2.31040280      43.66551796       0.02674257
667         45.83500698       2.28826126      43.51009375       0.03665197
668         45.76223592       2.28929528      43.41812134       0.05481931
669         45.97992848       2.31888390      43.58127321       0.07977137
670         46.42813657       2.36692723      43.95294224       0.10826709
671         46.83356865       2.40274692      44.30961450       0.12120723
672         46.99575918       2.40055143      44.47728202       0.11792574
673         46.74457947       2.47709341      44.15893901       0.10854705
674         46.50439181       2.63795759      43.78212111       0.08431311
675         46.62983454       2.69474169      43.88793039       0.04716246
676         47.22941980       2.57754715      44.63322186       0.01865079
677         47.88588063       2.46569561      45.41382165       0.00636336
678         48.06866762       2.62740113      45.43746830       0.00379819
679         48.17915369       2.84724219      45.32757152       0.00433998
680         48.31789498       3.02419543      45.28838657       0.00531298
681         48.79027730       3.03042266      45.75390217       0.00595247
682         49.52262592       3.01478957      46.50136849       0.00646786
683         50.19799331       3.04101118      47.15155543       0.00542669
684         50.65311213       3.16969626      47.47579986       0.00761601
685         50.88343622       3.40363557      47.46345386       0.01634679
686         50.54188096       3.61274169      46.89437017       0.03476910
687         50.10229396       3.79092173      46.25543484       0.05593739
688         49.56111992       3.86209157      45.63885151       0.06017683
689         49.15277031       3.86113217      45.25427064       0.03736750
690         49.12081953       3.80921111      45.29753144       0.01407698
691         49.51017224       3.67929152      45.82902981       0.00185091
692         49.73252474       3.46919535      46.26251645       0.00081293
693         49.13507098       3.24103735      45.88805851       0.00597512
694         47.70308403       3.12766798      44.56532123       0.01009482
695         46.53364311       3.19231751      43.32970910       0.01161650
696         46.45991856       3.38197698      43.06781851       0.01012306
697         47.22434002       3.57965999      43.63937882       0.00530120
698         48.20612144       3.66740160      44.53705722       0.00166262
699         48.59596311       3.56138049      45.03457264       0.00000998
700         48.24531675       3.36051929      44.88387922       0.00091824
701         47.47865763       3.19765409      44.28035050       0.00065304
702         46.90389100       3.10899573      43.79489036       0.00000491
703         46.48426666       3.00111923      43.48305043       0.00009701
704         46.26827494       2.83862871      43.42964260       0.00000363
705         46.13786592       2.62279771      43.51457916       0.00048905
706         45.89110280       2.39502190      43.49535562       0.00072528
707         45.54454032       2.15742411      43.38698669       0.00012952
708         45.56856077       1.92128252      43.64607810       0.00120014
709         46.11750023       1.70145913      44.40673489       0.00930621
710         46.87098495       1.48181099      45.37032469       0.01884927
711         47.48878532       1.24445281      46.22181532       0.02251719
712         47.77678334       1.02046911      46.73173068       0.02458355
713         48.24242106       0.90180806      47.30889116       0.03172184
714         48.51857994       0.86011821      47.61504417       0.04341756
715         48.35097632       0.87050686      47.42799014       0.05247933
716         47.99300221       0.92408031      47.01663863       0.05228327
717         47.76853936       0.97908678      46.75381171       0.03564087
718         47.69765304       1.01333162      46.66515299       0.01916843
719         47.59253378       1.04758156      46.53413761       0.01081461
720         47.28919870       1.10782786      46.17323397       0.00813687
721         47.02020465       1.20898848      45.80347107       0.00774511
722         47.15313278       1.34015547      45.80454296       0.00843435
723         47.84926622       1.41262771      46.42652336       0.01011515
724         48.73511016       1.45160027      47.27097019       0.01253970
725         49.16702597       1.49447312      47.65537113       0.01718172
726         49.14507642       1.53890148      47.58108484       0.02509011
727         49.08089479       1.56121836      47.48433274       0.03534369
728         49.09216076       1.61542351      47.42713769       0.04959955
729         49.06006511       1.69212151      47.30305303       0.06489057
730         48.82686693       1.72247710      47.03675170       0.06763813
731         48.28460566       1.62007770      46.60998791       0.05454005
732         47.67538649       1.46837296      46.16525308       0.04176045
733         47.70260425       1.37057497      46.29082329       0.04120600
734         48.70870727       1.33874580      47.30683118       0.06313030
735         49.82223154       1.34313172      48.37062163       0.10847818
736         50.27733391       1.34962338      48.77085375       0.15685678
737         50.24182505       1.35738948      48.68336195       0.20107363
738         50.16405182       1.36469479      48.57284650       0.22651053
739         50.16643447       1.36420403      48.55808541       0.24414504
740         50.15988681       1.32544278      48.54768248       0.28676155
741         50.51108495       1.28872086      48.84627392       0.37609017
742         51.27442192       1.28278333      49.51548184       0.47615676
743         52.07002308       1.30472652      50.17522395       0.59007261
744         52.21681886       1.30457725      50.17315575       0.73908586
745         51.87764168       1.29527100      49.71467990       0.86769078
746         51.20058850       1.27885194      48.99927214       0.92246441
747         50.42072404       1.22447632      48.24938033       0.94686739
748         50.05453793       1.13083128      47.93034253       0.99336413
749         50.24816086       0.96359508      48.24996979       1.03459599
750         50.95974320       0.75816781      49.14848628       1.05308911
751         51.63653599       0.60027560      49.95766003       1.07860035
752         52.02565490       0.54548040      50.38638334       1.09379116
753         52.18610223       0.56535669      50.52063305       1.10011248
754         51.80640046       0.61425389      50.11657103       1.07557554
755         50.94117170       0.67548118      49.22447181       1.04121871
756         50.45840754       0.68936405      48.67938662       1.08965687
757         50.81034131       0.62471016      48.96040788       1.22522327
758         51.35158802       0.52137632      49.44680219       1.38340951
759         51.27783941       0.43407809      49.40695417       1.43680716
760         50.58032009       0.37421509      48.78752631       1.41857869
761         49.93481359       0.33794655      48.20526497       1.39160208
762         49.82780559       0.31298938      48.14775479       1.36706142
763         50.15630037       0.30621402      48.53379994       1.31628641
764         50.56193834       0.31203911      48.99510838       1.25479084
765         50.91743485       0.31732280      49.42870642       1.17140563
766         51.52307182       0.33607924      50.07671921       1.11027336
767         52.19087206       0.37725928      50.72057450       1.09303828
768         52.56313483       0.41680088      51.05381745       1.09251650
769         52.94320862       0.38536099      51.47598360       1.08186403
770         53.19891161       0.28997269      51.81104593       1.09789299
771         52.90540767       0.20616494      51.52430045       1.17494229
772         52.27421795       0.16525845      50.83636725       1.27259226
773         51.52037151       0.15329926      50.02958347       1.33748878
774         51.01759448       0.14492957      49.53150533       1.34115957
775         50.81390730       0.15231694      49.32793433       1.33365603
776         51.17222498       0.17558588      49.61358868       1.38305042
777         52.13713081       0.16983731      50.41650111       1.55079239
778         53.56319625       0.13614221      51.59938212       1.82767192
779         54.89497047       0.10437777      52.67831302       2.11227968
780         55.56023305       0.09539801      53.18628641       2.27854862
781         55.38309175       0.09955355      52.96189782       2.32164039
782         54.95862995       0.10448338      52.53811760       2.31602897
783         54.75769436       0.10522501      52.35850091       2.29396845
784         54.86084374       0.11420006      52.44654937       2.30009431
785         55.01646269       0.13873558      52.53178247       2.34594465
786         55.28934147       0.18387959      52.69159901       2.41386288
787         55.72920898       0.23874258      53.00778273       2.48268367
788         56.62879805       0.29499184      53.73005536       2.60375085
789         57.81986228       0.32861835      54.74638499       2.74485893
790         58.78045237       0.33172799      55.66537321       2.78335118
791         59.32435594       0.34150827      56.30610889       2.67673879
792         59.59298643       0.37176571      56.63819892       2.58302180
793         59.74342807       0.49313540      56.70757148       2.54272119
794         59.76916731       0.71632191      56.52544838       2.52739701
795         59.67813903       0.95594537      56.22964219       2.49255147
796         59.87748659       1.10591361      56.33616732       2.43540566
797         60.61212343       1.14282739      57.11118584       2.35811020
798         61.98539043       1.14448434      58.58104616       2.25985993
799         63.78074634       1.14926108      60.54640971       2.08507555
800         65.31342186       1.20710359      62.22557822       1.88074004
801         66.47810941       1.37472014      63.35596683       1.74742244
802         67.59311850       1.62002615      64.18662369       1.78646866
803         68.80549219       1.86571300      64.99245381       1.94732539
804         70.06884330       2.11767014      65.87091315       2.08026001
805         71.10028139       2.40859241      66.57319411       2.11849486
806         71.50000665       2.71673950      66.74134770       2.04191945
807         71.46903831       2.95827995      66.59105703       1.91970133
808         71.35075833       3.10428678      66.47437379       1.77209775
809         71.67177531       3.23161013      66.77821244       1.66195274
810         72.41826636       3.27481611      67.57259062       1.57085963
811         73.58271178       3.30130930      68.74056658       1.54083589
812         74.62440390       3.34886783      69.67660877       1.59892730
813         75.49424092       3.41604144      70.39320614       1.68499333
814         76.03929306       3.53529501      70.75764708       1.74635096
815         76.52259225       3.55392181      71.25089866       1.71777178
816         77.30491657       3.40531157      72.28218679       1.61741821
817         77.91898368       3.32948024      73.10094682       1.48855663
818         78.56108458       3.45596179      73.67272835       1.43239444
819         79.22153018       3.61366903      74.09750527       1.51035588
820         80.00063702       3.74766928      74.69123159       1.56173614
821         80.89664482       3.77288183      75.70656049       1.41720251
822         82.26507600       3.77266331      77.26497566       1.22743703
823         83.43149364       3.84230101      78.41261466       1.17657797
824         84.43011196       3.91513248      79.34656238       1.16841710
825         84.76698198       3.97854740      79.67742205       1.11101253
826         84.66569939       4.04585724      79.60696013       1.01288202
827         84.96066383       4.07713363      79.98427030       0.89925990
828         85.22360846       4.04707566      80.38571148       0.79082132
829         85.85142633       4.12308879      80.99065665       0.73768088
830         86.38206484       4.11594086      81.67165386       0.59447011
831         87.09901467       4.16906485      82.45922618       0.47072365
832         87.70809307       4.32017239      83.03641513       0.35150554
833         88.48578214       4.51836934      83.66430148       0.30311131
834         89.22002133       4.82478753      84.10197748       0.29325632
835         89.84532724       5.15034888      84.40654578       0.28843257
836         90.29286984       5.44083863      84.56942128       0.28260994
837         90.75883375       5.57073956      84.92018842       0.26790577
838         91.57793657       5.49233759      85.84748632       0.23811266
839         92.53588395       5.30557721      87.03822830       0.19207845
840         93.49861707       5.21098231      88.12265131       0.16498346
841         94.44341109       5.35832594      88.92544053       0.15964462
842         95.23212970       5.59695523      89.48843641       0.14673806
843         95.56399135       5.75023633      89.69696032       0.11679470
844         95.85324230       5.82525739      89.94313788       0.08484703
845         96.17263156       5.73616305      90.37733633       0.05913217
846         96.46828352       5.52600445      90.89841716       0.04386191
847         96.78506873       5.43056454      91.32236378       0.03214041
848         97.33708592       5.67085378      91.64784141       0.01839073
849         98.12247929       6.19160594      91.92514642       0.00572694
850         98.54982434       6.64173423      91.90746495       0.00062516
851         98.74510439       6.93769508      91.80736747       0.00004184
852         98.93510214       7.15788020      91.77717866       0.00004327
853         99.20793996       7.35551315      91.85173974       0.00068707
854         99.92242223       7.53046784      92.39001592       0.00193848
855        101.05789256       7.72014988      93.33454268       0.00320000
856        102.87044851       8.03207185      94.83294474       0.00543192
857        105.04969647       8.49981284      96.54008376       0.00979986
858        106.91531178       9.01606496      97.88547323       0.01377359
859        107.93978806       9.44699969      98.46965611       0.02313226
860        108.33026531       9.67226875      98.59964591       0.05835065
861        108.68802663       9.74580563      98.81875391       0.12346709
862        109.08321629       9.70184006      99.21206186       0.16931437
863        109.28767305       9.49936877      99.62033166       0.16797263
864        109.42282543       9.27674304      99.99519026       0.15089214
865        110.17071533       9.37305785     100.63228331       0.16537418
866        111.71937321       9.81966762     101.68365954       0.21604605
867        113.64437843      10.39047337     102.98065702       0.27324804
868        114.97410011      10.82233940     103.84102244       0.31073827
869        115.59496719      10.91154129     104.36150005       0.32192585
870        115.87752163      10.67987844     104.87990165       0.31774153
871        116.27394064      10.35225606     105.61941727       0.30226731
872        116.76318531       9.99486367     106.48991998       0.27840167
873        117.08530768       9.66710518     107.15754258       0.26065992
874        117.43356502       9.43680136     107.73908260       0.25768107
875        118.06332994       9.37510326     108.41472911       0.27349757
876        118.91530517       9.59169362     109.00401874       0.31959281
877        119.29983885       9.94126838     108.96816108       0.39040939
878        118.94425208      10.23898652     108.22880215       0.47646341
879        117.75173101      10.39140084     106.81475420       0.54557598
880        115.97095713      10.37007028     105.02615972       0.57472713
881        114.11149453      10.09439345     103.43699934       0.58010174
882        112.14459142       9.41914647     102.17382227       0.55162267
883        110.38777379       8.63809573     101.22931640       0.52036166
884        109.99220968       8.27464984     101.23539049       0.48216935
885        111.08874196       8.41942393     102.24279424       0.42652379
886        111.82977120       8.66021680     102.78073908       0.38881531
887        111.55703869       8.74594132     102.43167597       0.37942139
888        110.59719569       8.68578867     101.52307787       0.38832916
889        109.43777666       8.51109276     100.50583506       0.42084884
890        107.95152085       8.18068369      99.28787115       0.48296601
891        106.50692943       7.76853329      98.16236215       0.57603399
892        105.07595015       7.41152116      96.97788207       0.68654692
893        103.73440360       7.28310497      95.68914508       0.76215355
894        102.57590547       7.42043189      94.37978641       0.77568716
895        101.70327800       7.70165117      93.24367836       0.75794847
896        100.98781524       7.97970419      92.23283557       0.77527548
897         99.76630115       7.94794198      90.94186699       0.87649218
898         98.18655217       7.54823314      89.62906360       1.00925544
899         96.87045562       6.96819105      88.82517461       1.07708997
900         96.19982706       6.51508324      88.61307780       1.07166602
901         95.54339258       6.27254349      88.22500218       1.04584691
902         94.43839885       6.11170921      87.33779961       0.98889003
903         93.35427350       5.95608921      86.49400016       0.90418413
904         93.24372358       5.77135226      86.61287801       0.85949331
905         93.45351721       5.63654297      86.94075897       0.87621527
906         93.06520759       5.48961175      86.66389725       0.91169859
907         92.19304636       5.32924007      85.90733858       0.95646771
908         91.38923242       5.18522740      85.21792843       0.98607659
909         90.99970074       5.02594352      85.01402761       0.95972960
910         91.20827734       4.92368274      85.39105730       0.89353730
911         91.85266213       4.92633517      86.08641054       0.83991642
912         92.27055150       4.90904559      86.51885082       0.84265510
913         92.69891788       4.68055138      87.13654624       0.88182026
914         92.79359013       4.25628943      87.64521374       0.89208696
915         92.59098215       3.95951214      87.75751856       0.87395146
916         92.77820046       3.90771527      88.04320291       0.82728228
917         93.24018137       3.88955521      88.56690895       0.78371721
918         93.17211137       3.75999483      88.66896637       0.74315017
919         92.77827969       3.59740500      88.45587121       0.72500348
920         92.65048302       3.50231331      88.41227022       0.73589949
921         92.93332893       3.46295424      88.65094915       0.81942553
922         93.29560783       3.44119963      88.87997097       0.97443723
923         93.34082366       3.42390548      88.73719147       1.17972671
924         92.86074975       3.38817031      88.06136077       1.41121867
925         92.61928489       3.46808639      87.54201512       1.60918338
926         92.18755357       3.63949698      86.85029132       1.69776527
927         91.52096927       3.90154572      85.88060476       1.73881878
928         91.16042481       4.21021757      85.15313589       1.79707135
929         91.07893992       4.42229831      84.77917883       1.87746278
930         90.46330775       4.45644585      84.07908142       1.92778049
931         89.32477548       4.44151570      82.91448183       1.96877795
932         88.68610960       4.52823866      82.21020684       1.94766411
933         89.24516822       4.68947063      82.66842289       1.88727470
934         90.86296707       4.91974620      84.14837668       1.79484419
935         92.54572254       5.28729449      85.51852486       1.73990319
936         93.27533352       5.72239296      85.73413464       1.81880592
937         93.07666648       6.12801504      84.94416755       2.00448389
938         92.31482532       6.41039547      83.80727039       2.09715945
939         91.30957652       6.56897044      82.80352347       1.93708261
940         90.20542130       6.66425491      81.83866325       1.70250314
941         89.25527055       6.73732811      80.98042276       1.53751967
942         88.83689078       6.74211345      80.58549036       1.50928697
943         89.00127039       6.64025395      80.83800512       1.52301133
944         89.38444660       6.56089260      81.33432599       1.48922801
945         89.24805565       6.69327113      81.19318088       1.36160364
946         88.30271953       7.01374157      80.12776498       1.16121299
947         87.45002277       7.25766628      79.25097574       0.94138075
948         87.38556995       7.41475062      79.21995959       0.75085974
949         87.39096870       7.42478256      79.34932236       0.61686378
950         87.03188426       7.26461206      79.26390792       0.50336427
951         86.37988026       7.04980416      78.95847666       0.37159944
952         85.58828333       6.86706391      78.48694187       0.23427755
953         84.56736575       6.54418018      77.88519095       0.13799463
954         83.51795770       6.14667793      77.27909612       0.09218365
955         82.94835712       5.92841909      76.95615428       0.06378375
956         82.68175469       5.96784386      76.67648857       0.03742226
957         82.20545776       6.11787244      76.07278999       0.01479534
958         81.64390801       6.21175155      75.42831603       0.00384043
959         80.98261263       6.18654528      74.79570556       0.00036179
960         80.38801847       6.05046904      74.33705235       0.00049707
961         79.99573841       5.93625318      74.05624517       0.00324006
962         79.75807683       5.89430451      73.85788842       0.00588389
963         79.43505300       5.87194210      73.55579323       0.00731766
964         78.58925654       5.79170267      72.78829446       0.00925942
965         76.54998507       5.61100461      70.92473916       0.01424130
966         73.77698888       5.44500029      68.31191702       0.02007156
967         71.86456153       5.40121737      66.44536565       0.01797851
968         71.27303480       5.47089041      65.79327724       0.00886715
969         71.22086544       5.58691058      65.63206253       0.00189234
970         71.16564199       5.60560022      65.56004175       0.00000002
971         71.01924279       5.50210564      65.51645714       0.00068001
972         70.61315361       5.35392056      65.25844409       0.00078895
973         69.92370112       5.26328968      64.65965958       0.00075185
974         69.18605338       5.27574515      63.89693081       0.01337741
975         68.15697337       5.31064697      62.81317300       0.03315341
976         66.96622392       5.27010855      61.66045117       0.03566420
977         65.68622851       5.11500554      60.54323363       0.02798933
978         64.54561371       4.91909820      59.60237247       0.02414304
979         63.30164561       4.75128935      58.52056548       0.02979077
980         62.41031620       4.65461100      57.72611368       0.02959152
981         61.82264198       4.59019617      57.21490505       0.01754077
982         61.20641251       4.54220031      56.65631129       0.00790092
983         60.32567902       4.41457776      55.89960184       0.01149942
984         59.43691330       4.21988538      55.18427536       0.03275256
985         59.03396383       4.00055718      54.96737984       0.06602681
986         59.24497590       3.84736915      55.29175666       0.10585009
987         59.52836336       3.77300183      55.62641953       0.12894200
988         59.52902329       3.70790771      55.70659915       0.11451643
989         59.80321542       3.65150063      56.07424091       0.07747388
990         60.56023173       3.58834468      56.93460224       0.03728481
991         61.74494598       3.61118634      58.11703305       0.01672659
992         63.02750180       3.73757744      59.27694922       0.01297515
993         64.22472678       3.91320877      60.28879373       0.02272428
994         65.45881354       4.10901660      61.30944466       0.04035229
995         66.84578351       4.34946112      62.44459842       0.05172398
996         68.15671350       4.58994966      63.50705973       0.05970411
997         69.08002842       4.78728558      64.22050785       0.07223499
998         69.61816758       4.89724450      64.63009382       0.09082925
999         70.18022728       4.88906740      65.17954730       0.11161259
1000        70.75816176       4.79980155      65.81802164       0.14033856
