0      354         -7.49861352       1.87619831      -0.47151139
1      354         -7.59280179       1.90884335      -0.51731824
2      354         -7.64742216       1.95112965      -0.55594347
3      354         -7.67519916       1.99157899      -0.57368130
4      354         -7.69056601       2.01636304      -0.54926736
5      354         -7.70344466       2.02580203      -0.49370729
6      354         -7.71926647       2.02768186      -0.42082716
7      354         -7.72683741       2.03723849      -0.34687772
8      354         -7.72493341       2.05801001      -0.26101029
9      354         -7.72935597       2.08140707      -0.16954389
10     354         -7.74303420       2.10740718      -0.09030171
11     354         -7.73456368       2.12046361      -0.05042886
12     354         -7.71366155       2.13153549      -0.05702310
13     354         -7.71946764       2.13144233      -0.09064265
14     354         -7.77823906       2.11932450      -0.12502959
15     354         -7.86274232       2.10453374      -0.13516041
16     354         -7.93258024       2.09048877      -0.11414699
17     354         -7.96538240       2.08395321      -0.05367249
18     354         -7.98310515       2.08150833       0.02431019
19     354         -7.99977715       2.07860971       0.11235992
20     354         -8.00238202       2.08327668       0.21810402
21     354         -7.98517664       2.10602421       0.34456552
22     354         -7.96763261       2.14188632       0.46421316
23     354         -7.96547361       2.21040945       0.55824178
24     354         -7.95596961       2.30650627       0.64070228
25     354         -7.92156520       2.38583826       0.70602517
26     354         -7.86817469       2.41537416       0.75362920
27     354         -7.80837189       2.43041911       0.79982957
28     354         -7.72700769       2.46133991       0.86386107
29     354         -7.64205503       2.50751794       0.92977704
30     354         -7.57168808       2.53232907       0.97349751
31     354         -7.53580246       2.52986694       0.98611384
32     354         -7.52683483       2.52522583       0.98039960
33     354         -7.54296756       2.54231867       0.95968096
34     354         -7.55756914       2.57466161       0.93521645
35     354         -7.53789224       2.60579210       0.91981015
36     354         -7.50277067       2.62058124       0.91133210
37     354         -7.47267616       2.62046568       0.89354265
38     354         -7.44139064       2.60472707       0.84701285
39     354         -7.38559261       2.58332191       0.79897787
40     354         -7.33372077       2.57559619       0.77779067
41     354         -7.30485846       2.59140521       0.79762307
42     354         -7.28828278       2.61620277       0.83177675
43     354         -7.25740876       2.60939265       0.83638834
44     354         -7.20139916       2.57230333       0.79580053
45     354         -7.13468987       2.55024801       0.74191177
46     354         -7.08906724       2.59476614       0.72961083
47     354         -7.08054284       2.71959019       0.74816090
48     354         -7.09233494       2.84824771       0.76159090
49     354         -7.12555516       2.93818567       0.76209962
50     354         -7.17065341       2.99623221       0.74542352
51     354         -7.21772185       3.04355470       0.69930546
52     354         -7.26546382       3.07774638       0.62749476
53     354         -7.28432654       3.10092091       0.55146848
54     354         -7.25216689       3.12324214       0.47377485
55     354         -7.19955538       3.15175874       0.41366246
56     354         -7.17662744       3.20756054       0.39028240
57     354         -7.20856285       3.29283172       0.39182736
58     354         -7.27732627       3.38100897       0.39558488
59     354         -7.36015281       3.45177131       0.40856885
60     354         -7.44610334       3.49478724       0.41994155
61     354         -7.51566315       3.51320523       0.40882972
62     354         -7.55665057       3.52133882       0.37589773
63     354         -7.57786765       3.53351024       0.36386798
64     354         -7.59828597       3.55157630       0.39545521
65     354         -7.62548414       3.56886786       0.42791388
66     354         -7.66430574       3.56204548       0.43480137
67     354         -7.72636012       3.56683948       0.44631246
68     354         -7.77960928       3.59055029       0.46916812
69     354         -7.78563285       3.60165639       0.48839915
70     354         -7.74004395       3.57669391       0.49315584
71     354         -7.67243071       3.55410642       0.47307550
72     354         -7.61125739       3.56270095       0.42712466
73     354         -7.58446464       3.59217604       0.38537966
74     354         -7.59834145       3.64447693       0.35961428
75     354         -7.63732327       3.71414997       0.34446420
76     354         -7.67888513       3.78784506       0.33161083
77     354         -7.72473096       3.85193974       0.30424388
78     354         -7.77517618       3.89756389       0.27071783
79     354         -7.81199681       3.94274890       0.26603725
80     354         -7.81267898       3.99066187       0.31511434
81     354         -7.78342131       3.99423390       0.38915079
82     354         -7.76474753       3.94942355       0.44103668
83     354         -7.80157009       3.90969755       0.45758738
84     354         -7.90291183       3.88902087       0.46955924
85     354         -8.02257841       3.87966268       0.50303486
86     354         -8.10007976       3.85951055       0.54705691
87     354         -8.13059628       3.81449939       0.57726808
88     354         -8.11117769       3.76202303       0.58681730
89     354         -8.07558000       3.73293968       0.60378556
90     354         -8.07546725       3.74606199       0.64354425
91     354         -8.10477847       3.77950499       0.67434083
92     354         -8.14171196       3.77817058       0.69760176
93     354         -8.15537804       3.71144458       0.70328382
94     354         -8.14084867       3.63811182       0.67802914
95     354         -8.09882313       3.59620433       0.64229959
96     354         -8.03931105       3.56913195       0.64940598
97     354         -7.97800122       3.55051524       0.71364075
98     354         -7.94256738       3.57034752       0.79217541
99     354         -7.90805176       3.61543856       0.84410169
100    354         -7.87226656       3.64058249       0.86945130
101    354         -7.83460914       3.63134737       0.86765850
102    354         -7.80340128       3.61116102       0.81355445
103    354         -7.79590602       3.60559615       0.71169642
104    354         -7.81776981       3.60189900       0.61685150
105    354         -7.83680695       3.56401757       0.57084507
106    354         -7.83876476       3.49346181       0.57637931
107    354         -7.82324107       3.41795008       0.59688919
108    354         -7.80678475       3.37938624       0.59116761
109    354         -7.78407490       3.37026237       0.55756320
110    354         -7.76292643       3.38325768       0.54869832
111    354         -7.74841515       3.40224943       0.56146842
112    354         -7.74408847       3.43353769       0.56824273
113    354         -7.75246506       3.46361386       0.54515898
114    354         -7.77250011       3.45090024       0.50769760
115    354         -7.80802787       3.37314395       0.47038763
116    354         -7.86410744       3.26404932       0.42708809
117    354         -7.91998522       3.15028954       0.37577476
118    354         -7.94419114       3.06863425       0.31964484
119    354         -7.90878563       3.02504971       0.27988881
120    354         -7.86631222       2.99003927       0.24432292
121    354         -7.86085586       2.98034994       0.21486784
122    354         -7.86461494       3.00275602       0.18330207
123    354         -7.84945576       3.03575058       0.13409205
124    354         -7.86742144       3.04468541       0.07863317
125    354         -7.94109610       3.02203445       0.02266146
126    354         -8.02786498       2.97458028      -0.01390843
127    354         -8.07492661       2.94347779      -0.03918331
128    354         -8.08581376       2.94982400      -0.06051335
129    354         -8.10022220       2.96617543      -0.08630764
130    354         -8.12978683       2.98640927      -0.11907066
131    354         -8.14836628       3.03341327      -0.15388214
132    354         -8.14343351       3.13279446      -0.20138719
133    354         -8.14754496       3.22280142      -0.27405537
134    354         -8.17272261       3.26692901      -0.34360768
135    354         -8.19464135       3.25449146      -0.36817897
136    354         -8.17452451       3.24077310      -0.39750952
137    354         -8.12845301       3.23719598      -0.46265613
138    354         -8.08983169       3.24515245      -0.53468659
139    354         -8.06372344       3.25654346      -0.59631553
140    354         -8.06240437       3.25465703      -0.65776009
141    354         -8.09311794       3.25906745      -0.73192250
142    354         -8.14137581       3.28236917      -0.82255324
143    354         -8.17599971       3.31992865      -0.91639219
144    354         -8.20293466       3.35201928      -0.98095109
145    354         -8.24895171       3.38019175      -1.02416871
146    354         -8.34731460       3.39337401      -1.05610364
147    354         -8.44926430       3.38098988      -1.07833554
148    354         -8.48803931       3.36132671      -1.09125897
149    354         -8.49076103       3.37575877      -1.09776516
150    354         -8.52035579       3.42730029      -1.09348230
151    354         -8.60051398       3.49382477      -1.09409046
152    354         -8.69407776       3.56217902      -1.11859674
153    354         -8.75320764       3.62681801      -1.12105164
154    354         -8.76579297       3.68681556      -1.10633280
155    354         -8.73787273       3.73668712      -1.10025121
156    354         -8.67107367       3.73986027      -1.11357893
157    354         -8.63041925       3.72567103      -1.09842438
158    354         -8.69325211       3.71850272      -1.07167523
159    354         -8.79498974       3.72749553      -1.03839410
160    354         -8.86154986       3.73839467      -0.99529301
161    354         -8.87781595       3.78060916      -0.97499307
162    354         -8.85935546       3.82972565      -0.99138091
163    354         -8.81752440       3.84693970      -1.00528057
164    354         -8.77514946       3.84211949      -0.99713380
165    354         -8.73830949       3.83504725      -0.99067670
166    354         -8.72899556       3.84068063      -0.99431700
167    354         -8.74100099       3.85018009      -0.99430631
168    354         -8.75714616       3.85684438      -0.98262035
169    354         -8.77560576       3.87668537      -0.96405392
170    354         -8.81335353       3.90177712      -0.93141547
171    354         -8.88076971       3.91503355      -0.87947078
172    354         -8.93988003       3.92406850      -0.83302180
173    354         -8.97903642       3.95145804      -0.81473708
174    354         -9.01027879       4.00282393      -0.82098102
175    354         -9.05655042       4.06882236      -0.84301195
176    354         -9.12419417       4.12829989      -0.86417606
177    354         -9.20792640       4.15818443      -0.86532380
178    354         -9.30058755       4.16268548      -0.83911257
179    354         -9.39071999       4.16947062      -0.80288061
180    354         -9.49459347       4.19489510      -0.77019998
181    354         -9.60278541       4.24221518      -0.74087632
182    354         -9.71259655       4.30628015      -0.72522082
183    354         -9.79956656       4.36503873      -0.74025592
184    354         -9.85030509       4.39986810      -0.80676151
185    354         -9.88794054       4.42307630      -0.89116961
186    354         -9.92195395       4.43332961      -0.96563391
187    354         -9.95661338       4.42273592      -1.01930972
188    354         -9.99694195       4.42208133      -1.06312721
189    354        -10.04815869       4.44668639      -1.11296249
190    354        -10.08231796       4.49020757      -1.16644595
191    354        -10.08779779       4.52994240      -1.21171722
192    354        -10.08154269       4.55747092      -1.24576160
193    354        -10.06278938       4.58013038      -1.26989599
194    354        -10.04763098       4.60869439      -1.28565353
195    354        -10.05810136       4.61892283      -1.30157330
196    354        -10.07480758       4.58173879      -1.28757062
197    354        -10.09138166       4.55846306      -1.26949946
198    354        -10.10856901       4.59347878      -1.26620682
199    354        -10.08542896       4.66911627      -1.26304572
200    354        -10.02933050       4.74487254      -1.25835447
201    354        -10.00507662       4.79026262      -1.26300191
202    354        -10.01021884       4.81179514      -1.27403530
203    354        -10.01004167       4.81200793      -1.27294811
204    354        -10.01829556       4.79360905      -1.26477187
205    354        -10.04040357       4.77400285      -1.25623887
206    354        -10.04477029       4.76324538      -1.23438141
207    354        -10.02626899       4.75306870      -1.20772491
208    354        -10.01987916       4.73257290      -1.19037474
209    354        -10.01904500       4.71441742      -1.20219964
210    354        -10.00444773       4.72149554      -1.22943659
211    354         -9.99162505       4.73430343      -1.21692737
212    354        -10.03622841       4.73997339      -1.15582529
213    354        -10.12610267       4.72963539      -1.09529051
214    354        -10.20190730       4.70529539      -1.08399054
215    354        -10.24874717       4.67620121      -1.09583062
216    354        -10.28952528       4.65326403      -1.07060105
217    354        -10.32679765       4.63585201      -1.01531172
218    354        -10.32883867       4.63371737      -0.98915742
219    354        -10.29335217       4.63822360      -0.99953663
220    354        -10.26556575       4.65541774      -0.99079738
221    354        -10.24426204       4.67452990      -0.93246160
222    354        -10.22709373       4.68243774      -0.86570099
223    354        -10.21719515       4.68167018      -0.82729980
224    354        -10.21456776       4.68206828      -0.80811152
225    354        -10.23641290       4.68639986      -0.77777676
226    354        -10.31328684       4.68499826      -0.73119855
227    354        -10.40652805       4.69573217      -0.66652552
228    354        -10.47132598       4.73704315      -0.62507899
229    354        -10.50668637       4.79491029      -0.65528736
230    354        -10.50745892       4.84562095      -0.72604002
231    354        -10.48844759       4.88618574      -0.79951615
232    354        -10.45911309       4.92951292      -0.85264897
233    354        -10.43508476       4.98280319      -0.86077022
234    354        -10.41505219       5.04090951      -0.82966680
235    354        -10.39707810       5.09367835      -0.79215733
236    354        -10.40418087       5.12772674      -0.77397158
237    354        -10.43422209       5.16013054      -0.77764253
238    354        -10.48516276       5.19477873      -0.78719857
239    354        -10.56785193       5.24649360      -0.79835073
240    354        -10.64978248       5.30980951      -0.81175909
241    354        -10.69670351       5.36983662      -0.82196995
242    354        -10.71587639       5.42570091      -0.82560214
243    354        -10.71558919       5.46621480      -0.80109346
244    354        -10.70510200       5.48606065      -0.77856263
245    354        -10.69368073       5.48879165      -0.76837209
246    354        -10.68620975       5.47580499      -0.76795899
247    354        -10.70289412       5.45817429      -0.77820237
248    354        -10.75538581       5.45471777      -0.80310192
249    354        -10.82064704       5.45486709      -0.81707161
250    354        -10.88351336       5.44718085      -0.79731741
251    354        -10.96435279       5.45037599      -0.77431294
252    354        -11.04962925       5.49249897      -0.77102888
253    354        -11.11516146       5.55222650      -0.77298354
254    354        -11.12991132       5.61078149      -0.76258040
255    354        -11.10974629       5.67844888      -0.73539289
256    354        -11.09988146       5.76036184      -0.69675576
257    354        -11.10648321       5.82325825      -0.67111997
258    354        -11.13416131       5.85114318      -0.66778305
259    354        -11.16682225       5.84984520      -0.68379176
260    354        -11.19838242       5.82675684      -0.71408558
261    354        -11.21753098       5.78532256      -0.74535412
262    354        -11.22761402       5.75674610      -0.76193651
263    354        -11.22538021       5.77800642      -0.76267424
264    354        -11.20716267       5.82527419      -0.74735269
265    354        -11.18838313       5.85498169      -0.73949634
266    354        -11.19095616       5.86311093      -0.74916076
267    354        -11.21052615       5.84557597      -0.79928792
268    354        -11.25341164       5.82882161      -0.86415074
269    354        -11.29700203       5.82759160      -0.93221713
270    354        -11.32949988       5.83681527      -0.97333434
271    354        -11.31279157       5.87370411      -0.99129954
272    354        -11.27292102       5.90667693      -0.99297347
273    354        -11.24608579       5.90753819      -0.99507552
274    354        -11.24253721       5.88098301      -1.00813423
275    354        -11.24956252       5.84195439      -1.04388563
276    354        -11.24957942       5.81004091      -1.09648346
277    354        -11.22832897       5.79588490      -1.14338308
278    354        -11.19799093       5.80428318      -1.17923800
279    354        -11.18170547       5.81003441      -1.19767780
280    354        -11.18416527       5.78631835      -1.22092879
281    354        -11.20125358       5.78297422      -1.23729002
282    354        -11.22052245       5.81795126      -1.24902718
283    354        -11.23160883       5.88571724      -1.25216423
284    354        -11.25296596       5.97073467      -1.24953837
285    354        -11.29677756       6.07104180      -1.23907257
286    354        -11.33646515       6.14899281      -1.24185471
287    354        -11.34397655       6.15444629      -1.24956955
288    354        -11.35123524       6.11869327      -1.24835087
289    354        -11.41338089       6.12527940      -1.25931828
290    354        -11.52115000       6.18700088      -1.28160261
291    354        -11.61858898       6.27802551      -1.30784719
292    354        -11.69743635       6.39090079      -1.32942674
293    354        -11.77326586       6.52485798      -1.35198601
294    354        -11.86668414       6.65385516      -1.37841737
295    354        -11.97282426       6.73676360      -1.40069706
296    354        -12.08199171       6.76969487      -1.40351203
297    354        -12.17149582       6.79149170      -1.40330742
298    354        -12.24261697       6.82555104      -1.42624444
299    354        -12.30625458       6.91848156      -1.45402592
300    354        -12.36004705       7.07075170      -1.46519840
301    354        -12.39585880       7.20950120      -1.48279318
302    354        -12.41949614       7.29420999      -1.53912624
303    297        -10.65760883       8.62245628      -0.76992725
304    297        -10.66414367       8.62661154      -0.69430063
305    297        -10.66190809       8.64806635      -0.66032923
306    297        -10.64907507       8.65893479      -0.64785516
307    297        -10.62983652       8.65304115      -0.64519805
308    297        -10.61693084       8.61387378      -0.63098574
309    297        -10.62945198       8.55697824      -0.61009016
310    297        -10.66197218       8.49913061      -0.60994460
311    297        -10.67888310       8.45653865      -0.62134727
312    297        -10.69196410       8.42829656      -0.64130071
313    297        -10.69854329       8.41064934      -0.63759657
314    297        -10.69556559       8.35879710      -0.62799088
315    297        -10.69072523       8.28634995      -0.61427237
316    297        -10.72506283       8.21459591      -0.58375515
317    297        -10.80261319       8.14693721      -0.52540889
318    297        -10.91956125       8.08365036      -0.44421597
319    297        -11.04938453       8.03599085      -0.36629810
320    297        -11.13982368       8.00571666      -0.29421987
321    297        -11.17646085       7.98887031      -0.23300633
322    297        -11.18461364       7.97469440      -0.15958480
323    297        -11.17076520       7.96215990      -0.10232307
324    297        -11.16852766       7.93814770      -0.07872956
325    297        -11.19213163       7.92476962      -0.08692117
326    297        -11.20105574       7.91211902      -0.09365593
327    297        -11.18374761       7.89377587      -0.08983610
328    297        -11.17319554       7.87375524      -0.04865516
329    297        -11.18528239       7.85043894       0.00797159
330    297        -11.21735677       7.82936516       0.02668106
331    297        -11.24671783       7.80472073       0.03124913
332    297        -11.25237911       7.77773724       0.03083922
333    297        -11.21760551       7.74466013       0.03974391
334    297        -11.16976179       7.73191072       0.05138311
335    297        -11.14721017       7.72684234       0.06548576
336    297        -11.19369188       7.71470009       0.06403089
337    297        -11.28564618       7.68360611       0.07680044
338    297        -11.34113114       7.66411358       0.08607626
339    297        -11.33645783       7.66760003       0.08785618
340    297        -11.30605996       7.68969931       0.08645696
341    297        -11.28184428       7.72114103       0.06476480
342    297        -11.25300629       7.73627198       0.03164164
343    297        -11.22232937       7.69959660      -0.00965345
344    297        -11.21667894       7.62137298      -0.04106319
345    297        -11.25191957       7.56369208      -0.03887363
346    297        -11.28774529       7.54035146       0.00023139
347    297        -11.26596817       7.55066595       0.06943091
348    297        -11.18811968       7.58934558       0.13250538
349    297        -11.11216777       7.59882586       0.18251508
350    297        -11.08059755       7.55946127       0.22782179
351    297        -11.10036405       7.52155499       0.24819346
352    297        -11.15251315       7.52339647       0.23837047
353    297        -11.20964668       7.54380997       0.23424355
354    297        -11.25469692       7.54782852       0.24821427
355    297        -11.27297245       7.54353737       0.24324964
356    297        -11.24594447       7.55373464       0.21545152
357    297        -11.18994296       7.55529497       0.17801959
358    297        -11.13936895       7.54355567       0.14284184
359    297        -11.12645853       7.53142438       0.10296759
360    297        -11.15615746       7.54617748       0.07643666
361    297        -11.20915230       7.59169135       0.07997138
362    297        -11.26035087       7.62826809       0.13942412
363    297        -11.29116347       7.59128224       0.21348680
364    297        -11.30282087       7.48361181       0.26902742
365    297        -11.32144739       7.38787133       0.30514863
366    297        -11.35992160       7.33650156       0.32951714
367    297        -11.42654774       7.31109857       0.35356497
368    297        -11.49981454       7.30303664       0.36123368
369    297        -11.55411796       7.31685678       0.33443158
370    297        -11.61062731       7.33072155       0.28743235
371    297        -11.67988920       7.29434320       0.25450626
372    297        -11.72864422       7.18731873       0.24042664
373    297        -11.76139296       7.04731368       0.23246966
374    297        -11.79458744       6.92593335       0.20661430
375    297        -11.82685063       6.84307914       0.17401733
376    297        -11.83929867       6.76985922       0.14273726
377    297        -11.82528949       6.68440576       0.09355032
378    297        -11.81211956       6.57602697       0.02092721
379    297        -11.80872884       6.45496257      -0.05570552
380    297        -11.81251676       6.35741820      -0.07165620
381    297        -11.81998307       6.32144976      -0.00757353
382    297        -11.81125562       6.31451283       0.07890380
383    297        -11.78842893       6.30457298       0.14068740
384    297        -11.75486120       6.28273604       0.17520757
385    297        -11.69633343       6.26854467       0.17608608
386    297        -11.63405545       6.26177042       0.15068453
387    297        -11.60196011       6.26225936       0.14061625
388    297        -11.62962273       6.27097002       0.15213226
389    297        -11.65924590       6.26047244       0.16404700
390    297        -11.63961410       6.23708964       0.15923954
391    297        -11.58545703       6.21677004       0.14024224
392    297        -11.52925890       6.23059350       0.12588650
393    297        -11.49309246       6.28699946       0.11085638
394    297        -11.47623211       6.34260099       0.09422198
395    297        -11.47711031       6.39381415       0.06761877
396    297        -11.47657813       6.42641824       0.02143956
397    297        -11.46357889       6.41550051      -0.03486646
398    297        -11.43125584       6.38712463      -0.08337558
399    297        -11.39585485       6.36727199      -0.12274177
400    297        -11.35320490       6.36692120      -0.13604476
401    297        -11.30085015       6.37912689      -0.13890660
402    297        -11.26069388       6.39719880      -0.16151473
403    297        -11.23952760       6.44512592      -0.20369268
404    297        -11.21462473       6.51760943      -0.21914069
405    297        -11.17967470       6.59340741      -0.19547108
406    297        -11.13684265       6.67239405      -0.18575336
407    297        -11.10582037       6.73365649      -0.22128913
408    297        -11.09024814       6.74306437      -0.28995009
409    297        -11.08150305       6.69607022      -0.36922238
410    297        -11.07052103       6.66011582      -0.44840922
411    297        -11.06199695       6.68454714      -0.51261934
412    297        -11.06935320       6.76298685      -0.54185093
413    297        -11.07563995       6.84634598      -0.54211196
414    297        -11.06894483       6.92372073      -0.52715036
415    297        -11.05979990       7.00101623      -0.50563659
416    297        -11.06498938       7.06553554      -0.48543466
417    297        -11.07127622       7.10256581      -0.49583983
418    297        -11.05630486       7.10316334      -0.53347154
419    297        -11.02730798       7.09161214      -0.59069445
420    297        -11.00052186       7.06729750      -0.65009078
421    297        -10.97052061       7.05301081      -0.67113853
422    297        -10.89721053       7.08976184      -0.64434470
423    297        -10.78972222       7.19333563      -0.58617629
424    297        -10.68471130       7.31503086      -0.53270463
425    297        -10.61830549       7.39591025      -0.50333851
426    297        -10.59908633       7.41988275      -0.48113471
427    297        -10.59517381       7.40816548      -0.46609550
428    297        -10.59869414       7.37098645      -0.46339874
429    297        -10.61296341       7.32456092      -0.48357874
430    297        -10.61622012       7.28570351      -0.52145767
431    297        -10.59006559       7.24133409      -0.57115933
432    297        -10.52930258       7.19798231      -0.61670328
433    297        -10.44795411       7.16570354      -0.64734534
434    297        -10.36101729       7.16023068      -0.66627995
435    297        -10.26374921       7.17163775      -0.68265046
436    297        -10.14468964       7.18519351      -0.71231486
437    297        -10.02121949       7.18509075      -0.74131572
438    297         -9.93653115       7.17685679      -0.76497147
439    297         -9.88838590       7.14661505      -0.78490837
440    297         -9.85234634       7.08879369      -0.84339255
441    297         -9.83288894       7.02575160      -0.91545219
442    297         -9.82646939       6.97957989      -0.97256680
443    297         -9.80829085       6.93824673      -1.02546863
444    297         -9.77762612       6.88805905      -1.08820932
445    297         -9.75057313       6.82955224      -1.16453318
446    297         -9.73132411       6.77777443      -1.23871359
447    297         -9.70354721       6.75249285      -1.32532952
448    297         -9.67309789       6.74672059      -1.40003028
449    297         -9.64906722       6.76611614      -1.48690631
450    297         -9.63709689       6.81998423      -1.56946681
451    297         -9.62150932       6.89870971      -1.62898790
452    297         -9.58903939       6.96729474      -1.68187052
453    297         -9.56734757       7.01844853      -1.71967134
454    297         -9.56949579       7.05950823      -1.75820818
455    297         -9.59828471       7.08808495      -1.78578956
456    297         -9.64768355       7.06282497      -1.82149884
457    297         -9.72324182       7.01624158      -1.87198109
458    297         -9.82057322       6.98745467      -1.92463462
459    297         -9.91922535       7.00016645      -1.97775690
460    297         -9.97199428       7.03550174      -2.04185896
461    297         -9.98211610       7.07728673      -2.08882034
462    297         -9.97203378       7.12241952      -2.10438233
463    297         -9.96174884       7.17724759      -2.11216599
464    297         -9.93115445       7.21336824      -2.11820110
465    297         -9.88676373       7.22305936      -2.14402379
466    297         -9.86834639       7.22244392      -2.19719394
467    297         -9.88155571       7.23273941      -2.25411478
468    297         -9.91935486       7.25738060      -2.28353587
469    297         -9.93363069       7.28567713      -2.32277406
470    297         -9.92451396       7.32681077      -2.36909975
471    297         -9.88653418       7.35158317      -2.37487617
472    297         -9.82790690       7.37608227      -2.34947851
473    297         -9.77987552       7.40807635      -2.28628590
474    297         -9.74916298       7.45866995      -2.22674110
475    297         -9.73286382       7.49675494      -2.21056955
476    297         -9.72454756       7.51238485      -2.22995721
477    297         -9.72484355       7.52532285      -2.24303782
478    297         -9.73359360       7.53284900      -2.23059916
479    297         -9.73445329       7.53621109      -2.18971584
480    297         -9.71078505       7.56240032      -2.13868360
481    297         -9.67457706       7.64331245      -2.07796970
482    297         -9.66391269       7.75824055      -2.01465341
483    297         -9.69090416       7.88379830      -1.96351755
484    297         -9.74579508       8.01650737      -1.92485124
485    297         -9.79409486       8.15517901      -1.87526915
486    297         -9.82804253       8.28192544      -1.79046806
487    297         -9.84774749       8.36922753      -1.67012414
488    297         -9.86418434       8.41502394      -1.52374808
489    297         -9.87929886       8.44482534      -1.39768975
490    297         -9.91917466       8.46361490      -1.32275383
491    297         -9.98312963       8.46340445      -1.29941553
492    297        -10.03895393       8.45841228      -1.30480589
493    297        -10.05317741       8.45387900      -1.31015747
494    297        -10.02536015       8.45513702      -1.29416290
495    297         -9.99724946       8.47053519      -1.25649312
496    297         -9.97394548       8.51985781      -1.22064944
497    297         -9.93722141       8.58368759      -1.17886194
498    297         -9.88447012       8.62932733      -1.11383690
499    297         -9.82515225       8.67781186      -1.03312475
500    297         -9.77966869       8.72365648      -1.01099722
501    297         -9.75005761       8.74233071      -1.05352252
502    297         -9.69292404       8.73279902      -1.12570033
503    297         -9.62020765       8.68697866      -1.20298313
504    297         -9.53481117       8.62008260      -1.28826731
505    297         -9.45973550       8.56115195      -1.36415452
506    297         -9.40116799       8.53407953      -1.40801679
507    297         -9.34424766       8.55550700      -1.40205187
508    297         -9.28616013       8.56878045      -1.36915059
509    297         -9.23117192       8.57519079      -1.34789828
510    297         -9.19984448       8.57385113      -1.33786169
511    297         -9.17982205       8.55196005      -1.34122167
512    297         -9.16181380       8.52409459      -1.36393880
513    297         -9.14382140       8.48494519      -1.41826545
514    297         -9.14299473       8.44957465      -1.48974003
515    297         -9.16949228       8.41275361      -1.56060510
516    297         -9.21765177       8.37390013      -1.58897937
517    297         -9.25561554       8.33843070      -1.58732463
518    297         -9.26633666       8.31646328      -1.56433845
519    297         -9.27297283       8.31954445      -1.55331470
520    297         -9.27656939       8.34403441      -1.55596929
521    297         -9.25609623       8.36717001      -1.56558857
522    297         -9.20404587       8.36471315      -1.56965164
523    297         -9.16086713       8.34308429      -1.56922392
524    297         -9.16408877       8.30037667      -1.56539055
525    297         -9.19052468       8.23850687      -1.58919793
526    297         -9.21577276       8.17939113      -1.62412392
527    297         -9.23765076       8.13756419      -1.62537458
528    297         -9.26193184       8.14748769      -1.56759173
529    297         -9.27639715       8.19219637      -1.47258501
530    297         -9.27687539       8.24501823      -1.36755869
531    297         -9.27114137       8.27323640      -1.26921109
532    297         -9.28515608       8.28666053      -1.20026485
533    297         -9.31261068       8.31149516      -1.16551863
534    297         -9.34134947       8.35366614      -1.15518501
535    297         -9.37766814       8.41403348      -1.15607750
536    297         -9.42750074       8.46929417      -1.15295302
537    297         -9.49416883       8.51846532      -1.14057217
538    297         -9.57262533       8.55490976      -1.12556391
539    297         -9.64819989       8.60056628      -1.11081608
540    297         -9.72030355       8.65413337      -1.05936805
541    297         -9.78376279       8.71133831      -0.94258382
542    297         -9.79484527       8.74986458      -0.80813354
543    297         -9.71661456       8.78013403      -0.69649432
544    297         -9.58730779       8.82048191      -0.59110442
545    297         -9.50324456       8.88247108      -0.51516255
546    297         -9.48550675       8.92803523      -0.50588639
547    297         -9.50533051       8.94728385      -0.53191996
548    297         -9.52988982       8.95372513      -0.51981216
549    297         -9.54660433       8.92955927      -0.46686578
550    297         -9.54756564       8.88983596      -0.40981891
551    297         -9.52598209       8.85661194      -0.37234466
552    297         -9.50473415       8.86918562      -0.35830762
553    297         -9.47850745       8.93324536      -0.36173171
554    297         -9.43452762       9.01895572      -0.36159073
555    297         -9.37516643       9.08860769      -0.33092344
556    297         -9.32751977       9.11646593      -0.26484226
557    297         -9.31243192       9.11304162      -0.17214208
558    297         -9.32480026       9.08649317      -0.07612944
559    297         -9.34720737       9.04497728      -0.00516611
560    297         -9.37299610       8.99860901       0.01719267
561    297         -9.38305800       8.95960861       0.00348596
562    297         -9.35338693       8.92387584      -0.03935724
563    297         -9.29150430       8.90775925      -0.09374838
564    297         -9.20854689       8.91011565      -0.14933353
565    297         -9.11173580       8.92372920      -0.18053141
566    297         -9.00589975       8.92944523      -0.17550897
567    297         -8.94598251       8.90315156      -0.14047965
568    297         -8.94095984       8.83965442      -0.09975145
569    297         -8.99318644       8.75812555      -0.06738932
570    297         -9.05942514       8.67048886      -0.04414480
571    297         -9.10616704       8.57575697      -0.03362937
572    297         -9.11064075       8.49991917      -0.04837618
573    297         -9.08959344       8.45289197      -0.04250537
574    297         -9.08304126       8.42944127      -0.01507594
575    297         -9.09306494       8.40622774       0.02226450
576    297         -9.10064441       8.37950314       0.03112095
577    297         -9.08834502       8.36915208      -0.00169773
578    297         -9.06372759       8.36364883      -0.01876513
579    297         -9.03487277       8.35225462      -0.00092895
580    297         -9.03527118       8.30187550       0.03788509
581    297         -9.05960088       8.23066173       0.06052414
582    297         -9.07982666       8.17683710       0.06769662
583    297         -9.08574327       8.16863852       0.06746366
584    297         -9.09471894       8.19575326       0.06262673
585    297         -9.11438925       8.21431508       0.07156158
586    297         -9.12337141       8.20822310       0.10799215
587    297         -9.10921176       8.19767114       0.14950110
588    297         -9.07438230       8.17394822       0.18503595
589    297         -9.04208039       8.13555642       0.22839831
590    297         -9.04203585       8.11355850       0.28219055
591    297         -9.06463930       8.14787157       0.31823948
592    297         -9.08684539       8.21892672       0.30038450
593    297         -9.09622526       8.25359773       0.26078213
594    297         -9.09922776       8.23379393       0.22300391
595    297         -9.09439561       8.19962081       0.17889663
596    297         -9.08432487       8.18975686       0.13855561
597    297         -9.08320985       8.21084140       0.13104612
598    297         -9.11681314       8.24664031       0.14569558
599    297         -9.16750186       8.28023041       0.15700079
600    297         -9.21143819       8.30751280       0.18662476
601    297         -9.21706084       8.34128557       0.23797076
602    297         -9.18947340       8.40598017       0.29996295
603    297         -9.15885655       8.49438118       0.37194949
604    297         -9.14374537       8.56999574       0.44247823
605    297         -9.13005707       8.62694422       0.49254725
606    297         -9.10578837       8.66004648       0.52513716
607    297         -9.09785429       8.67420074       0.52844402
608    297         -9.10609450       8.68270145       0.53918800
609    297         -9.11819802       8.69898506       0.56624305
610    297         -9.10429947       8.69458993       0.57572344
611    297         -9.06648669       8.67399305       0.56541418
612    297         -9.01932362       8.67349295       0.57593824
613    297         -8.97241073       8.69720996       0.61462762
614    297         -8.93119485       8.71520899       0.65511826
615    297         -8.88025243       8.70727174       0.67365053
616    297         -8.81450152       8.67600297       0.67905187
617    297         -8.74560228       8.63623354       0.70893514
618    297         -8.71113470       8.59088362       0.76242262
619    297         -8.70556431       8.55945816       0.82511738
620    297         -8.68871025       8.56438324       0.84776052
621    297         -8.65331863       8.59498304       0.84626462
622    297         -8.63335416       8.60076822       0.83975161
623    297         -8.62219892       8.56951860       0.82657884
624    297         -8.58344214       8.54985450       0.80645689
625    297         -8.52457847       8.56073998       0.81287176
626    297         -8.48171036       8.57372628       0.82985572
627    297         -8.47952820       8.52621018       0.85560939
628    297         -8.51509584       8.44386578       0.90361399
629    297         -8.56944682       8.38534820       0.97642177
630    297         -8.64470657       8.37760986       1.05246803
631    297         -8.70222980       8.39158934       1.06592886
632    297         -8.70296500       8.37919403       1.01132326
633    297         -8.67735714       8.33237403       0.94095077
634    297         -8.65968286       8.30047755       0.88224542
635    297         -8.65973046       8.32564462       0.82822361
636    297         -8.68462430       8.38314587       0.75342282
637    297         -8.73865669       8.41022526       0.69268271
638    297         -8.81040428       8.38908858       0.65760571
639    297         -8.88249262       8.33916435       0.60919018
640    297         -8.93966516       8.30521652       0.53657533
641    297         -8.96430752       8.27267706       0.46309315
642    297         -8.96119800       8.23225560       0.36493146
643    297         -8.97169422       8.22731331       0.25798392
644    297         -9.02703589       8.24032001       0.16738895
645    297         -9.08267635       8.23396739       0.10622410
646    297         -9.13739291       8.20481392       0.07360661
647    297         -9.21696370       8.15709806       0.04861002
648    297         -9.27213471       8.11832357       0.02849358
649    297         -9.28889603       8.06975946      -0.00995548
650    297         -9.29534969       8.02018849      -0.05511773
651    297         -9.30886205       7.98133832      -0.07244570
652    297         -9.32819989       7.98088581      -0.06508783
653    297         -9.33794575       8.00068350      -0.04055098
654    297         -9.31015743       8.03147856      -0.03284606
655    297         -9.25173728       8.06766364      -0.05157639
656    297         -9.20394776       8.12043825      -0.09642259
657    297         -9.19341945       8.17359792      -0.14688423
658    297         -9.19529412       8.23081238      -0.17577443
659    297         -9.18137724       8.29809362      -0.19508268
660    297         -9.14813009       8.37543122      -0.21788759
661    297         -9.09678644       8.45969915      -0.25933298
662    297         -9.05937117       8.50941648      -0.28843733
663    297         -9.04893779       8.51417347      -0.31026006
664    297         -9.03764814       8.50241894      -0.31539534
665    297         -9.01861444       8.48418726      -0.30797983
666    297         -9.01131351       8.47241645      -0.28006434
667    297         -9.01165525       8.46544116      -0.23737616
668    297         -9.02140172       8.47780972      -0.18907314
669    297         -9.03709564       8.50589983      -0.14247174
670    297         -9.04869317       8.53274505      -0.12336310
671    297         -9.04798482       8.54532734      -0.12810822
672    297         -9.07249198       8.52141757      -0.14204659
673    297         -9.12279257       8.49300427      -0.18114419
674    297         -9.14018036       8.50099494      -0.25434219
675    297         -9.10408764       8.55700828      -0.33494348
676    297         -9.06886688       8.61517610      -0.39174069
677    297         -9.11953953       8.61693034      -0.40988196
678    297         -9.18599083       8.60877371      -0.40563285
679    297         -9.23763492       8.60586298      -0.39862121
680    297         -9.23942444       8.64036139      -0.39435913
681    297         -9.23492846       8.69538950      -0.39108839
682    297         -9.24246305       8.74289733      -0.39784530
683    297         -9.27897760       8.76646680      -0.38424163
684    297         -9.34350798       8.76557084      -0.34365681
685    297         -9.39933488       8.72414473      -0.28504665
686    297         -9.44564247       8.67733313      -0.23500052
687    297         -9.46383401       8.63185161      -0.22620172
688    297         -9.46358990       8.60332776      -0.27820465
689    297         -9.45033356       8.60654239      -0.35286495
690    297         -9.41676146       8.64591247      -0.42848915
691    297         -9.36119113       8.67785373      -0.50002336
692    297         -9.29890165       8.65027083      -0.54881032
693    297         -9.26713493       8.55192458      -0.57198436
694    297         -9.28531929       8.45872891      -0.57929128
695    297         -9.33762874       8.43880591      -0.57212483
696    297         -9.39061246       8.48220912      -0.54432076
697    297         -9.41365963       8.54980732      -0.51228659
698    297         -9.38577554       8.58697864      -0.46835193
699    297         -9.33178544       8.57574152      -0.44120899
700    297         -9.28681208       8.53054655      -0.44595674
701    297         -9.26184797       8.49396911      -0.46929456
702    297         -9.23098739       8.47036622      -0.48136075
703    297         -9.18343657       8.46631535      -0.46960592
704    297         -9.11811891       8.47275644      -0.44939684
705    297         -9.04619935       8.47129919      -0.44458034
706    297         -8.96743077       8.46307820      -0.46013051
707    297         -8.88471688       8.48271616      -0.50615444
708    297         -8.80301343       8.54003616      -0.56798011
709    297         -8.71591011       8.61194806      -0.60880402
710    297         -8.61416397       8.67486107      -0.62156867
711    297         -8.50879623       8.71225936      -0.62830282
712    297         -8.44824927       8.75434422      -0.64961766
713    297         -8.42603910       8.77656382      -0.67988020
714    297         -8.43162309       8.76299656      -0.70059506
715    297         -8.45990448       8.73306630      -0.70016674
716    297         -8.48810166       8.71387421      -0.66029929
717    297         -8.50525726       8.70738803      -0.60996148
718    297         -8.52212784       8.69779179      -0.57550471
719    297         -8.55114754       8.67128727      -0.56171597
720    297         -8.59815364       8.64402448      -0.55951770
721    297         -8.65626436       8.64410367      -0.56335010
722    297         -8.68715368       8.68989946      -0.57208548
723    297         -8.70343727       8.75158704      -0.58349221
724    297         -8.72109997       8.77948529      -0.60259044
725    297         -8.73913820       8.77410269      -0.62990996
726    297         -8.74810076       8.76708597      -0.65951056
727    297         -8.76960664       8.76293467      -0.69422096
728    297         -8.79942923       8.75391981      -0.72624766
729    297         -8.81104527       8.73453278      -0.73158471
730    297         -8.77143625       8.70334910      -0.70504950
731    297         -8.71037792       8.67069999      -0.67586513
732    297         -8.66932910       8.67993429      -0.67450399
733    297         -8.65565535       8.75419447      -0.72276883
734    297         -8.65754912       8.83109742      -0.80087165
735    297         -8.66034644       8.85981154      -0.86756288
736    297         -8.66368411       8.85354465      -0.91992373
737    297         -8.66681504       8.84562056      -0.94744261
738    297         -8.66660497       8.84456149      -0.96562174
739    297         -8.64989228       8.84381501      -1.00701260
740    297         -8.63383194       8.86520925      -1.08477330
741    297         -8.63121377       8.91292211      -1.16155252
742    297         -8.64085978       8.95964549      -1.23967323
743    297         -8.64079444       8.95949950      -1.33121242
744    297         -8.63671325       8.92706208      -1.40301060
745    297         -8.62947688       8.87614632      -1.43196150
746    297         -8.60517410       8.82237570      -1.44458250
747    297         -8.56201903       8.79937262      -1.46818793
748    297         -8.48024231       8.82241813      -1.48866231
749    297         -8.36934184       8.88679645      -1.49771269
750    297         -8.27338807       8.94427160      -1.51006825
751    297         -8.23717997       8.97453497      -1.51735610
752    297         -8.25051557       8.98398510      -1.52037386
753    297         -8.28235703       8.95550414      -1.50861097
754    297         -8.32049014       8.89221369      -1.49191264
755    297         -8.32889302       8.85325977      -1.51537770
756    297         -8.28899960       8.87336973      -1.57840943
757    297         -8.22067745       8.90804033      -1.64769569
758    297         -8.15745955       8.90520636      -1.67018030
759    297         -8.11034474       8.86100513      -1.66255240
760    297         -8.07994522       8.81919946      -1.65117324
761    297         -8.05806806       8.81505663      -1.64072541
762    297         -8.05197960       8.84281872      -1.61880665
763    297         -8.05721813       8.87584890      -1.59168586
764    297         -8.06192764       8.90675351      -1.55382633
765    297         -8.07833694       8.95268891      -1.52520649
766    297         -8.11282788       8.99803617      -1.51699610
767    297         -8.14421470       9.02139372      -1.51674653
768    297         -8.11938803       9.05087486      -1.51163832
769    297         -8.03710464       9.07418733      -1.51931528
770    297         -7.95266741       9.05424125      -1.55545894
771    297         -7.90513344       9.00616095      -1.59960370
772    297         -7.89014801       8.94935768      -1.62800989
773    297         -7.87930969       8.91406058      -1.62959583
774    297         -7.88889155       8.89958313      -1.62635165
775    297         -7.91764321       8.91988972      -1.64754303
776    297         -7.91072675       8.97665612      -1.71681954
777    297         -7.86758806       9.05946930      -1.82342556
778    297         -7.82168901       9.13418102      -1.92487978
779    297         -7.80747921       9.16909118      -1.98099760
780    297         -7.81413459       9.15369086      -1.99520440
781    297         -7.82185241       9.12451657      -1.99336190
782    297         -7.82299756       9.11211573      -1.98609663
783    297         -7.83654852       9.11819730      -1.98811757
784    297         -7.87108577       9.12407955      -2.00315908
785    297         -7.92742535       9.13509623      -2.02517251
786    297         -7.98722643       9.15684270      -2.04716480
787    297         -8.04174503       9.20627712      -2.08512561
788    297         -8.07186595       9.27527832      -2.12827297
789    297         -8.07457184       9.33712139      -2.13984924
790    297         -8.08300061       9.37993797      -2.10758559
791    297         -8.10833945       9.40203374      -2.07868960
792    297         -8.20084952       9.40664129      -2.06610262
793    297         -8.34497155       9.39453911      -2.06129031
794    297         -8.47633811       9.37484100      -2.05029303
795    297         -8.55023779       9.38194060      -2.03209002
796    297         -8.56764457       9.43339262      -2.00712534
797    297         -8.56841927       9.53002390      -1.97479444
798    297         -8.57064947       9.65735566      -1.91549046
799    297         -8.59729618       9.76451741      -1.84291215
800    297         -8.67109812       9.83584446      -1.79341246
801    297         -8.77141600       9.88785380      -1.80809983
802    297         -8.86452457       9.93798805      -1.86697740
803    297         -8.95383520       9.99228808      -1.91382204
804    297         -9.05057757      10.03543811      -1.92701641
805    297         -9.14686699      10.04573610      -1.90046886
806    297         -9.21857862      10.03653268      -1.85704426
807    297         -9.26051215      10.02938013      -1.80271301
808    297         -9.29628149      10.04799202      -1.76067885
809    297         -9.30825882      10.09645321      -1.72485078
810    297         -9.31556407      10.16719141      -1.71281550
811    297         -9.32860473      10.22344988      -1.73599836
812    297         -9.34686714      10.26626423      -1.76958432
813    297         -9.37885154      10.28795479      -1.79300712
814    297         -9.38379834      10.31722305      -1.78214932
815    297         -9.34396215      10.37809144      -1.74328897
816    297         -9.32329986      10.42610748      -1.69157558
817    297         -9.35763525      10.45948022      -1.66833821
818    297         -9.39957881      10.48418909      -1.70047676
819    297         -9.43450331      10.51860721      -1.72120581
820    297         -9.44100427      10.57715001      -1.66197454
821    297         -9.44094802      10.66624812      -1.57940896
822    297         -9.45879234      10.73128807      -1.55621318
823    297         -9.47728289      10.78386705      -1.55244483
824    297         -9.49324316      10.80241935      -1.52555718
825    297         -9.51004516      10.79847157      -1.47793179
826    297         -9.51780485      10.81959086      -1.41980454
827    297         -9.51034801      10.84200622      -1.36079274
828    297         -9.52915256      10.87567922      -1.33039490
829    297         -9.52739169      10.91343538      -1.24253027
830    297         -9.54044232      10.95690457      -1.15760442
831    297         -9.57711596      10.98863021      -1.06439042
832    297         -9.62425915      11.02301751      -1.02206685
833    297         -9.69515342      11.04691134      -1.01304285
834    297         -9.76805153      11.06350182      -1.00857058
835    297         -9.83117405      11.07236171      -1.00312209
836    297         -9.85885494      11.09141336      -0.98910754
837    297         -9.84218720      11.14159017      -0.95947928
838    297         -9.80199738      11.20562639      -0.90977894
839    297         -9.78137113      11.26356489      -0.87769295
840    297         -9.81341933      11.30622697      -0.87106692
841    297         -9.86440202      11.33603110      -0.85457543
842    297         -9.89657856      11.34704623      -0.81326378
843    297         -9.91217052      11.36003392      -0.76279652
844    297         -9.89364234      11.38289786      -0.71468247
845    297         -9.84935903      11.41026445      -0.68094373
846    297         -9.82897069      11.43247184      -0.65078885
847    297         -9.87996897      11.44948622      -0.60712381
848    297         -9.98690730      11.46395855      -0.54718792
849    297        -10.07576975      11.46303642      -0.49651461
850    297        -10.13256399      11.45781443      -0.47798000
851    297        -10.17403502      11.45623895      -0.46493320
852    297        -10.21071845      11.46012964      -0.44529943
853    297        -10.24278331      11.48817084      -0.42748324
854    297        -10.27712929      11.53717873      -0.41494287
855    297        -10.33270453      11.61441913      -0.39780986
856    297        -10.41405737      11.70167966      -0.37251713
857    297        -10.50128982      11.76990708      -0.35415044
858    297        -10.57221071      11.79938611      -0.31941847
859    297        -10.60864065      11.80593375      -0.22995260
860    297        -10.62044081      11.81696055      -0.12013255
861    297        -10.61339121      11.83672349      -0.06003312
862    297        -10.58071812      11.85719684      -0.06166675
863    297        -10.54438814      11.87595782      -0.08306302
864    297        -10.56015853      11.90776266      -0.06484915
865    297        -10.63224841      11.96002990      -0.00670385
866    297        -10.72203924      12.02413687       0.05121994
867    297        -10.78834594      12.06643984       0.08592764
868    297        -10.80187574      12.09194596       0.09587371
869    297        -10.76662185      12.11728720       0.09217428
870    297        -10.71610572      12.15332910       0.07827703
871    297        -10.66007895      12.19559364       0.05612643
872    297        -10.60781039      12.22789105       0.03903726
873    297        -10.57055124      12.25594217       0.03611157
874    297        -10.56049256      12.28843770       0.05145856
875    297        -10.59565947      12.31669728       0.09381401
876    297        -10.65159122      12.31497990       0.15331610
877    297        -10.69845516      12.27950558       0.21875190
878    297        -10.72218310      12.21132067       0.26711976
879    297        -10.71887287      12.12442546       0.28659621
880    297        -10.67578104      12.04659650       0.29013271
881    297        -10.56767632      11.98430507       0.27120166
882    297        -10.43767727      11.93747638       0.24984959
883    297        -10.37518263      11.93777823       0.22287276
884    297        -10.40023788      11.98771621       0.18157650
885    297        -10.44143815      12.01428191       0.15203918
886    297        -10.45596729      11.99705183       0.14446052
887    297        -10.44577973      11.95206442       0.15164923
888    297        -10.41599124      11.90145816       0.17721724
889    297        -10.35880297      11.84052825       0.22344617
890    297        -10.28582239      11.78389038       0.28745764
891    297        -10.22102443      11.72393318       0.35706988
892    297        -10.19733636      11.65828117       0.40150267
893    297        -10.22266049      11.59112427       0.40921965
894    297        -10.27379841      11.53247494       0.39909097
895    297        -10.32345054      11.47999108       0.40898590
896    297        -10.31782298      11.41254284       0.46470022
897    297        -10.24601832      11.34346104       0.53310567
898    297        -10.13834666      11.30090916       0.56631806
899    297        -10.05107963      11.28965027       0.56370164
900    297        -10.00311816      11.26901483       0.55115518
901    297         -9.97080065      11.22166778       0.52291811
902    297         -9.93912355      11.17641337       0.47937458
903    297         -9.90097741      11.18280231       0.45557723
904    297         -9.87275399      11.20040117       0.46455232
905    297         -9.84160557      11.18554293       0.48331770
906    297         -9.80712821      11.14481949       0.50648028
907    297         -9.77572296      11.10755403       0.52150250
908    297         -9.74047514      11.09650349       0.50814651
909    297         -9.71755082      11.11692649       0.47375963
910    297         -9.71814842      11.15447458       0.44495815
911    297         -9.71425013      11.17774930       0.44645108
912    297         -9.66207172      11.21089414       0.46754146
913    297         -9.56169118      11.23810056       0.47299216
914    297         -9.48846581      11.24409661       0.46334232
915    297         -9.47540771      11.25933227       0.43803920
916    297         -9.47080905      11.28719767       0.41376665
917    297         -9.43768413      11.29261835       0.39055019
918    297         -9.39529615      11.28129646       0.37995997
919    297         -9.37006037      11.27897823       0.38633445
920    297         -9.35951498      11.29166161       0.43370987
921    297         -9.35366059      11.30381577       0.51562448
922    297         -9.34899334      11.29624032       0.61464086
923    297         -9.33931184      11.26029980       0.71643586
924    297         -9.36089341      11.23258731       0.79702453
925    297         -9.40636009      11.19554868       0.83147183
926    297         -9.47384660      11.14337721       0.84713139
927    297         -9.55049499      11.10404399       0.86903751
928    297         -9.60153965      11.08375927       0.89869399
929    297         -9.60964309      11.04566293       0.91693396
930    297         -9.60610390      10.98193726       0.93162009
931    297         -9.62657937      10.94318275       0.92407598
932    297         -9.66413208      10.96841602       0.90226978
933    297         -9.71666361      11.04944074       0.86820656
934    297         -9.79802529      11.12382097       0.84754251
935    297         -9.89076589      11.13547121       0.87711974
936    297         -9.97409631      11.09271433       0.94428658
937    297        -10.03048940      11.03082940       0.97664587
938    297        -10.06161380      10.97584245       0.92027976
939    297        -10.08013534      10.92267073       0.83328865
940    297        -10.09424988      10.87511062       0.76845622
941    297        -10.09517152      10.85314046       0.75701902
942    297        -10.07548254      10.86719409       0.76259206
943    297        -10.06003746      10.89475285       0.74882791
944    297        -10.08574922      10.88692419       0.69536634
945    297        -10.14696047      10.82760965       0.60608454
946    297        -10.19261914      10.77850002       0.49873639
947    297        -10.22161749      10.77675782       0.39501024
948    297        -10.22345894      10.78402197       0.31389537
949    297        -10.19390795      10.77922633       0.23797030
950    297        -10.15376025      10.76205655       0.13807818
951    297        -10.11912185      10.73548394       0.01251087
952    297        -10.05677305      10.70145700      -0.10003511
953    297         -9.97786299      10.66705129      -0.16789379
954    297         -9.93344803      10.64866400      -0.21895694
955    297         -9.94153060      10.63270952      -0.27806304
956    297         -9.97204685      10.59816999      -0.34987531
957    297         -9.99095209      10.56114598      -0.40954017
958    297         -9.98589020      10.52464936      -0.45249071
959    297         -9.95838364      10.49809209      -0.49380648
960    297         -9.93505625      10.48179214      -0.52843294
961    297         -9.92643240      10.47025954      -0.54821793
962    297         -9.92182257      10.45266572      -0.55705472
963    297         -9.90520918      10.40780393      -0.56773726
964    297         -9.86736944      10.29788099      -0.59084829
965    297         -9.83206596      10.14130067      -0.61318554
966    297         -9.82266545      10.02760099      -0.60559535
967    297         -9.83760698       9.98750383      -0.56567694
968    297         -9.86227817       9.97756008      -0.51501238
969    297         -9.86622840       9.97311388      -0.47164875
970    297         -9.84427028       9.97042200      -0.44543444
971    297         -9.81246757       9.95446818      -0.44342310
972    297         -9.79279958       9.91732134      -0.49893134
973    297         -9.79551255       9.86975389      -0.58717215
974    297         -9.80309762       9.80167451      -0.65359217
975    297         -9.79428522       9.72861521      -0.66036106
976    297         -9.76025132       9.65715157      -0.63881152
977    297         -9.71651753       9.59645559      -0.62689171
978    297         -9.67835877       9.52607187      -0.64411142
979    297         -9.65606827       9.47396862      -0.64353324
980    297         -9.64108783       9.44025179      -0.60395295
981    297         -9.62985736       9.40323699      -0.56039850
982    297         -9.59970318       9.35280194      -0.57874672
983    297         -9.55284948       9.30481025      -0.65248808
984    297         -9.49875281       9.29019722      -0.72846822
985    297         -9.46008469       9.31204101      -0.79685750
986    297         -9.44103516       9.33451042      -0.83059634
987    297         -9.42420634       9.33988367      -0.80991415
988    297         -9.40950353       9.36447187      -0.74985270
989    297         -9.39290618       9.42170043      -0.66460414
990    297         -9.39892569       9.49965114      -0.60084270
991    297         -9.43189504       9.57535081      -0.58541989
992    297         -9.47679672       9.64078418      -0.62225712
993    297         -9.52568446       9.70623309      -0.67239019
994    297         -9.58414969       9.77838778      -0.69894045
995    297         -9.64103030       9.84532999      -0.71585564
996    297         -9.68660017       9.88996820      -0.74027706
997    297         -9.71158539       9.91548272      -0.77289031
998    297         -9.70973708       9.94958343      -0.80559609
999    297         -9.68945846       9.98902899      -0.84612928
