1            0.00000000       0.00000000       0.00000000       0.00000000
2            0.00290105       0.00002900       0.00271932       0.00015272
3            0.01593576       0.00048383       0.01473235       0.00071958
4            0.03695530       0.00111283       0.03542323       0.00041924
5            0.05610278       0.00169146       0.05394232       0.00046900
6            0.07070684       0.00321597       0.05998636       0.00750451
7            0.08901874       0.00948616       0.05606899       0.02346359
8            0.11054178       0.02952025       0.04765699       0.03336454
9            0.13644821       0.06366648       0.05079996       0.02198176
10           0.18611412       0.10251895       0.07896655       0.00462862
11           0.25642462       0.11974633       0.13666763       0.00001067
12           0.29610215       0.09051860       0.20555929       0.00002426
13           0.33761437       0.05749581       0.27958586       0.00053271
14           0.41474431       0.04354872       0.37072760       0.00046799
15           0.51096941       0.04704132       0.46377842       0.00014967
16           0.62021202       0.06574095       0.55248720       0.00198386
17           0.74008940       0.09238752       0.64504146       0.00266042
18           0.84196391       0.11536150       0.72567655       0.00092586
19           0.92853713       0.13429439       0.79424227       0.00000047
20           1.06493188       0.16251131       0.90206560       0.00035496
21           1.21825140       0.21311159       1.00455806       0.00058175
22           1.31728615       0.25913807       1.05710591       0.00104217
23           1.40795003       0.27490186       1.13160725       0.00144092
24           1.52668562       0.26389829       1.26092979       0.00185754
25           1.66635618       0.27182762       1.39264887       0.00187969
26           1.75028770       0.31263319       1.43574080       0.00191371
27           1.81239576       0.36266580       1.44553688       0.00419308
28           1.97964019       0.44800503       1.51731557       0.01431959
29           2.23164687       0.61494958       1.57581500       0.04088230
30           2.45600173       0.83466352       1.54441548       0.07692273
31           2.59955940       1.01798311       1.46742120       0.11415509
32           2.76993261       1.18413571       1.44175306       0.14404383
33           2.98917470       1.37628559       1.45226984       0.16061926
34           3.15945128       1.57510740       1.45092343       0.13342045
35           3.12092077       1.62470239       1.40401851       0.09219987
36           2.98257587       1.51533158       1.40018273       0.06706157
37           2.88630156       1.43664728       1.39257755       0.05707673
38           2.91476348       1.44119554       1.40085051       0.07271742
39           2.94729324       1.45657698       1.37238491       0.11833135
40           2.96000183       1.47035431       1.29904472       0.19060280
41           2.89494834       1.47424422       1.15802233       0.26268179
42           2.82052051       1.50607597       0.99307108       0.32137346
43           2.75777934       1.58303000       0.84255686       0.33219249
44           2.70224440       1.66200866       0.73850114       0.30173460
45           2.59791401       1.67371923       0.68496581       0.23922897
46           2.42719353       1.59526691       0.65250998       0.17941664
47           2.26257347       1.46455003       0.64885612       0.14916731
48           2.16759834       1.35349642       0.66166205       0.15243986
49           2.12011511       1.27598898       0.66420378       0.17992235
50           2.10262670       1.20644616       0.66565502       0.23052552
51           2.11750233       1.11994847       0.69918524       0.29836862
52           2.16692375       1.03792497       0.77817816       0.35082062
53           2.19060892       0.95468249       0.86407058       0.37185584
54           2.10863494       0.85160827       0.90596758       0.35105909
55           1.95325791       0.74609051       0.90504344       0.30212396
56           1.79140044       0.67442376       0.86252468       0.25445201
57           1.68332668       0.66662200       0.78563428       0.23107039
58           1.57434462       0.67015550       0.66565334       0.23853578
59           1.47181073       0.65526365       0.56747490       0.24907218
60           1.46148319       0.66662068       0.55756952       0.23729299
61           1.53506247       0.71753638       0.62218044       0.19534566
62           1.66922080       0.76669044       0.73288865       0.16964171
63           1.78747990       0.78397763       0.84119122       0.16231106
64           1.84152631       0.81668251       0.86125249       0.16359131
65           1.78261243       0.87433904       0.76342281       0.14485058
66           1.58838587       0.87602357       0.60416981       0.10819248
67           1.37751204       0.81306879       0.49438508       0.07005818
68           1.26652379       0.75803252       0.47284723       0.03564404
69           1.24151974       0.72014535       0.50059368       0.02078072
70           1.23601993       0.67658039       0.53991512       0.01952441
71           1.21957479       0.64545015       0.54584463       0.02828001
72           1.26872320       0.67503440       0.55208823       0.04160057
73           1.34354298       0.74044629       0.55130658       0.05179011
74           1.38733182       0.78717642       0.54737827       0.05277713
75           1.41052336       0.82766750       0.53053844       0.05231742
76           1.40374508       0.86969303       0.48777365       0.04627839
77           1.32071953       0.84867028       0.43648452       0.03556474
78           1.17425656       0.75196548       0.38954779       0.03274329
79           1.06622059       0.64968060       0.36609880       0.05044118
80           1.02878024       0.58674168       0.35709693       0.08494163
81           1.05771902       0.56553575       0.37205573       0.12012754
82           1.12426147       0.59698329       0.39173903       0.13553914
83           1.22698440       0.69483583       0.39963501       0.13251356
84           1.33771754       0.82288946       0.39606767       0.11876041
85           1.46887336       0.94227831       0.41182241       0.11477264
86           1.63995821       1.05070819       0.45185955       0.13739047
87           1.85581307       1.19193188       0.48084583       0.18303536
88           2.05056688       1.31008595       0.46825991       0.27222103
89           2.25619833       1.34941976       0.48951848       0.41726010
90           2.49589380       1.34069235       0.57378357       0.58141789
91           2.57378991       1.30984223       0.59256387       0.67138381
92           2.51458273       1.28361894       0.50094808       0.73001571
93           2.46957123       1.25853389       0.43521562       0.77582171
94           2.60572545       1.32850416       0.41875802       0.85846327
95           2.77709472       1.41109120       0.41719680       0.94880672
96           2.87774399       1.42128030       0.39597019       1.06049350
97           2.94181171       1.43359889       0.36999783       1.13821499
98           3.04819046       1.54601755       0.35179843       1.15037449
99           3.18235612       1.71062381       0.33949312       1.13223920
100          3.28254110       1.89238442       0.31787686       1.07227982
101          3.31622045       2.05884661       0.29173443       0.96563941
102          3.27608610       2.16528167       0.25417813       0.85662629
103          3.24188079       2.24817616       0.22175539       0.77194924
104          3.25148428       2.32152261       0.21697963       0.71298204
105          3.34034828       2.38648963       0.24421780       0.70964086
106          3.44349565       2.43059288       0.28179555       0.73110722
107          3.55118365       2.48196362       0.29625029       0.77296975
108          3.62008470       2.53199280       0.26823008       0.81986181
109          3.71723758       2.61410361       0.22816779       0.87496618
110          3.92019673       2.77414511       0.22910489       0.91694672
111          4.25430852       3.05525736       0.26264537       0.93640578
112          4.58060404       3.38557582       0.28079426       0.91423395
113          4.86023361       3.69264937       0.27255203       0.89503221
114          5.01556097       3.80716712       0.27968961       0.92870424
115          5.11188388       3.77239698       0.30249669       1.03699020
116          5.24607601       3.70888786       0.30550881       1.23167935
117          5.40232568       3.68326488       0.31470056       1.40436024
118          5.55963693       3.72151285       0.33951199       1.49861209
119          5.72061410       3.84503826       0.36921873       1.50635712
120          5.87392850       3.96085600       0.40878999       1.50428250
121          6.04170771       4.04534105       0.46174058       1.53462608
122          6.24440381       4.09087124       0.53450758       1.61902499
123          6.48478625       4.14505181       0.59598826       1.74374618
124          6.67818146       4.14391709       0.64738433       1.88688004
125          6.61271618       3.92772657       0.67929336       2.00569625
126          6.48327545       3.68406193       0.68676128       2.11245225
127          6.50516865       3.64814905       0.66605995       2.19095965
128          6.69256471       3.90813452       0.64523186       2.13919832
129          6.73821357       4.13531914       0.64533941       1.95755502
130          6.63164816       4.14457696       0.67446603       1.81260517
131          6.45130934       4.04865152       0.71956043       1.68309738
132          6.38908172       4.07541112       0.78451901       1.52915159
133          6.45786933       4.20355881       0.86565136       1.38865915
134          6.62395106       4.33569985       0.96652208       1.32172913
135          6.91781858       4.49110383       1.07820578       1.34850897
136          7.31650281       4.67420776       1.20249064       1.43980441
137          7.75789400       4.90541930       1.32583821       1.52663649
138          8.09271478       5.10160088       1.42858991       1.56252400
139          8.18555174       5.20478418       1.46544130       1.51532626
140          7.92875940       5.13815216       1.43888949       1.35171775
141          7.53393138       4.97733954       1.38406566       1.17252618
142          7.15846634       4.76318696       1.32706352       1.06821587
143          6.87789100       4.63682944       1.25984969       0.98121187
144          6.64468311       4.59809754       1.19291580       0.85366976
145          6.54701391       4.71838698       1.09011677       0.73851016
146          6.71299034       5.00560436       1.03077951       0.67660647
147          7.09231417       5.37794323       1.05726045       0.65711049
148          7.69396736       5.85711625       1.17103088       0.66582024
149          8.38877847       6.38460787       1.32992834       0.67424226
150          8.86102024       6.69536703       1.48355447       0.68209874
151          9.01326198       6.79510026       1.57499433       0.64316740
152          9.11121255       6.88439183       1.63773526       0.58908546
153          9.23090075       7.01209037       1.68844725       0.53036314
154          9.33826970       7.17449178       1.66544613       0.49833179
155          9.36559989       7.31609970       1.57823999       0.47126020
156          9.49655965       7.55814870       1.47417916       0.46423179
157          9.88889352       7.89496851       1.49750442       0.49642059
158         10.29238864       8.13255597       1.60964856       0.55018410
159         10.63056428       8.23340890       1.78407512       0.61308026
160         10.65141549       8.14629210       1.88452951       0.62059388
161         10.45243451       7.94096642       1.95042170       0.56104639
162         10.20278687       7.76667968       1.99394253       0.44216466
163         10.05358337       7.72506058       1.98834470       0.34017809
164          9.91866635       7.61878651       2.00555322       0.29432662
165          9.82559619       7.45466729       2.06805010       0.30287880
166          9.89378729       7.40198643       2.11511679       0.37668407
167         10.09893053       7.54741344       2.05473418       0.49678290
168         10.48025672       7.89426827       1.95697378       0.62901467
169         10.74891877       8.14881943       1.91882049       0.68127885
170         10.64184573       8.08100378       1.92901710       0.63182485
171         10.32480997       7.94881968       1.84434418       0.53164610
172         10.31859327       8.09624152       1.75502888       0.46732286
173         10.64462952       8.47181083       1.73062623       0.44219246
174         11.05829879       8.88525490       1.72309211       0.44995178
175         11.37283453       9.22779158       1.66715400       0.47788894
176         11.50871661       9.45858966       1.51969884       0.53042811
177         11.56367481       9.59286526       1.31564162       0.65516792
178         11.46705297       9.54224121       1.10208096       0.82273080
179         11.15485234       9.23784452       0.94806182       0.96894601
180         10.54359457       8.66790634       0.87062237       1.00506586
181          9.89888495       7.99521058       0.91242498       0.99124939
182          9.41463678       7.43124240       0.96518273       1.01821165
183          9.33069241       7.18079113       0.97852776       1.17137353
184          9.53016264       7.21978440       0.92763242       1.38274582
185          9.69897361       7.29289831       0.82472482       1.58135049
186          9.65104023       7.26022926       0.69040392       1.70040705
187          9.39450718       7.03414065       0.56251620       1.79785032
188          9.10007393       6.74541392       0.44607852       1.90858148
189          8.86950891       6.49443313       0.34745423       2.02762156
190          8.62570810       6.22061657       0.27956530       2.12552624
191          8.36158395       5.93499755       0.23707535       2.18951105
192          8.14405127       5.68096723       0.20228181       2.26080222
193          7.95537947       5.48042296       0.16286690       2.31208961
194          7.80072033       5.34618569       0.13407949       2.32045514
195          7.61868195       5.25030178       0.12620624       2.24217394
196          7.42242473       5.18605125       0.13513720       2.10123628
197          7.22989508       5.11547859       0.13831955       1.97609693
198          7.06719257       4.96777504       0.15459333       1.94482420
199          6.97336073       4.80052026       0.19695135       1.97588912
200          6.91568406       4.73038497       0.21510142       1.97019767
201          6.69808475       4.67123481       0.17503297       1.85181697
202          6.39373320       4.62238394       0.12676469       1.64458456
203          6.18962779       4.64996664       0.09059082       1.44907033
204          6.14506250       4.78076760       0.06534444       1.29895046
205          6.14024020       4.85524276       0.05327002       1.23172742
206          6.19611762       4.90564154       0.05486891       1.23560716
207          6.31204031       4.92396517       0.07249027       1.31558487
208          6.42589041       4.91800789       0.09534679       1.41253572
209          6.48507015       4.94059102       0.10240151       1.44207761
210          6.42260828       4.98958179       0.08955193       1.34347456
211          6.36645521       5.11408111       0.07568366       1.17669044
212          6.28584493       5.22108694       0.07693694       0.98782105
213          6.21221837       5.30962857       0.09715107       0.80543872
214          6.33657070       5.52199523       0.10722175       0.70735371
215          6.73123729       5.96808522       0.08180812       0.68134395
216          7.16781817       6.48049532       0.06535515       0.62196770
217          7.41716978       6.81913101       0.06526819       0.53277058
218          7.47084978       6.91412363       0.08187444       0.47485171
219          7.45533064       6.89196471       0.11044177       0.45292417
220          7.41325330       6.82884016       0.13112590       0.45328723
221          7.32717587       6.74288148       0.12957587       0.45471852
222          7.25140810       6.71381004       0.10677537       0.43082269
223          7.19072295       6.71889106       0.08869258       0.38313930
224          7.10956831       6.68780366       0.07409955       0.34766509
225          6.94513897       6.56180762       0.05866001       0.32467133
226          6.71099458       6.35302359       0.05006809       0.30790290
227          6.41080474       6.06185964       0.05652034       0.29242476
228          6.18359450       5.82177380       0.07738458       0.28443612
229          6.05554964       5.65530349       0.11862364       0.28162251
230          5.99320912       5.53750704       0.17505694       0.28064515
231          5.94211074       5.38702215       0.25183069       0.30325790
232          5.89753351       5.17378583       0.36680955       0.35693814
233          5.86904303       4.93884801       0.49990758       0.43028743
234          5.90011342       4.81666393       0.60326042       0.48018907
235          6.02610445       4.88644951       0.65135225       0.48830268
236          6.22149276       5.10855774       0.66244342       0.45049160
237          6.37151038       5.33528017       0.64203464       0.39419557
238          6.32837629       5.39690600       0.60530109       0.32616920
239          6.17895868       5.34338416       0.57741170       0.25816282
240          6.00391109       5.26311656       0.54407471       0.19671982
241          5.97214031       5.33037528       0.50153468       0.14023036
242          6.11481843       5.54617063       0.47264669       0.09600110
243          6.36822011       5.82830124       0.47358080       0.06633807
244          6.64648363       6.07420293       0.52164779       0.05063291
245          6.79443722       6.13886964       0.62219093       0.03337666
246          6.75042581       5.99764126       0.73064793       0.02213662
247          6.75646437       5.93199484       0.80790718       0.01656235
248          7.07652027       6.23010566       0.82501140       0.02140322
249          7.57397831       6.78349588       0.76466014       0.02582229
250          7.95308951       7.26234868       0.66310527       0.02763556
251          8.08971774       7.49802451       0.56297592       0.02871731
252          8.07705948       7.58606328       0.46011254       0.03088366
253          8.01430848       7.64284297       0.33890648       0.03255902
254          7.85222994       7.58298045       0.23156543       0.03768407
255          7.70063623       7.45823019       0.19091792       0.05148813
256          7.72069483       7.42253931       0.23054380       0.06761172
257          7.92941559       7.50641653       0.34287480       0.08012426
258          8.32390082       7.74656974       0.48265964       0.09467144
259          8.79260580       8.08071428       0.58537871       0.12651280
260          9.08800882       8.34483548       0.57692940       0.16624393
261          9.14650933       8.48091589       0.47394202       0.19165142
262          9.03028648       8.44596804       0.39689568       0.18742277
263          8.96601488       8.40385701       0.39603294       0.16612493
264          9.14818887       8.55996888       0.44375227       0.14446772
265          9.50180868       8.86635510       0.50160084       0.13385275
266          9.87410789       9.16367193       0.58295172       0.12748424
267         10.20334601       9.38532586       0.68785806       0.13016209
268         10.42452606       9.52208863       0.76049541       0.14194202
269         10.48822246       9.55801634       0.77477366       0.15543246
270         10.48617291       9.55979676       0.74964917       0.17672698
271         10.40253839       9.46337860       0.73606037       0.20309941
272         10.13793245       9.17704291       0.72861061       0.23227893
273          9.73733275       8.80528679       0.68738917       0.24465679
274          9.31997386       8.47602229       0.61907429       0.22487729
275          8.99825426       8.25856890       0.57215822       0.16752714
276          8.78771267       8.09938780       0.58855481       0.09977005
277          8.75435126       8.05526111       0.64747588       0.05161426
278          8.89382249       8.16744254       0.70685131       0.01952863
279          9.15337992       8.39996465       0.75117978       0.00223549
280          9.39376837       8.60621255       0.78656346       0.00099235
281          9.51136665       8.67112646       0.83497592       0.00526426
282          9.60534326       8.69988307       0.90098313       0.00447706
283          9.81187249       8.84265308       0.96751244       0.00170697
284         10.08285275       9.07917941       1.00314679       0.00052655
285         10.27967799       9.26104883       1.01857430       0.00005486
286         10.41119163       9.34977586       1.06051352       0.00090225
287         10.60067597       9.46211393       1.13205478       0.00650726
288         10.82751593       9.61728247       1.19967162       0.01056184
289         11.02552802       9.80056357       1.22034598       0.00461847
290         11.21279499       9.95197783       1.26064155       0.00017561
291         11.46892883      10.10381055       1.35730844       0.00780985
292         11.67989794      10.19554129       1.46852664       0.01583001
293         11.67919777      10.12966083       1.53828069       0.01125625
294         11.45451544       9.89352292       1.55694517       0.00404735
295         11.14702063       9.55122251       1.59510610       0.00069201
296         10.80746272       9.14853454       1.65891134       0.00001684
297         10.43762084       8.73550941       1.70206901       0.00004242
298         10.14467062       8.43063088       1.71403617       0.00000357
299          9.99951269       8.30748116       1.69201279       0.00001874
300          9.97859632       8.34807038       1.63047471       0.00005123
301          9.96308490       8.39418342       1.56847463       0.00042686
302          9.93478456       8.39222318       1.54100524       0.00155614
303          9.79846841       8.24573772       1.55024027       0.00249042
304          9.48499239       7.92819859       1.55469851       0.00209529
305          9.13361328       7.58526599       1.54786008       0.00048721
306          9.06230262       7.54823715       1.51339017       0.00067531
307          9.33568780       7.87095571       1.45839565       0.00633644
308          9.56760971       8.18210338       1.37592895       0.00957738
309          9.34732439       8.07694342       1.26679302       0.00358795
310          8.92380933       7.75493888       1.16886480       0.00000564
311          8.67475916       7.53861885       1.13434096       0.00179935
312          8.54843531       7.40872235       1.13519385       0.00451911
313          8.45346273       7.30872625       1.13727450       0.00746198
314          8.45018664       7.27920718       1.16372240       0.00725705
315          8.55178417       7.34844304       1.19864651       0.00469463
316          8.77500542       7.52764693       1.24608863       0.00126986
317          8.94253510       7.67584313       1.26668137       0.00001060
318          8.96875487       7.65736263       1.31094868       0.00044356
319          8.93477166       7.59998136       1.33478928       0.00000101
320          9.00971657       7.66875891       1.33660173       0.00435593
321          9.13831659       7.77155753       1.34614918       0.02060988
322          9.38795380       7.88181425       1.46234873       0.04379082
323          9.60941199       7.93123213       1.59507551       0.08310435
324          9.74062568       7.86570336       1.75696687       0.11795544
325          9.81587920       7.67977225       1.98136783       0.15473913
326          9.79980167       7.42074048       2.18456736       0.19449383
327          9.74569188       7.20887327       2.30562757       0.23119105
328          9.84812465       7.23671457       2.35633871       0.25507136
329          9.97092752       7.31083321       2.40129444       0.25879987
330         10.08471644       7.30956997       2.49474112       0.28040535
331          9.89440690       6.97331049       2.61134789       0.30974853
332          9.59635111       6.55833337       2.71410508       0.32391266
333          9.54675005       6.42775552       2.79281064       0.32618389
334          9.68863955       6.51337953       2.83911858       0.33614144
335          9.86401667       6.57192160       2.92291639       0.36917868
336          9.97504345       6.51658780       3.03210044       0.42635521
337         10.10369727       6.43902815       3.15396338       0.51070574
338         10.19199248       6.33106376       3.24532071       0.61560800
339         10.25396692       6.18580151       3.32434132       0.74382409
340         10.35548835       5.99723846       3.43461043       0.92363946
341         10.55267083       5.84869914       3.54826598       1.15570571
342         10.83470758       5.79363562       3.62622569       1.41484628
343         11.07197401       5.74804231       3.65525672       1.66867498
344         11.19932685       5.65277386       3.66726774       1.87928524
345         11.31991872       5.55198150       3.76533918       2.00259804
346         11.64791287       5.61224505       4.08809057       1.94757725
347         12.03976804       5.74043509       4.55114148       1.74819147
348         12.14290889       5.67795249       4.90947184       1.55548457
349         12.06968352       5.41973318       5.14129703       1.50865331
350         11.94150382       5.07237871       5.28661733       1.58250777
351         11.87787650       4.74438809       5.43102890       1.70245951
352         11.91009316       4.50740729       5.60758815       1.79509772
353         12.07640191       4.48299596       5.78610931       1.80729663
354         12.48394784       4.75364338       5.98874702       1.74155744
355         13.17632992       5.28348496       6.26292503       1.62991994
356         13.98961985       5.93738277       6.52992606       1.52231103
357         14.70245753       6.57731780       6.70048445       1.42465527
358         15.32205840       7.03564575       6.94080175       1.34561090
359         15.60929997       7.03900270       7.24984263       1.32045464
360         15.58358218       6.68829549       7.54503676       1.35024993
361         15.43253690       6.21008817       7.85995585       1.36249287
362         15.32312598       5.75516655       8.25050109       1.31745834
363         15.10133600       5.39551733       8.45903196       1.24678672
364         14.81685211       5.24102608       8.39758493       1.17824110
365         14.75692334       5.29933066       8.33370148       1.12389120
366         15.09135238       5.45469828       8.55135959       1.08529450
367         15.75265878       5.68835598       8.95845851       1.10584428
368         16.53592106       6.02652252       9.29057881       1.21881973
369         17.09017793       6.26170047       9.47715314       1.35132432
370         17.09843341       6.15954597       9.53333656       1.40555088
371         16.62960853       5.75633098       9.50123563       1.37204192
372         16.03808637       5.38737825       9.34221340       1.30849472
373         15.80167537       5.36685203       9.15090633       1.28391702
374         16.16175435       5.59225681       9.21568638       1.35381116
375         16.81103985       5.83901520       9.48346573       1.48855892
376         17.29729891       5.94747483       9.67785299       1.67197109
377         17.47799076       5.97315946       9.65709547       1.84773583
378         17.34970402       5.98505664       9.40068658       1.96396081
379         17.10048931       6.04712781       9.11316189       1.94019961
380         16.72677809       5.99405371       8.89386141       1.83886298
381         16.24138372       5.64507202       8.83856667       1.75774503
382         15.72638636       5.14913644       8.91968817       1.65756175
383         15.33188781       4.77329467       9.05757834       1.50101480
384         15.16002464       4.67133470       9.12963327       1.35905667
385         15.20988655       4.76094857       9.15682240       1.29211558
386         15.27250420       4.84858354       9.17972440       1.24419627
387         15.35740967       4.94687792       9.20026930       1.21026245
388         15.58023838       5.09994007       9.28331759       1.19698072
389         15.91825136       5.28422140       9.44788681       1.18614314
390         16.18607449       5.37237165       9.66604441       1.14765843
391         16.27409852       5.29595200       9.84948125       1.12866527
392         16.29058745       5.07579145      10.09019424       1.12460175
393         16.17834344       4.72478028      10.41551938       1.03804379
394         15.99032009       4.32808164      10.80093271       0.86130574
395         15.79413690       4.04698203      11.06147046       0.68568441
396         15.54508281       3.90264596      11.08897179       0.55346505
397         15.25259558       3.88632345      10.91435004       0.45192209
398         15.09020847       4.03826958      10.67038738       0.38155151
399         15.13461780       4.29117303      10.49727762       0.34616715
400         15.27853420       4.47275734      10.46503763       0.34073923
401         15.52066614       4.50680245      10.67232532       0.34153837
402         15.67111605       4.43884258      10.90416246       0.32811101
403         15.68145449       4.36705799      11.03135971       0.28303679
404         15.63209016       4.31521655      11.10856837       0.20830525
405         15.68466970       4.32019812      11.23203545       0.13243612
406         15.92228756       4.46444065      11.38711068       0.07073624
407         16.34956517       4.80628312      11.51478690       0.02849515
408         16.58792375       5.14882520      11.43200275       0.00709580
409         16.38518552       5.34457922      11.03949413       0.00111218
410         15.84301603       5.43044956      10.41218409       0.00038238
411         15.60255087       5.71694647       9.88488100       0.00072340
412         15.78851912       6.15753901       9.62894766       0.00203244
413         16.21115212       6.64577449       9.55752689       0.00785074
414         16.55988690       6.95403207       9.58598494       0.01986989
415         16.77215084       7.10353645       9.62980841       0.03880598
416         16.97074377       7.22191452       9.68679915       0.06203010
417         17.03697651       7.21470806       9.73785190       0.08441655
418         17.03683233       7.16169645       9.76368735       0.11144853
419         17.02149197       7.15681585       9.72358784       0.14108828
420         17.04011346       7.26627704       9.60767998       0.16615644
421         16.97951266       7.39608622       9.40162800       0.18179844
422         16.89221789       7.51817601       9.17065988       0.20338200
423         16.84291116       7.53659885       9.05937485       0.24693747
424         16.70269409       7.39987159       8.98638371       0.31643879
425         16.45564566       7.19913562       8.86167349       0.39483655
426         16.37273103       7.12453378       8.78937938       0.45881787
427         16.54732304       7.23347743       8.82451932       0.48932629
428         16.79886756       7.42850784       8.85138846       0.51897126
429         16.72162874       7.55361065       8.65168571       0.51633237
430         16.47620794       7.59347294       8.41601376       0.46672124
431         16.47273791       7.75328632       8.31579640       0.40365519
432         16.72493345       7.95720742       8.40786991       0.35985612
433         17.18620343       8.11827434       8.72833182       0.33959727
434         17.47692934       7.96958460       9.18320555       0.32413919
435         17.41670158       7.48560106       9.63229863       0.29880189
436         17.13800537       6.90527245      10.00555854       0.22717438
437         16.78924526       6.37892828      10.26082229       0.14949470
438         16.42673773       6.00908545      10.32226241       0.09538988
439         16.14956944       5.87980606      10.22417265       0.04559073
440         15.93879526       5.91589129      10.01075090       0.01215307
441         15.58075236       5.91020321       9.67053505       0.00001410
442         15.21777059       5.84656030       9.36689622       0.00431407
443         15.07730639       5.78480569       9.28257637       0.00992433
444         15.19261718       5.82098825       9.35819566       0.01343327
445         15.26984061       5.91257604       9.34098888       0.01627568
446         15.37952731       6.04238097       9.31989917       0.01724717
447         15.53218003       6.07908548       9.43314088       0.01995367
448         15.66867007       6.09263749       9.54935199       0.02668060
449         15.68397703       6.06662382       9.58269416       0.03465904
450         15.67455443       5.86050088       9.77670933       0.03734422
451         15.67599660       5.54044562      10.09794501       0.03760597
452         15.77334542       5.26353328      10.46603765       0.04377450
453         16.11798019       5.18033823      10.88281068       0.05483127
454         16.54806321       5.16660096      11.30018379       0.08127846
455         17.00971541       5.12726534      11.76299437       0.11945570
456         17.42708022       5.08573025      12.17906475       0.16228521
457         17.81858392       5.08647732      12.54245925       0.18964735
458         17.96712114       5.03050702      12.71071864       0.22589549
459         17.92664658       4.88821757      12.75405905       0.28436996
460         17.72387231       4.67106484      12.72536331       0.32744415
461         17.50861184       4.42285144      12.75341152       0.33234888
462         17.40525905       4.13566045      12.96493456       0.30466404
463         17.40773856       3.81444028      13.33073618       0.26256210
464         17.52961231       3.52351192      13.78931928       0.21678111
465         17.79984136       3.46837196      14.12582027       0.20564913
466         18.13383760       3.67150647      14.22822156       0.23410957
467         18.11712078       3.90690997      13.94205417       0.26815665
468         17.81800251       3.99135903      13.55387697       0.27276652
469         17.48564272       3.90174475      13.34751021       0.23638776
470         17.10292237       3.65532414      13.26072967       0.18686857
471         16.64946173       3.33291650      13.18107686       0.13546836
472         16.19880820       3.11257693      12.97959954       0.10663173
473         15.90366809       3.10230447      12.70194574       0.09941788
474         15.62107902       3.26484150      12.25237977       0.10385775
475         15.47238273       3.49507673      11.86722026       0.11008575
476         15.55272016       3.67536742      11.73979689       0.13755585
477         15.87490972       3.79346007      11.90049018       0.18095947
478         16.12755644       3.85617275      12.07286622       0.19851747
479         16.10873027       3.87323556      12.05574764       0.17974707
480         15.88341550       3.81376209      11.92466462       0.14498879
481         15.75684029       3.79503953      11.85245024       0.10935053
482         15.75304160       3.87987189      11.79385890       0.07931081
483         15.88766570       4.06923257      11.77167474       0.04675838
484         16.20305923       4.32698242      11.85472889       0.02134792
485         16.52616029       4.51615775      11.99607677       0.01392577
486         16.70723868       4.49275024      12.19772214       0.01676630
487         16.69572349       4.29863273      12.38063850       0.01645227
488         16.72873281       4.02791706      12.68760065       0.01321510
489         16.95994502       3.77969725      13.16853164       0.01171613
490         17.22062100       3.56655489      13.63930899       0.01475712
491         17.30681410       3.44096720      13.84823750       0.01760940
492         17.30981572       3.44734042      13.84616064       0.01631466
493         17.24438752       3.55170114      13.68219286       0.01049352
494         17.09362403       3.62781973      13.45861884       0.00718545
495         16.78868195       3.62494526      13.15746533       0.00627137
496         16.37413599       3.58162571      12.78804284       0.00446744
497         16.05720547       3.52350509      12.53123885       0.00246153
498         15.93085958       3.46254099      12.46769017       0.00062842
499         16.09434130       3.46535526      12.62790217       0.00108387
500         16.46250830       3.64500772      12.80075245       0.01674814
501         16.90447695       3.97346053      12.88227502       0.04874140
502         17.21139237       4.30112081      12.83815199       0.07211956
503         17.16561366       4.46690723      12.62118191       0.07752452
504         16.85997865       4.42658873      12.34461072       0.08877920
505         16.60604087       4.34601849      12.14351128       0.11651110
506         16.56881312       4.33129567      12.08732454       0.15019291
507         16.67443139       4.29436491      12.20554470       0.17452178
508         16.65480986       4.19555940      12.27154651       0.18770396
509         16.48875591       4.03985611      12.24886106       0.20003874
510         16.44073532       3.88275383      12.36778637       0.19019512
511         16.58697678       3.82353546      12.60478950       0.15865181
512         16.80524975       3.88278075      12.78546222       0.13700678
513         16.92979352       3.99616732      12.82498406       0.10864215
514         16.85007775       4.01228470      12.74709079       0.09070227
515         16.63386511       3.97718367      12.56130827       0.09537316
516         16.31520476       3.88024571      12.32325218       0.11170687
517         15.85155048       3.71264907      12.00637559       0.13252582
518         15.48846197       3.53968850      11.79861674       0.15015673
519         15.38029534       3.41666385      11.78927185       0.17435964
520         15.41491264       3.30902956      11.90654816       0.19933492
521         15.45515224       3.22471867      12.01180686       0.21862671
522         15.52886760       3.29622870      12.00844076       0.22419814
523         15.57231851       3.45150444      11.91741626       0.20339781
524         15.30739796       3.46118862      11.67870820       0.16750114
525         14.82740802       3.29944254      11.39553035       0.13243513
526         14.50807611       3.12608164      11.25837772       0.12361676
527         14.55862453       3.02114682      11.40461921       0.13285849
528         14.86476413       2.93390527      11.79524142       0.13561743
529         15.32127863       2.89497416      12.30850990       0.11779457
530         15.67408939       2.94243104      12.63643796       0.09522039
531         15.92684180       3.05451831      12.79297367       0.07934981
532         16.02850026       3.13502985      12.82723716       0.06623325
533         16.00487261       3.14758991      12.80354816       0.05373454
534         15.76875362       3.10622190      12.61523387       0.04729786
535         15.50423697       3.08644676      12.37415771       0.04363249
536         15.46589181       3.12367208      12.29851840       0.04370134
537         15.69902746       3.15774890      12.48846497       0.05281358
538         16.21506909       3.18213149      12.95682089       0.07611670
539         16.74732006       3.17163640      13.47117726       0.10450640
540         17.11658697       3.06052429      13.93780754       0.11825514
541         17.50960821       2.87587035      14.51719555       0.11654230
542         18.15776006       2.80219029      15.24071778       0.11485200
543         18.92336646       2.96725512      15.85780088       0.09831046
544         19.71507472       3.26457744      16.38521608       0.06528120
545         20.37247333       3.50637935      16.82083706       0.04525692
546         20.81385456       3.61577527      17.15914156       0.03893773
547         20.97533660       3.65493034      17.28398374       0.03642252
548         20.92932907       3.68758823      17.20876317       0.03297767
549         20.97795497       3.75926892      17.18414351       0.03454255
550         21.40446629       3.93563547      17.42128077       0.04755005
551         22.08626802       4.18301643      17.82961832       0.07363327
552         22.70322710       4.41578719      18.18229407       0.10514584
553         23.17205528       4.67472536      18.37070310       0.12662682
554         23.61863199       4.98996488      18.49212392       0.13654319
555         23.99937371       5.21132509      18.64875708       0.13929154
556         24.23690866       5.35312005      18.73403191       0.14975670
557         24.51162047       5.56008939      18.78740358       0.16412751
558         24.79903686       5.76496033      18.85410874       0.17996778
559         24.91443199       5.89794544      18.82292812       0.19355843
560         24.97198406       6.06287894      18.69231813       0.21678699
561         25.24222017       6.33431919      18.65409166       0.25380932
562         25.62201835       6.65052947      18.68663978       0.28484910
563         26.03043742       6.96396791      18.77437606       0.29209346
564         26.37705237       7.23938492      18.87859076       0.25907669
565         26.77727421       7.52082901      19.06087700       0.19556820
566         27.24417396       7.76586532      19.33930169       0.13900695
567         27.56840619       8.01961626      19.43205991       0.11673002
568         27.89895129       8.08568072      19.69717835       0.11609222
569         28.07337403       7.92439503      20.01574757       0.13323144
570         28.03604288       7.65666515      20.22836411       0.15101361
571         27.71593547       7.43096091      20.12702694       0.15794762
572         26.88513090       7.18645681      19.55571681       0.14295728
573         25.81145269       6.87944263      18.82597598       0.10603408
574         24.82602712       6.60642703      18.15520336       0.06439673
575         24.01727881       6.42749920      17.55115732       0.03862229
576         23.43612861       6.30856747      17.10419572       0.02336543
577         23.10763110       6.20169878      16.89540986       0.01052245
578         23.07147136       6.21385511      16.85583525       0.00178100
579         23.11307696       6.37939589      16.73348582       0.00019525
580         23.09544456       6.75094780      16.34249866       0.00199810
581         23.02985373       7.25353394      15.77280550       0.00351429
582         22.88728162       7.61451027      15.27057298       0.00219837
583         22.64402636       7.71150556      14.93142592       0.00109487
584         22.31332288       7.59702878      14.71526740       0.00102669
585         21.99062065       7.36948517      14.62065775       0.00047773
586         21.89307677       7.12932390      14.76351020       0.00024267
587         22.11190890       7.02611008      15.08541840       0.00038042
588         22.38201521       7.07055110      15.31100381       0.00046030
589         22.52005023       7.23357996      15.28595724       0.00051303
590         22.44171723       7.40384067      15.03639132       0.00148523
591         22.22442770       7.37029824      14.84569292       0.00843655
592         22.00467952       7.18576899      14.79439694       0.02451359
593         21.92765843       7.05931656      14.82904557       0.03929630
594         22.13231125       7.15058945      14.93406299       0.04765880
595         22.62721321       7.34689780      15.23098526       0.04933016
596         23.17958334       7.38288755      15.73751752       0.05917828
597         23.56213259       7.15226212      16.33133179       0.07853868
598         23.88235646       6.84964042      16.94372885       0.08898719
599         24.15625816       6.69321002      17.38408115       0.07896699
600         24.18737822       6.74091503      17.39354853       0.05291466
601         24.14757734       6.77515671      17.33326998       0.03915065
602         24.46250303       6.84107131      17.58622519       0.03520654
603         24.83360874       6.87247533      17.90702904       0.05410437
604         25.12034098       7.15494273      17.88749946       0.07789879
605         25.25938030       7.56990679      17.60395387       0.08551963
606         25.42178679       7.81775513      17.53249369       0.07153797
607         25.40075532       7.87619792      17.48105300       0.04350440
608         25.41379762       7.93939875      17.45344592       0.02095295
609         25.49137403       7.94366643      17.53734152       0.01036608
610         25.60685911       7.95678954      17.64245868       0.00761089
611         25.75195698       8.08208536      17.66157115       0.00830047
612         25.82017757       8.40305675      17.40990988       0.00721094
613         25.75016635       8.77598546      16.96889019       0.00529069
614         25.54001590       9.08676616      16.45064628       0.00260345
615         25.46410766       9.33417255      16.12845873       0.00147638
616         25.45334956       9.46319729      15.98960481       0.00054746
617         25.37568893       9.34704079      16.02837265       0.00027549
618         25.16793631       9.02006131      16.14134640       0.00652861
619         24.93381613       8.67778041      16.23633522       0.01970050
620         24.73552505       8.48818286      16.22133025       0.02601194
621         24.38819639       8.36659900      15.99626902       0.02532837
622         23.80805544       8.28167672      15.49979302       0.02658570
623         23.24388799       8.41280152      14.79453002       0.03655645
624         22.86949328       8.62303613      14.18179870       0.06465846
625         22.42356612       8.58687892      13.73034058       0.10634662
626         21.68157848       8.23481772      13.30278730       0.14397347
627         21.03027927       7.82358677      13.04057246       0.16612005
628         20.80724043       7.58154395      13.04430379       0.18139268
629         20.67449477       7.50330391      12.96118601       0.21000485
630         20.39585137       7.49160386      12.63815163       0.26609588
631         20.06329783       7.45914952      12.28996222       0.31418610
632         19.85408559       7.46398475      12.08100066       0.30910018
633         19.87618923       7.45709327      12.14185155       0.27724441
634         19.98244092       7.51883009      12.19149486       0.27211597
635         20.13597968       7.71942271      12.10180801       0.31474896
636         20.32607911       7.94455111      12.00463621       0.37689179
637         20.46313893       8.19200915      11.84126618       0.42986360
638         20.47675242       8.49910773      11.49845537       0.47918932
639         20.38213138       8.85779370      10.98759673       0.53674094
640         20.24066000       9.21510620      10.45567642       0.56987738
641         20.12117671       9.51809227      10.05512830       0.54795613
642         20.06411356       9.69826369       9.85409861       0.51175126
643         20.14755194       9.86865156       9.78059454       0.49830584
644         20.54245428      10.17270510       9.84423550       0.52551367
645         21.22673352      10.53939507      10.11405704       0.57328141
646         21.75597714      10.73130067      10.45004755       0.57462892
647         21.77528942      10.61143140      10.63846255       0.52539546
648         21.44852200      10.31503533      10.66146143       0.47202525
649         21.14245294      10.05128449      10.62067989       0.47048856
650         20.99618349       9.82271701      10.64191256       0.53155391
651         20.82235695       9.67481646      10.53381803       0.61372245
652         20.65669645       9.72523167      10.24604268       0.68542210
653         20.71565662       9.85974469      10.10232045       0.75359148
654         21.10000877       9.87537784      10.38957818       0.83505276
655         21.50644255       9.80990947      10.81681177       0.87972131
656         21.57498481       9.72270788      11.01094825       0.84132869
657         21.23698835       9.57801061      10.88144702       0.77753071
658         20.86216599       9.58925460      10.56191345       0.71099794
659         20.65457504       9.59020170      10.41476995       0.64960339
660         20.55455642       9.50690761      10.41974655       0.62790226
661         20.52364160       9.44417526      10.46795189       0.61151444
662         20.60375767       9.48646899      10.52260674       0.59468193
663         20.88483755       9.52551324      10.75859457       0.60072974
664         21.26682216       9.47279467      11.17608714       0.61794035
665         21.61834411       9.49427239      11.51512732       0.60894441
666         21.90381064       9.73765905      11.60109595       0.56505564
667         22.10333758      10.16751918      11.41382690       0.52199150
668         22.26054696      10.58195487      11.19086061       0.48773148
669         22.35625710      10.83053100      11.06852524       0.45720087
670         22.42219236      10.94060092      11.06291839       0.41867306
671         22.30875148      10.92949325      10.97998658       0.39927165
672         21.97794663      10.75968908      10.77956962       0.43868793
673         21.69830214      10.53021600      10.63878298       0.52930316
674         21.68230143      10.40701154      10.66164859       0.61364130
675         21.85731688      10.40248242      10.81141287       0.64342158
676         22.03937397      10.49718366      10.89112995       0.65106035
677         22.14924255      10.54463581      10.96257015       0.64203659
678         22.18856973      10.52835928      11.04353149       0.61667895
679         22.25243784      10.51305031      11.14089963       0.59848790
680         22.25037779      10.58756787      11.04160260       0.62120731
681         22.26946862      10.83734274      10.76021733       0.67190855
682         22.41359330      11.21146011      10.46305410       0.73907909
683         22.66549261      11.59338861      10.28609906       0.78600493
684         22.99281958      11.83994414      10.38554308       0.76733236
685         23.38777761      11.94805121      10.71717605       0.72255035
686         23.77901690      11.94189843      11.14010458       0.69701389
687         23.97511910      11.84011048      11.46383897       0.67116966
688         24.01824448      11.70220063      11.66273903       0.65330482
689         24.05524318      11.59746042      11.79599062       0.66179214
690         24.25413075      11.64851821      11.89714282       0.70846971
691         24.42250780      11.78818372      11.85792021       0.77640388
692         24.37110133      11.75592184      11.81367703       0.80150246
693         24.19566574      11.43687533      11.99815769       0.76063271
694         24.11002721      11.09415057      12.32941842       0.68645822
695         24.01354204      10.85024765      12.52853731       0.63475709
696         23.78448870      10.67503391      12.47621198       0.63324281
697         23.61128317      10.56677854      12.41581792       0.62868672
698         23.55240506      10.52233524      12.43237538       0.59769445
699         23.47071471      10.42375200      12.49097572       0.55598699
700         23.07070133      10.18249625      12.34675762       0.54144745
701         22.67218614       9.95693835      12.20570443       0.50954336
702         22.40550147       9.72213503      12.23506767       0.44829877
703         22.39267579       9.52405222      12.50034326       0.36828031
704         22.41750210       9.36190165      12.77318872       0.28241172
705         22.37593420       9.24182575      12.88044618       0.25366226
706         22.25966746       9.04210884      12.97022998       0.24732864
707         21.94371488       8.57608045      13.14711230       0.22052213
708         21.40921763       7.93725863      13.30827661       0.16368240
709         20.90042650       7.49453737      13.28143357       0.12445556
710         20.54609854       7.37745664      13.06458762       0.10405427
711         20.20778714       7.42168822      12.70112583       0.08497309
712         19.96203513       7.45024608      12.45096884       0.06082022
713         19.67901753       7.40592641      12.23919928       0.03389184
714         19.26187894       7.30901098      11.93915027       0.01371769
715         18.78623587       7.18537849      11.59797527       0.00288212
716         18.44373157       7.13616676      11.30748335       0.00008146
717         18.28004582       7.17165299      11.10655182       0.00184100
718         18.17095773       7.18679539      10.96768714       0.01647521
719         18.17958872       7.17908297      10.94456967       0.05593607
720         18.17815700       7.18086793      10.90918349       0.08810559
721         18.05968579       7.16568803      10.80714466       0.08685311
722         17.73568763       7.06747901      10.58946704       0.07874158
723         17.51648457       6.99875009      10.42339511       0.09433937
724         17.54885536       7.05086525      10.37289625       0.12509386
725         17.67370309       7.11305025      10.39627680       0.16437604
726         17.79873205       7.09733786      10.49144004       0.20995415
727         17.88215043       7.05447826      10.58713303       0.24053914
728         18.08826369       7.11811488      10.74651748       0.22363133
729         18.42518206       7.26376507      10.97740570       0.18401130
730         18.57297757       7.27841831      11.11856987       0.17598939
731         18.38923952       7.07047085      11.10150377       0.21726490
732         18.13442814       6.72935974      11.11530508       0.28976332
733         18.03805426       6.52809215      11.16104346       0.34891866
734         18.00852160       6.46036318      11.17223947       0.37591895
735         17.82414690       6.34577201      11.10495881       0.37341609
736         17.55038022       6.22303779      10.99981493       0.32752750
737         17.30458046       6.18607196      10.84833921       0.27016929
738         17.35767907       6.30186244      10.81261674       0.24319989
739         17.76710435       6.48488563      11.03108630       0.25113242
740         18.25255948       6.60566758      11.38496185       0.26193006
741         18.58705089       6.53159641      11.81234244       0.24311204
742         18.77062909       6.28896715      12.27902685       0.20263509
743         18.92924221       6.08579060      12.67430040       0.16915121
744         18.89058728       6.05317475      12.68313740       0.15427513
745         18.59907322       6.14536410      12.30629188       0.14741723
746         18.27595436       6.28770660      11.84149040       0.14675735
747         17.92727526       6.33788102      11.43567562       0.15371862
748         17.45073437       6.25779433      11.02843659       0.16450346
749         16.89358029       6.21131649      10.51983602       0.16242777
750         16.38305905       6.20967311      10.03413944       0.13924650
751         15.93969548       6.20824009       9.61461707       0.11683831
752         15.47563854       6.27157759       9.09191082       0.11215012
753         15.19042048       6.46165144       8.60242477       0.12634428
754         14.82445351       6.55633457       8.12974215       0.13837679
755         14.48800396       6.55554201       7.78529071       0.14717125
756         14.18841507       6.44388914       7.57087084       0.17365509
757         13.63791512       6.09503304       7.33819469       0.20468739
758         13.06685913       5.75952606       7.07092247       0.23641060
759         12.58889770       5.57556664       6.77273153       0.24059953
760         12.26684442       5.52136553       6.51392167       0.23155723
761         12.02608188       5.60120684       6.18397868       0.24089636
762         12.05422921       5.91318371       5.86262323       0.27842227
763         12.25617920       6.25109720       5.67049487       0.33458713
764         12.65889864       6.53400287       5.74342659       0.38146918
765         13.15009437       6.83141331       5.90412213       0.41455892
766         13.45141156       7.10621469       5.91236815       0.43282873
767         13.63549135       7.37940539       5.78527783       0.47080812
768         13.82056906       7.58929450       5.70109104       0.53018352
769         14.05088815       7.77349704       5.65886200       0.61852912
770         14.23287808       7.94722191       5.58603256       0.69962361
771         14.45930550       8.19934945       5.48978054       0.77017551
772         14.76768591       8.46777082       5.45653318       0.84338191
773         15.12286839       8.76964310       5.46142247       0.89180282
774         15.47053739       9.04217199       5.50993325       0.91843215
775        154.41614826     147.90884023       5.59863875       0.90866928
776         15.90582418       9.28779414       5.72617338       0.89185666
777         15.98466659       9.33226719       5.81026858       0.84213082
778         15.92518563       9.42646927       5.71674782       0.78196854
779         15.74418904       9.47648044       5.50133830       0.76637030
780         15.52832751       9.36855320       5.29360246       0.86617185
781         15.28157282       9.09720896       5.13128489       1.05307897
782         15.00540955       8.78765639       4.97896575       1.23878741
783         14.67543656       8.49353373       4.81712101       1.36478182
784         14.34787857       8.23803868       4.64060599       1.46923390
785         14.16278126       8.03308388       4.56224554       1.56745184
786         14.07815552       7.92552643       4.52826824       1.62436085
787         13.95861774       7.84658110       4.48332707       1.62870956
788         13.70594352       7.73274887       4.36907901       1.60411564
789         13.52212760       7.67175775       4.24269476       1.60767509
790         13.51299648       7.69730635       4.15162166       1.66406847
791         13.60419568       7.76881022       4.10075825       1.73462721
792         13.66603263       7.75410008       4.09471624       1.81721632
793         13.70931378       7.64859165       4.10633737       1.95438476
794         13.89387931       7.54778762       4.19904826       2.14704343
795         14.16966488       7.45816169       4.36117494       2.35032825
796         14.32580473       7.29399255       4.47553505       2.55627713
797         14.18764416       7.05206105       4.42071524       2.71486787
798         13.86720091       6.77615403       4.26826208       2.82278480
799         13.56889763       6.50401086       4.12680901       2.93807775
800         13.65998181       6.48366207       4.13835489       3.03796485
801         14.06450846       6.66203607       4.21027391       3.19219848
802         14.43312863       6.84448669       4.21862808       3.37001386
803         14.56042541       6.87850488       4.16739194       3.51452859
804         14.37857595       6.80984791       4.00021896       3.56850907
805         14.02616503       6.72373540       3.71897359       3.58345604
806         13.70289684       6.62394384       3.45473848       3.62421453
807         13.48627038       6.51094829       3.33146514       3.64385695
808         13.28648184       6.39629618       3.29091302       3.59927264
809         13.20226256       6.33709311       3.27694395       3.58822549
810         13.23746008       6.30160323       3.29597351       3.63988334
811         13.49418889       6.38575483       3.42670360       3.68173047
812         13.89624668       6.61357012       3.56681547       3.71586109
813         14.45932544       6.97163580       3.65861616       3.82907348
814         14.96828151       7.28320374       3.68869971       3.99637806
815         15.27353236       7.46544258       3.72912187       4.07896791
816         15.50585947       7.55733655       3.80335087       4.14517205
817         15.90959990       7.71691414       3.89420364       4.29848212
818         16.23974374       7.81180476       3.96318622       4.46475277
819         16.37617413       7.80473678       4.00866721       4.56277014
820         16.85431881       7.91389158       4.18153119       4.75889605
821         17.39967660       8.04543771       4.38517821       4.96906068
822         17.85336519       8.09454103       4.59337041       5.16545375
823         18.19430162       8.11215124       4.75362075       5.32852963
824         18.52288252       8.17047434       4.91140291       5.44100527
825         18.65783979       8.11865301       5.02339525       5.51579152
826         18.61899710       8.09209848       4.97392768       5.55297094
827         18.52434878       8.09796376       4.83778274       5.58860229
828         18.42886600       8.05982947       4.82591741       5.54311912
829         18.44997523       7.97558007       4.97868456       5.49571061
830         18.61046636       7.95313305       5.18119706       5.47613625
831         18.86464338       8.00347417       5.43421846       5.42695076
832         19.21198815       8.15467695       5.73161622       5.32569497
833         19.65736994       8.34294341       6.08274618       5.23168036
834         19.95547906       8.47399046       6.34131507       5.14017353
835         20.08560459       8.52627146       6.46923577       5.09009735
836         20.15384053       8.50531243       6.50515696       5.14337114
837         20.26560388       8.54247066       6.51934012       5.20379310
838         20.51529197       8.66356871       6.54719726       5.30452599
839         20.78365571       8.87934857       6.51162133       5.39268580
840         21.08557010       9.12646239       6.42757222       5.53153549
841         21.37862293       9.37357771       6.34156554       5.66347969
842         21.78491916       9.62329640       6.38969852       5.77192423
843         22.46565261       9.96849353       6.59268335       5.90447573
844         23.45572471      10.45105823       6.90793660       6.09672987
845         24.47114067      10.96259684       7.20317288       6.30537095
846         25.33093461      11.40989211       7.43439735       6.48664516
847         25.87919755      11.55853138       7.61545215       6.70521401
848         26.07688762      11.35629813       7.77457802       6.94601148
849         26.26434018      11.01658234       7.93991078       7.30784706
850         26.55125920      10.70242619       8.16616598       7.68266702
851         27.10028531      10.50390631       8.51056787       8.08581112
852         27.83917321      10.47725017       8.98765240       8.37427065
853         28.73766830      10.63983217       9.59228169       8.50555444
854         29.54814852      10.88063965      10.09950419       8.56800468
855         29.94313438      10.85147192      10.38938324       8.70227922
856         29.70862594      10.44452051      10.45677139       8.80733404
857         29.14378033       9.96256009      10.38387761       8.79734262
858         28.50873389       9.70216101      10.14820855       8.65836434
859         28.01184465       9.75244470       9.83173752       8.42766243
860         27.76755202      10.00833529       9.58767834       8.17153839
861         27.79195322      10.29455047       9.44665791       8.05074484
862         28.20507899      10.50224363       9.49172138       8.21111398
863         28.83141258      10.66882616       9.60517930       8.55740712
864         29.39259579      10.84069151       9.69246877       8.85943551
865         29.67883793      10.97396486       9.70736116       8.99751191
866         29.87600794      11.00298337       9.86860167       9.00442290
867         30.13664511      11.03675112      10.15006452       8.94982947
868         30.59247127      11.16395657      10.44488131       8.98363339
869         30.88472774      11.23702862      10.54022514       9.10747397
870         30.65769657      11.22692250      10.31700593       9.11376814
871         30.08053249      11.17079923       9.91846444       8.99126882
872         29.66695330      11.17447905       9.54760499       8.94486927
873         29.65734102      11.33999072       9.46947999       8.84787030
874         29.81716607      11.71086115       9.67425454       8.43205037
875         30.07055909      12.13116494      10.03123724       7.90815691
876         30.25019665      12.35704900      10.27576442       7.61738323
877         30.39698078      12.36546660      10.34205667       7.68945751
878         30.57624001      12.28469301      10.36810061       7.92344639
879         30.83257591      12.26109884      10.46209699       8.10938008
880         31.23715275      12.32718504      10.68857488       8.22139283
881         31.58266585      12.35815429      11.04687912       8.17763244
882         31.74705945      12.35373975      11.49299138       7.90032832
883         31.69313167      12.39981215      11.76182747       7.53149205
884         31.61572371      12.51878402      11.87338155       7.22355815
885         31.86222035      12.77229110      12.10260592       6.98732333
886         32.36915964      13.23994993      12.40835583       6.72085388
887         32.83750508      13.63944475      12.66069245       6.53736789
888         32.93284943      13.52502854      12.84586987       6.56195102
889         32.60976167      12.90227075      12.98211710       6.72537382
890         32.18275285      12.25608186      13.01559121       6.91107977
891         31.82317474      11.98650104      12.85057265       6.98610104
892         31.47193232      12.06826024      12.47044568       6.93322641
893         31.17602537      12.24981093      12.09984176       6.82637268
894         30.90558488      12.38182522      11.85145076       6.67230890
895         30.74789898      12.61864787      11.71044249       6.41880862
896         30.86171119      13.01690106      11.72421660       6.12059352
897         31.08034368      13.47608462      11.80588276       5.79837630
898         31.15753077      13.90367135      11.77572537       5.47813405
899         30.86864669      14.19763439      11.54012032       5.13089197
900         30.48945449      14.36130638      11.29644657       4.83170155
901         30.29354856      14.48490746      11.16455687       4.64408422
902         30.11863431      14.52639881      11.10136982       4.49086568
903         29.66548647      14.30173169      10.95495993       4.40879485
904         29.12828186      13.89156274      10.86146079       4.37525834
905         29.03111485      13.57925566      10.99472521       4.45713398
906         29.43376656      13.52465078      11.34516586       4.56394992
907         29.80854941      13.39332782      11.84612044       4.56910115
908         29.98004051      13.15996083      12.31867765       4.50140203
909         30.26615209      13.12567946      12.70543013       4.43504250
910         30.84984842      13.40290409      13.05911043       4.38783391
911         31.50186238      13.75775478      13.43554548       4.30856212
912         31.88736841      13.93571307      13.72289083       4.22876451
913         31.94412942      14.01446497      13.75316339       4.17650107
914         31.76172593      14.08258549      13.55545765       4.12368279
915         31.33267725      14.12708764      13.20039620       4.00519340
916         30.88627992      14.09082833      12.89797403       3.89747756
917         30.93607287      14.21713108      12.85443123       3.86451055
918         31.78390813      14.62920504      13.20064116       3.95406194
919         33.03297591      15.31262459      13.68168248       4.03866885
920         34.17080980      16.01306130      14.09956975       4.05817874
921         35.08777536      16.73835749      14.28276881       4.06664906
922         35.68646284      17.37079899      14.15228556       4.16337829
923         35.88939430      17.70603907      13.81649735       4.36685788
924         35.91896618      17.78571216      13.58012718       4.55312685
925         36.23402539      17.89934152      13.63551255       4.69917132
926         37.06662261      18.25277962      14.02439180       4.78945119
927         37.88204345      18.52267266      14.62826805       4.73110273
928         38.45780336      18.69003057      15.18375146       4.58402132
929         38.66260092      18.74788446      15.46736316       4.44735330
930         38.48233974      18.75675051      15.43394542       4.29164381
931         37.64785398      18.52379700      15.04939871       4.07465827
932         36.52873112      18.21272795      14.48376884       3.83223433
933         35.64288980      17.98333760      13.96967222       3.68987998
934         35.22058911      17.91819706      13.59573579       3.70665626
935         35.13770135      17.95334775      13.37006304       3.81429056
936         35.40696428      18.16931801      13.28343710       3.95420917
937         36.11693332      18.65830893      13.36467213       4.09395226
938         36.98169301      19.30390022      13.43859890       4.23919390
939         37.96924865      20.10356964      13.48600308       4.37967593
940         38.85288116      20.72234903      13.60873708       4.52179505
941         39.50379648      21.12260841      13.72822078       4.65296729
942         39.87484855      21.40670248      13.66263746       4.80550860
943         40.27352938      21.76010042      13.54711714       4.96631182
944         40.69020173      22.01706029      13.57067383       5.10246761
945         41.07393123      22.22882428      13.63060312       5.21450383
946         41.49485796      22.73081301      13.48734461       5.27670034
947         42.15813104      23.58617290      13.29387632       5.27808182
948         43.00473374      24.39745236      13.34173784       5.26554354
949         43.33803457      24.66247975      13.44856935       5.22698547
950         43.24181115      24.48307668      13.61719300       5.14154147
951         43.30058840      24.30672492      13.92674398       5.06711949
952         43.62404658      24.27184643      14.36749521       4.98470495
953         43.98966299      24.38638259      14.69807358       4.90520682
954         43.96433480      24.37046504      14.82702140       4.76684836
955         43.89857056      24.35816378      14.93838563       4.60202115
956         43.94535672      24.48457923      15.10035808       4.36041941
957         43.86002680      24.62786306      15.12537362       4.10679012
958         43.47150406      24.58257662      15.07469629       3.81423115
959         42.74927358      24.20505450      15.08605344       3.45816564
960         41.72299246      23.47522987      15.15524135       3.09252125
961         40.58439229      22.60992495      15.23421022       2.74025712
962         40.00473354      22.06898331      15.48776017       2.44799006
963         40.44210765      22.14859357      16.00397209       2.28954200
964         41.30298227      22.64491980      16.41166214       2.24640033
965         41.92004582      23.12095983      16.51733164       2.28175435
966         42.24131517      23.43411230      16.40361660       2.40358627
967         42.26041516      23.58068414      16.14261848       2.53711254
968         42.11396188      23.72027620      15.76080472       2.63288096
969         42.12211841      24.11940169      15.33740553       2.66531119
970         42.23362762      24.57235928      14.98774547       2.67352287
971         42.39507257      24.86166081      14.88068977       2.65272200
972         42.47007742      24.87608244      14.99720518       2.59678980
973         42.49838320      24.70452167      15.26440161       2.52945992
974         42.70666932      24.57000890      15.66605325       2.47060717
975         43.11778046      24.63119758      16.06335788       2.42322501
976         43.69942744      25.07633408      16.24864175       2.37445161
977         44.49546868      25.78203781      16.33189498       2.38153590
978         45.24590618      26.45970772      16.38978919       2.39640927
979         45.55690065      26.78701609      16.37438214       2.39550242
980         45.67021545      26.86539420      16.38292798       2.42189327
981         45.84249518      26.87989186      16.45611236       2.50649096
982         46.12600221      27.00772824      16.50200010       2.61627387
983         46.34984642      27.27628558      16.30980162       2.76375922
984         46.37248657      27.57926800      15.88645951       2.90675906
985         46.04509206      27.71478410      15.35136335       2.97894462
986         45.42915797      27.72440272      14.71223846       2.99251678
987         44.84839754      27.66843435      14.16580533       3.01415786
988         44.41236757      27.58791827      13.78674669       3.03770261
989         44.27847803      27.55880853      13.63195220       3.08771729
990         44.30229619      27.50324730      13.63407564       3.16497325
991         44.39278291      27.41079051      13.75758468       3.22440773
992         44.34527863      27.19505988      13.84719250       3.30302625
993         44.42876173      27.14522475      13.89694607       3.38659091
994         44.50117677      27.22175309      13.75278727       3.52663641
995         44.57800913      27.45597583      13.43155893       3.69047437
996         44.68121225      27.69039270      13.19281044       3.79800911
997         44.90744078      27.97954126      13.10359304       3.82430647
998         45.29998251      28.43010200      13.06302144       3.80685907
999         45.91931393      29.06290052      13.10894415       3.74746927
1000        46.57930412      29.52458981      13.35974490       3.69496940
