1            0.00000000       0.00000000       0.00000000       0.00000000
2            0.00308370       0.00080909       0.00018788       0.00208673
3            0.01375538       0.00244685       0.00074547       0.01056306
4            0.02555775       0.00282275       0.00050451       0.02223049
5            0.02635092       0.00142404       0.00000084       0.02492604
6            0.02229373       0.00149815       0.00047510       0.02032049
7            0.01936855       0.00441291       0.00168648       0.01326916
8            0.01722850       0.00877340       0.00143235       0.00702276
9            0.00930703       0.00531388       0.00026866       0.00372448
10           0.00658727       0.00113057       0.00095851       0.00449819
11           0.01584733       0.00030714       0.00613753       0.00940265
12           0.03613339       0.00126080       0.01496225       0.01991034
13           0.05706183       0.00456072       0.01807316       0.03442795
14           0.07733849       0.00782984       0.01739444       0.05211421
15           0.09818916       0.01110127       0.01601313       0.07107476
16           0.11804137       0.01217760       0.01379884       0.09206493
17           0.12471371       0.00758057       0.00421829       0.11291484
18           0.14827934       0.00173936       0.00119424       0.14534574
19           0.20328628       0.00008258       0.01644961       0.18675408
20           0.24072834       0.00307220       0.01792480       0.21973133
21           0.24468852       0.00959932       0.00177252       0.23331668
22           0.25825549       0.01551169       0.00244685       0.24029695
23           0.28912512       0.01254683       0.00628148       0.27029681
24           0.29937382       0.00853042       0.00405074       0.28679266
25           0.28544094       0.00752680       0.00226899       0.27564515
26           0.27672610       0.00989653       0.00242448       0.26440509
27           0.27983146       0.00854180       0.00529056       0.26599910
28           0.30543706       0.00422661       0.01450405       0.28670640
29           0.37925205       0.00157681       0.03847102       0.33920422
30           0.47989590       0.00231573       0.07205630       0.40552387
31           0.59584990       0.01199010       0.09907323       0.48478657
32           0.72930149       0.03663478       0.10393954       0.58872718
33           0.84981044       0.05061243       0.08417495       0.71502306
34           0.93031024       0.03877213       0.06656336       0.82497476
35           0.97608124       0.02218260       0.06698269       0.88691595
36           1.01625287       0.01195603       0.08560942       0.91868742
37           1.08918611       0.00930231       0.10586158       0.97402222
38           1.18664336       0.00978833       0.13256206       1.04429298
39           1.30314791       0.00513437       0.17322295       1.12479059
40           1.47088818       0.00009674       0.22073903       1.25005242
41           1.67093459       0.00360611       0.24463436       1.42269412
42           1.84948145       0.01293358       0.23105618       1.60549168
43           1.98512613       0.02045766       0.19516984       1.76949863
44           2.13160456       0.03204345       0.17231811       1.92724300
45           2.35116862       0.05683881       0.18266381       2.11166599
46           2.66911622       0.09413860       0.22311518       2.35186243
47           3.04945119       0.14247364       0.25827517       2.64870238
48           3.43093421       0.18596265       0.25651774       2.98845382
49           3.78406639       0.20557490       0.22729768       3.35119382
50           4.11092173       0.21956116       0.19232891       3.69903165
51           4.41795977       0.25391641       0.17024060       3.99380276
52           4.77391678       0.31514501       0.16578680       4.29298497
53           5.22246198       0.36357297       0.18276103       4.67612798
54           5.71465519       0.35932958       0.20558442       5.14974119
55           6.17976346       0.32427461       0.22000285       5.63548601
56           6.54998045       0.29071860       0.23618615       6.02307570
57           6.88411977       0.29423047       0.27586020       6.31402910
58           7.03360408       0.31545374       0.31530396       6.40284638
59           6.95892165       0.34734136       0.33712627       6.27445402
60           6.74391239       0.34549156       0.36473038       6.03369045
61           6.53060738       0.28681388       0.41071342       5.83308009
62           6.34861447       0.21700020       0.45459963       5.67701464
63           6.12014748       0.16489405       0.47042390       5.48482952
64           5.80422924       0.14511160       0.47635948       5.18275817
65           5.47528034       0.15135337       0.50047331       4.82345367
66           5.19983204       0.16679660       0.52505588       4.50797956
67           4.96841550       0.20129443       0.55298387       4.21413720
68           4.73655504       0.21348444       0.56703954       3.95603106
69           4.52250838       0.21747390       0.59922476       3.70580973
70           4.36532179       0.22423840       0.64443535       3.49664804
71           4.27321103       0.22869225       0.71999028       3.32452850
72           4.27418716       0.24720068       0.80652822       3.22045826
73           4.23831635       0.25642458       0.85894905       3.12294272
74           4.17617776       0.27882813       0.87515997       3.02218966
75           4.07771574       0.29653068       0.86721393       2.91397112
76           4.01168749       0.32588375       0.86448700       2.82131674
77           3.99019104       0.37499606       0.87704133       2.73815365
78           4.01552568       0.43669148       0.89826278       2.68057142
79           4.13373827       0.51907516       0.92747927       2.68718384
80           4.33007348       0.61228087       0.96109298       2.75669963
81           4.61599674       0.74449323       1.00510384       2.86639968
82           4.97408243       0.88726117       1.07963143       3.00718983
83           5.47433158       1.07908479       1.19257312       3.20267367
84           5.99686930       1.26483785       1.31941529       3.41261616
85           6.53728443       1.45690276       1.44143517       3.63894650
86           6.87561445       1.57019051       1.52484287       3.78058107
87           6.99627601       1.61603326       1.55081022       3.82943252
88           6.98813242       1.63803197       1.50570839       3.84439206
89           6.88676798       1.62513901       1.37973229       3.88189669
90           6.81664196       1.59126423       1.23815428       3.98722346
91           6.78952670       1.55821132       1.11812726       4.11318811
92           6.91522325       1.61196189       1.05090527       4.25235609
93           7.13124494       1.70381608       1.04705718       4.38037168
94           7.50407267       1.87130047       1.10708597       4.52568623
95           7.87858732       2.04453139       1.19462882       4.63942711
96           8.35082022       2.27664245       1.28967176       4.78450602
97           8.81261173       2.50069116       1.36906760       4.94285297
98           9.23594863       2.70673743       1.41951185       5.10969935
99           9.56231410       2.88515768       1.42837590       5.24878052
100          9.69800215       2.97044801       1.39326812       5.33428602
101          9.77218821       2.95671983       1.33578090       5.47968748
102          9.77253364       2.82775508       1.28388071       5.66089785
103          9.84189609       2.71101082       1.24519753       5.88568774
104          9.84643870       2.58887505       1.21971953       6.03784413
105          9.93982596       2.54965961       1.19650660       6.19365974
106          9.97762461       2.51387871       1.16697502       6.29677087
107         10.04705437       2.52953047       1.12250991       6.39501399
108         10.09226815       2.55888211       1.07023535       6.46315068
109         10.14410712       2.62011827       1.00736326       6.51662559
110         10.18195145       2.68349568       0.92857503       6.56988074
111         10.23690255       2.73198281       0.86147287       6.64344686
112         10.32648428       2.78251654       0.80617510       6.73779264
113         10.31138728       2.75477066       0.75541788       6.80119874
114         10.38476784       2.74480979       0.70445172       6.93550633
115         10.38076679       2.69025893       0.64347079       7.04703708
116         10.42768029       2.62231343       0.60342845       7.20193841
117         10.39798562       2.49050348       0.57366099       7.33382115
118         10.49929865       2.37623726       0.55948802       7.56357336
119         10.66461290       2.28073823       0.55892970       7.82494497
120         11.02662343       2.24411611       0.59705265       8.18545467
121         11.56677027       2.25340169       0.68867630       8.62469227
122         12.20512384       2.26275531       0.81780220       9.12456632
123         12.85245765       2.26079741       0.94049158       9.65116866
124         13.36268852       2.22416479       1.01191011      10.12661361
125         13.61508595       2.12985163       1.00897798      10.47625634
126         13.53548506       1.98732841       0.94308513      10.60507153
127         13.42437685       1.84557159       0.88509546      10.69370980
128         13.36705255       1.75895988       0.83711603      10.77097663
129         13.51677117       1.74271848       0.83736716      10.93668553
130         13.58582132       1.75479122       0.82669956      11.00433054
131         13.59272261       1.80379413       0.79553852      10.99338996
132         13.45422999       1.88177093       0.70022554      10.87223352
133         13.34794471       1.99741471       0.59649346      10.75403653
134         13.22443295       2.13860092       0.50276207      10.58306996
135         13.14158521       2.28977061       0.44467744      10.40713717
136         13.10238193       2.43194896       0.41461541      10.25581756
137         13.10227335       2.57340445       0.39818881      10.13068009
138         13.18986190       2.71909820       0.40150351      10.06926018
139         13.21800633       2.82175720       0.41733627       9.97891285
140         13.25072558       2.87267387       0.45649630       9.92155540
141         13.07463209       2.84073574       0.49454616       9.73935020
142         12.89230886       2.77888430       0.53972773       9.57369683
143         12.62378484       2.67728896       0.56544619       9.38104969
144         12.40626192       2.53888997       0.59719341       9.27017854
145         12.10910728       2.37702945       0.62990921       9.10216862
146         11.86166309       2.24346910       0.67495763       8.94323637
147         11.59932848       2.16833117       0.69250799       8.73848931
148         11.34218879       2.15959410       0.66782972       8.51476497
149         11.06969739       2.17806994       0.62293368       8.26869377
150         10.76649768       2.19803035       0.57664146       7.99182587
151         10.59654155       2.26226002       0.54406286       7.79021867
152         10.49238360       2.36636963       0.51266350       7.61335047
153         10.49497279       2.48053847       0.49499807       7.51943626
154         10.46291620       2.55230793       0.49311544       7.41749283
155         10.51008020       2.61937917       0.50904348       7.38165755
156         10.54285620       2.66759435       0.51413992       7.36112193
157         10.70271345       2.72580130       0.52238962       7.45452253
158         10.86240325       2.77498163       0.53059156       7.55683007
159         10.97489159       2.79164599       0.54976458       7.63348103
160         10.92595563       2.68898631       0.56440205       7.67256727
161         10.84325009       2.49726908       0.58805819       7.75792283
162         10.81951773       2.28166124       0.63539696       7.90245952
163         10.85166038       2.12313240       0.69947262       8.02905536
164         11.04422467       2.13277114       0.73490990       8.17654363
165         11.28612755       2.30474715       0.71831534       8.26306507
166         11.45402338       2.45169134       0.69538069       8.30695135
167         11.61101361       2.53621725       0.72421926       8.35057710
168         11.79333330       2.59997569       0.79314661       8.40021100
169         11.93144245       2.65078574       0.91400229       8.36665442
170         12.26185648       2.72302730       1.08413205       8.45469713
171         12.35313242       2.70579967       1.25382826       8.39350449
172         12.39645150       2.65293650       1.40104650       8.34246850
173         12.46376486       2.60679279       1.48126730       8.37570478
174         12.62887872       2.53409521       1.54426591       8.55051760
175         12.62956842       2.41573779       1.57433779       8.63949284
176         12.64398560       2.27673916       1.64269037       8.72455606
177         12.63481192       2.14103679       1.72590467       8.76787046
178         12.59982593       2.04664079       1.78106214       8.77212300
179         12.58404176       1.97447437       1.78421866       8.82534873
180         12.54039302       1.91220462       1.75045672       8.87773167
181         12.66963574       1.92963423       1.72840554       9.01159597
182         12.72497075       1.99918272       1.67962613       9.04616190
183         12.95238337       2.11843426       1.65660999       9.17733913
184         13.07362604       2.27931064       1.62731601       9.16699938
185         13.25069196       2.48292519       1.60260983       9.16515694
186         13.24048489       2.64823684       1.54264960       9.04959845
187         13.11444248       2.69394933       1.48697341       8.93351974
188         12.78283886       2.54905860       1.44924119       8.78453907
189         12.29168674       2.28357465       1.41119353       8.59691855
190         11.89159255       2.02387014       1.35867840       8.50904401
191         11.49574511       1.79617657       1.27746156       8.42210698
192         11.33130489       1.65435829       1.21936985       8.45757675
193         11.36374560       1.58581881       1.20216999       8.57575679
194         11.57941346       1.60655214       1.22074839       8.75211293
195         11.66303842       1.66221535       1.24097838       8.75984469
196         11.83751432       1.73818339       1.27718498       8.82214596
197         11.81619573       1.77267943       1.30001971       8.74349659
198         11.83270622       1.77752298       1.35375459       8.70142865
199         11.77828716       1.74668289       1.39960432       8.63199995
200         11.70028403       1.71040814       1.43417759       8.55569830
201         11.64557106       1.68837838       1.44221908       8.51497361
202         11.41822243       1.66282642       1.39600520       8.35939081
203         11.13758977       1.62818626       1.36061976       8.14878375
204         10.77916210       1.55599885       1.32522416       7.89793908
205         10.53560633       1.48756664       1.26902314       7.77901656
206         10.31093270       1.39083008       1.17265424       7.74744838
207         10.19029792       1.30913526       1.05562745       7.82553521
208         10.08367096       1.24042968       0.94417285       7.89906843
209         10.11226929       1.23136456       0.88522584       7.99567889
210         10.19548795       1.25281142       0.87622422       8.06645231
211         10.25311422       1.26261827       0.86126559       8.12923036
212         10.23201063       1.22735207       0.82437032       8.18028824
213         10.11234510       1.14007452       0.77457177       8.19769881
214          9.98601101       1.04535327       0.71656472       8.22409302
215          9.91777247       0.97377756       0.65953214       8.28446277
216          9.97213600       0.93207376       0.63814829       8.40191396
217         10.13417252       0.91079663       0.64668958       8.57668630
218         10.40384558       0.91524301       0.67735326       8.81124931
219         10.61521187       0.93946103       0.72129733       8.95445351
220         10.72151995       0.94773800       0.78871383       8.98506812
221         10.74439998       0.91352030       0.85716793       8.97371174
222         10.61634888       0.82544206       0.90198770       8.88891912
223         10.39958990       0.72430472       0.93629249       8.73899268
224         10.15114545       0.62618748       0.96011533       8.56484264
225          9.99694077       0.56277461       0.96872395       8.46544221
226          9.97500923       0.55464582       0.95869266       8.46167076
227         10.00348131       0.57517890       0.93174324       8.49655917
228          9.94303923       0.59674480       0.88723751       8.45905691
229          9.77266026       0.61797285       0.82770543       8.32698198
230          9.47658974       0.61412754       0.73996140       8.12250080
231          9.14677674       0.59928895       0.64820656       7.89928124
232          8.87013054       0.60133126       0.59197701       7.67682227
233          8.66622513       0.60438627       0.57726583       7.48457302
234          8.49579759       0.59388450       0.57150104       7.33041205
235          8.32862150       0.57978746       0.55842510       7.19040895
236          8.15378527       0.57900445       0.54027485       7.03450597
237          8.00922981       0.58112174       0.51440299       6.91370508
238          7.94444813       0.59685133       0.50525852       6.84233828
239          7.96847875       0.62443320       0.53225342       6.81179213
240          8.04665207       0.67846467       0.60182786       6.76635953
241          8.12397775       0.70429635       0.68761253       6.73206888
242          8.16714664       0.70854626       0.76282550       6.69577488
243          8.16442367       0.70576329       0.81452092       6.64413945
244          8.15044571       0.71224548       0.84603178       6.59216845
245          8.16168822       0.71566533       0.86502511       6.58099779
246          8.21363151       0.70204397       0.87631004       6.63527750
247          8.27741367       0.66939202       0.86760385       6.74041779
248          8.33177795       0.62871880       0.85639326       6.84666589
249          8.41082260       0.61354828       0.86305651       6.93421780
250          8.53789833       0.60959683       0.90520953       7.02309197
251          8.68181893       0.60144875       0.95120921       7.12916097
252          8.71978852       0.54481712       0.95468410       7.22028731
253          8.67848773       0.47207894       0.93097367       7.27543511
254          8.58316391       0.39036506       0.89291799       7.29988086
255          8.47337634       0.31829791       0.85200306       7.30307537
256          8.45046306       0.27816766       0.85179179       7.32050361
257          8.54390441       0.26609069       0.92754560       7.35026812
258          8.68736232       0.27604116       1.08172815       7.32959301
259          8.89888612       0.27480324       1.29368404       7.33039884
260          9.12738017       0.26594683       1.48770136       7.37373197
261          9.39607761       0.26997897       1.65836010       7.46773854
262          9.70285681       0.28978522       1.85471357       7.55835802
263         10.01071224       0.30356330       2.00012034       7.70702859
264         10.23591454       0.31712752       2.10900049       7.80978653
265         10.30096818       0.30952577       2.15866262       7.83277979
266         10.29845999       0.30785914       2.20748061       7.78312024
267         10.30122127       0.31397982       2.27239257       7.71484889
268         10.31604245       0.34925517       2.33360673       7.63318054
269         10.29271065       0.40151087       2.34503344       7.54616635
270         10.16226029       0.47476014       2.30773590       7.37976425
271          9.92170277       0.56477688       2.26441777       7.09250811
272          9.51524067       0.59042021       2.16284551       6.76197495
273          9.17334273       0.59070020       2.06477941       6.51786312
274          8.95279409       0.60100306       2.00022709       6.35156394
275          8.79288643       0.62098310       1.98530636       6.18659697
276          8.68549963       0.62382337       1.99127125       6.07040500
277          8.51378437       0.61202806       1.92613309       5.97562322
278          8.29776409       0.61530805       1.77529874       5.90715730
279          8.13987635       0.65147829       1.62334516       5.86505290
280          8.13480228       0.70136463       1.54125054       5.89218711
281          8.23868304       0.78888810       1.56827911       5.88151583
282          8.37539811       0.87825638       1.61317446       5.88396727
283          8.52296857       0.98325686       1.62851658       5.91119513
284          8.65867039       1.07945072       1.59612417       5.98309549
285          8.74829108       1.15339017       1.53454955       6.06035136
286          8.80842131       1.22108171       1.47292542       6.11441418
287          8.92233513       1.29735148       1.42481035       6.20017331
288          9.16895928       1.42705368       1.39839598       6.34350962
289          9.53011767       1.58557016       1.39211563       6.55243187
290          9.90405749       1.74446308       1.39341992       6.76617449
291         10.24212660       1.88367445       1.41438904       6.94406311
292         10.51835364       1.97714598       1.44574253       7.09546513
293         10.69808586       1.98837420       1.46717608       7.24253559
294         10.91017163       1.98790723       1.48595269       7.43631171
295         11.15283087       1.95724524       1.51467492       7.68091071
296         11.41384022       1.91346439       1.55700798       7.94336785
297         11.61592899       1.84708374       1.60765036       8.16119488
298         11.81275215       1.79742294       1.68157397       8.33375523
299         11.99387543       1.75486308       1.78684485       8.45216751
300         12.14944911       1.69358423       1.90839833       8.54746655
301         12.29322226       1.59006564       2.04528114       8.65787547
302         12.39092295       1.44057877       2.17779409       8.77255009
303         12.39252010       1.26728199       2.29057428       8.83466383
304         12.28009600       1.08473729       2.40840938       8.78694934
305         12.14365597       0.91857674       2.54709857       8.67798067
306         12.03785917       0.78328531       2.69982874       8.55474512
307         12.03439170       0.71959010       2.87220905       8.44259254
308         12.00672568       0.70837913       3.04390858       8.25443797
309         11.97198735       0.76330165       3.19315846       8.01552725
310         11.84150884       0.82548769       3.30791260       7.70810855
311         11.66441361       0.86398354       3.36685357       7.43357650
312         11.47423434       0.85969659       3.36497563       7.24956212
313         11.24446785       0.80813850       3.28317476       7.15315458
314         11.02624973       0.74427617       3.15629488       7.12567869
315         10.78693038       0.67516875       3.00113572       7.11062591
316         10.52157084       0.59517314       2.83903440       7.08736331
317         10.35421951       0.51527922       2.79724819       7.04169210
318         10.44402430       0.48712429       2.91814150       7.03875851
319         10.58329463       0.45674121       3.10104640       7.02550701
320         10.85844212       0.47496714       3.36395718       7.01951779
321         11.19382810       0.52620921       3.66717441       7.00044449
322         11.53858853       0.56762598       3.94926813       7.02169442
323         12.00863041       0.60744308       4.26352041       7.13766692
324         12.35839008       0.59523620       4.55389006       7.20926383
325         12.58726174       0.57704836       4.79634887       7.21386451
326         12.72392702       0.55355351       4.99787034       7.17250317
327         12.80140131       0.50093304       5.12700431       7.17346396
328         12.94669852       0.44499423       5.25550939       7.24619489
329         12.97650126       0.38855731       5.32423791       7.26370604
330         12.89686611       0.36711285       5.33180907       7.19794420
331         12.76236347       0.38680012       5.27292852       7.10263483
332         12.48828975       0.40985997       5.11586133       6.96256844
333         12.25125369       0.41726833       4.98311472       6.85087065
334         12.14763537       0.41571359       4.94264785       6.78927393
335         12.21353538       0.43709038       5.05961132       6.71683368
336         12.42979372       0.49345594       5.31777081       6.61856697
337         12.64055691       0.54616768       5.59995815       6.49443109
338         12.86161787       0.59177122       5.88483216       6.38501449
339         13.02975273       0.61740845       6.08672984       6.32561443
340         13.06953130       0.60778578       6.14758354       6.31416198
341         12.98637709       0.57446092       6.07832911       6.33358707
342         12.76400667       0.51845034       5.89074873       6.35480759
343         12.48575360       0.45720806       5.65033281       6.37821273
344         12.26690105       0.40080473       5.43815926       6.42793705
345         12.15246118       0.36460671       5.29579055       6.49206393
346         12.15171384       0.34332682       5.26391720       6.54446982
347         12.30085583       0.33259274       5.37187629       6.59638679
348         12.56084998       0.33364505       5.53776594       6.68943899
349         12.87190481       0.35690748       5.70657193       6.80842541
350         13.17709005       0.39489856       5.82991320       6.95227828
351         13.54366758       0.42839938       6.00464747       7.11062074
352         13.97463626       0.47218168       6.31505235       7.18740223
353         14.43204948       0.51811634       6.71130442       7.20262871
354         14.88751009       0.56309489       7.11885019       7.20556500
355         15.27826621       0.60291412       7.40936789       7.26598420
356         15.62289334       0.61940726       7.50346958       7.50001650
357         16.01385532       0.61127094       7.50752838       7.89505601
358         16.49141920       0.58888226       7.53635018       8.36618677
359         16.96598446       0.57543594       7.53109182       8.85945670
360         17.42017422       0.58238619       7.45861657       9.37917146
361         17.78020758       0.59298267       7.29974539       9.88747952
362         17.94494850       0.60207582       7.06197157      10.28090111
363         17.93844833       0.62423398       6.79512262      10.51909174
364         17.86812412       0.66136750       6.54529390      10.66146273
365         17.79820739       0.70492418       6.30540891      10.78787430
366         17.73093558       0.71218841       6.06559485      10.95315231
367         17.58054449       0.64881678       5.76303962      11.16868809
368         17.32370673       0.53279093       5.38200203      11.40891377
369         17.09050856       0.41989342       4.99286995      11.67774519
370         16.99478014       0.33044204       4.69101551      11.97332259
371         17.14447605       0.28108921       4.53766381      12.32572303
372         17.52044587       0.27334145       4.52826764      12.71883677
373         18.07932053       0.29643879       4.65243913      13.13044261
374         18.74292019       0.33765806       4.84075067      13.56451147
375         19.39952163       0.37985536       5.00864557      14.01102070
376         19.99166914       0.42755933       5.14553812      14.41857170
377         20.59452218       0.46913093       5.29317719      14.83221406
378         21.28739379       0.49884517       5.48534416      15.30320446
379         21.95057099       0.50714079       5.60704067      15.83638953
380         22.39964109       0.51169355       5.65937950      16.22856804
381         22.59893885       0.51858190       5.65351269      16.42684426
382         22.55313418       0.50331168       5.51892242      16.53090008
383         22.53686769       0.46656868       5.37391688      16.69638213
384         22.60872419       0.41058282       5.33001322      16.86812814
385         22.65074637       0.34259610       5.34240141      16.96574886
386         22.82397784       0.29804518       5.45804864      17.06788402
387         23.18943278       0.28386750       5.72688669      17.17867860
388         23.71694920       0.27735378       6.15445790      17.28513752
389         24.37732613       0.26180898       6.72500707      17.39051007
390         24.97094319       0.23291600       7.27660557      17.46142162
391         25.32236506       0.21564698       7.67201019      17.43470789
392         25.33267384       0.21443103       7.86170049      17.25654232
393         24.87088413       0.19466376       7.72854634      16.94767404
394         24.34982885       0.16556542       7.55328300      16.63098044
395         23.77111682       0.12897499       7.32995222      16.31218961
396         23.15009733       0.10125892       7.09720332      15.95163508
397         22.64965145       0.09181451       6.97599586      15.58184108
398         22.09739852       0.08300575       6.84816346      15.16622931
399         21.82170912       0.07667486       6.92450447      14.82052979
400         21.95442847       0.08389627       7.20492964      14.66560256
401         22.18519468       0.10524305       7.53489401      14.54505763
402         22.45901242       0.15284484       7.93334327      14.37282431
403         22.59896663       0.21071725       8.28071931      14.10753007
404         22.60199058       0.25746572       8.44158979      13.90293508
405         22.68964332       0.29116690       8.67113783      13.72733859
406         22.86666857       0.31441498       8.94289874      13.60935485
407         23.12878177       0.31148984       9.21331538      13.60397655
408         23.33470360       0.24919883       9.32735682      13.75814795
409         23.49098294       0.17283966       9.34378744      13.97435583
410         23.49266496       0.11005013       9.17380069      14.20881414
411         23.33306402       0.07434096       8.84941499      14.40930807
412         23.29256613       0.06737032       8.58106506      14.64413075
413         23.39528391       0.07429024       8.36960707      14.95138660
414         23.69005784       0.08881220       8.29270469      15.30854096
415         23.95756624       0.10502827       8.21315939      15.63937858
416         24.13785374       0.12881054       8.13820396      15.87083924
417         24.21702648       0.15601382       8.00740928      16.05360338
418         24.18921659       0.17401952       7.85503144      16.16016563
419         24.08293153       0.17694169       7.72312641      16.18286344
420         23.85528511       0.16414741       7.58169110      16.10944661
421         23.47451926       0.14000128       7.38780689      15.94671108
422         22.97091717       0.11395891       7.16520674      15.69175152
423         22.49899454       0.09409384       7.01236428      15.39253641
424         22.22442468       0.08110503       6.97319018      15.17012947
425         22.07450662       0.07298245       7.00590889      14.99561528
426         21.90750891       0.07031162       7.02309642      14.81410088
427         21.68581091       0.07383050       7.03874249      14.57323792
428         21.46692383       0.07606851       7.04269504      14.34816027
429         21.52094507       0.08048222       7.18893500      14.25152784
430         21.78983488       0.08151155       7.43334099      14.27498234
431         22.18222126       0.07968498       7.71977190      14.38276438
432         22.66030537       0.07216673       8.01394374      14.57419490
433         23.17741154       0.05440961       8.30532559      14.81767634
434         23.73745719       0.03105253       8.62721445      15.07919021
435         24.22588553       0.00939773       8.89658650      15.31990130
436         24.62058025       0.00029446       9.11020642      15.51007937
437         24.89415854       0.00221585       9.26556932      15.62637337
438         25.01140757       0.01080126       9.33232468      15.66828163
439         25.05609813       0.02480383       9.32251186      15.70878244
440         25.01434734       0.03730663       9.23204258      15.74499813
441         24.86589241       0.04265147       8.96654335      15.85669759
442         24.66770907       0.04402388       8.60390476      16.01978043
443         24.44265650       0.04833094       8.23217826      16.16214730
444         24.24658560       0.04962920       7.93024585      16.26671055
445         24.17016303       0.04326608       7.66020835      16.46668859
446         24.41807456       0.02322687       7.60555345      16.78929425
447         24.79285127       0.00519534       7.62550895      17.16214698
448         25.01653173       0.00023515       7.58679698      17.42949961
449         25.07358945       0.01045153       7.46673769      17.59640023
450         24.87538277       0.02799513       7.16258421      17.68480344
451         24.54476163       0.04625559       6.75344735      17.74505869
452         24.26651232       0.05744015       6.32373198      17.88534018
453         24.12616422       0.06037914       5.94194120      18.12384388
454         23.84609087       0.06413113       5.45284739      18.32911235
455         23.53147400       0.07117694       5.05995602      18.40034104
456         23.14765733       0.08142418       4.78582950      18.28040365
457         22.90085895       0.10726243       4.61765698      18.17593954
458         23.02051700       0.17148714       4.62768213      18.22134772
459         23.36282396       0.28927277       4.83446779      18.23908340
460         23.66314623       0.47705187       5.04501319      18.14108117
461         23.85630537       0.68460281       5.26705832      17.90464424
462         24.17499442       0.89742968       5.61887652      17.65868823
463         24.53126450       1.13246092       6.07645528      17.32234830
464         25.04194838       1.37491951       6.49053795      17.17649092
465         25.70313922       1.63476076       6.83015211      17.23822636
466         26.31788354       1.82474520       7.02780450      17.46533384
467         26.74013623       1.95933682       7.13458177      17.64621764
468         26.80628973       1.98580510       7.13519287      17.68529176
469         26.62560014       1.94928930       7.03068961      17.64562122
470         26.28094480       1.85774703       6.83173214      17.59146564
471         25.77439134       1.73356859       6.57190401      17.46891874
472         25.13147578       1.59362212       6.28594192      17.25191173
473         24.42146958       1.44769118       6.02894020      16.94483820
474         23.80367924       1.33908430       5.86747843      16.59711651
475         23.34732652       1.24454660       5.82901615      16.27376377
476         23.01844000       1.16779066       5.94812156      15.90252778
477         22.67041865       1.08140451       6.10947183      15.47954231
478         22.38149764       1.02176910       6.38064725      14.97908129
479         22.10972122       0.99207771       6.65674469      14.46089882
480         21.82095613       0.97924483       6.94876255      13.89294875
481         21.46804232       0.96867745       7.18625393      13.31311093
482         21.05738191       0.94851458       7.40803460      12.70083274
483         20.56677976       0.91921079       7.51687870      12.13069028
484         20.14118515       0.86491884       7.52223319      11.75403311
485         19.81874734       0.78466421       7.47754964      11.55653348
486         19.57255334       0.69487621       7.45702850      11.42064864
487         19.34734379       0.60810602       7.52108745      11.21815031
488         19.10337231       0.54380622       7.61309441      10.94647167
489         18.94512857       0.50200916       7.82051085      10.62260855
490         18.79898388       0.45869434       8.04549779      10.29479175
491         18.65987882       0.41076569       8.34220422       9.90690890
492         18.44361540       0.35315203       8.59046843       9.49999494
493         18.12016092       0.29180089       8.80392310       9.02443693
494         17.69533734       0.22590440       8.93605804       8.53337491
495         17.23217379       0.15837495       9.03743282       8.03636602
496         16.78719281       0.09468738       9.15772194       7.53478350
497         16.38456003       0.04087435       9.27047266       7.07321301
498         15.95789106       0.00726972       9.33650925       6.61411209
499         15.49132707       0.00065488       9.30302241       6.18764978
500         14.98719702       0.01567071       9.22026806       5.75125825
501         14.47650722       0.04436382       9.00136661       5.43077679
502         14.09743500       0.08232834       8.81679754       5.19830912
503         13.91283129       0.11593812       8.76969332       5.02719985
504         13.87384647       0.13338123       8.87795544       4.86250980
505         13.90136829       0.15043329       9.00216427       4.74877073
506         13.96241936       0.18127149       9.15377073       4.62737714
507         14.03939565       0.22333963       9.31796236       4.49809367
508         14.23758255       0.25588723       9.60529366       4.37640166
509         14.57285508       0.27583364      10.09213461       4.20488683
510         15.00344403       0.29227832      10.62924636       4.08191934
511         15.31631573       0.29937892      11.01123342       4.00570339
512         15.42572924       0.28325732      11.18528801       3.95718391
513         15.50623221       0.25915725      11.34546820       3.90160676
514         15.67867074       0.25144512      11.52914515       3.89808047
515         15.97088094       0.26367351      11.85466540       3.85254203
516         16.38274892       0.28684683      12.26833082       3.82757127
517         16.77769953       0.30565512      12.67855586       3.79348855
518         17.03966703       0.32299726      12.95009959       3.76657018
519         17.17582730       0.35460808      13.04271130       3.77850792
520         17.29479540       0.40788637      13.10093328       3.78597575
521         17.39279850       0.47320216      13.11671850       3.80287784
522         17.46849427       0.53525688      13.19713696       3.73610044
523         17.51280411       0.60137937      13.27088114       3.64054360
524         17.47687385       0.68394931      13.32875632       3.46416822
525         17.41022565       0.79572355      13.31220016       3.30230194
526         17.24644477       0.91777103      13.19229671       3.13637703
527         17.02914651       1.01481434      13.01446037       2.99987180
528         16.81645036       1.08813745      12.82772375       2.90058916
529         16.66043361       1.18720543      12.61053649       2.86269169
530         16.57349566       1.32506535      12.43016505       2.81826525
531         16.43568781       1.46789256      12.21900564       2.74878961
532         16.27799879       1.58456830      12.04953748       2.64389301
533         16.10765776       1.69431454      11.91462625       2.49871698
534         15.91466671       1.83372222      11.68045005       2.40049444
535         15.73804242       2.02230877      11.42629085       2.28944280
536         15.52995756       2.21022001      11.09758601       2.22215155
537         15.37099796       2.37115573      10.84946482       2.15037741
538         15.39455376       2.53121189      10.76273857       2.10060331
539         15.59679803       2.75227868      10.83112562       2.01339373
540         15.85072482       3.02064734      10.91039067       1.91968681
541         16.10375003       3.31381334      10.95263934       1.83729735
542         16.34677305       3.65851673      10.90538752       1.78286880
543         16.58523618       4.03656434      10.77723012       1.77144172
544         16.77126150       4.39593191      10.58696761       1.78836198
545         16.87337172       4.68320195      10.32346051       1.86670926
546         16.86971553       4.88172980      10.02173177       1.96625396
547         16.74117375       5.00072707       9.61588935       2.12455733
548         16.59005268       5.12972114       9.14611951       2.31421203
549         16.49500248       5.31014990       8.62657462       2.55827795
550         16.51524131       5.52088806       8.20755575       2.78679750
551         16.78426247       5.78951894       8.01329412       2.98144941
552         17.22957872       6.09533522       8.01493447       3.11930903
553         17.91509856       6.47828458       8.17604278       3.26077120
554         18.82581256       6.89212758       8.53202549       3.40165949
555         19.77955668       7.25063205       8.97127755       3.55764708
556         20.66064286       7.55821539       9.35474150       3.74768597
557         21.53273553       7.93693154       9.64868326       3.94712073
558         22.46855215       8.46084815       9.85498807       4.15271594
559         23.41857505       9.07779425       9.98834408       4.35243673
560         24.35193572       9.70533279      10.06202352       4.58457942
561         25.25140761      10.31582195      10.12124602       4.81433964
562         26.11601640      10.85305087      10.15614836       5.10681717
563         26.91473194      11.37157259      10.15590801       5.38725133
564         27.53115765      11.82982621      10.06098393       5.64034751
565         28.04258048      12.26883899       9.92918164       5.84455985
566         28.43228301      12.64312879       9.75452772       6.03462650
567         28.77955666      12.98906208       9.61277811       6.17771646
568         29.11178733      13.30747879       9.54237564       6.26193289
569         29.50674321      13.62204598       9.57471737       6.30997987
570         29.98050785      13.95883132       9.73376341       6.28791312
571         30.44939031      14.24518106       9.97622004       6.22798921
572         30.85228760      14.49235460      10.23939431       6.12053869
573         31.13110745      14.69180996      10.40369117       6.03560631
574         31.39900017      14.96323474      10.49353303       5.94223240
575         31.53410290      15.24910091      10.44676938       5.83823260
576         31.50478511      15.47008434      10.30785701       5.72684376
577         31.33144764      15.54706242      10.14353635       5.64084887
578         31.15486346      15.61775665       9.98419751       5.55290929
579         31.08900341      15.78668751       9.82766033       5.47465557
580         31.15598593      16.06303444       9.66750465       5.42544684
581         31.24087138      16.47880849       9.42238123       5.33968166
582         31.27125674      16.98644539       9.10090896       5.18390239
583         31.31042835      17.50816046       8.80113552       5.00113238
584         31.38991940      17.93375108       8.57756344       4.87860488
585         31.60330520      18.36145888       8.40309756       4.83874876
586         31.78811559      18.74027529       8.16787735       4.87996296
587         31.84861803      19.05361069       7.86738519       4.92762214
588         31.85205692      19.25844882       7.58700141       5.00660669
589         31.93490518      19.43554499       7.40176834       5.09759184
590         32.08630300      19.54810397       7.24947752       5.28872151
591         32.33672712      19.69435384       7.14702505       5.49534823
592         32.58707560      19.86685639       7.02862103       5.69159818
593         32.79693669      20.00421678       6.95753921       5.83518071
594         32.78965720      20.03873934       6.80965376       5.94126410
595         32.65655141      19.99769598       6.62224736       6.03660807
596         32.42009404      19.88828217       6.39486535       6.13694652
597         32.07166616      19.73446926       6.12854045       6.20865645
598         31.69703206      19.62038644       5.82299263       6.25365298
599         31.39052507      19.51638978       5.45919131       6.41494398
600         31.49821479      19.61655335       5.20640337       6.67525807
601         32.01621807      19.93815803       5.08808310       6.98997693
602         32.79311584      20.37243628       5.06860875       7.35207081
603         33.67098880      20.80864005       5.07354510       7.78880365
604         34.50678519      21.22667258       5.04534144       8.23477117
605         35.31787753      21.65472497       5.00028078       8.66287179
606         36.28206229      22.20028585       4.98314838       9.09862806
607         37.35099846      22.84725893       4.96680309       9.53693644
608         38.43672055      23.58815063       4.89571306       9.95285686
609         39.55322294      24.43444196       4.80148957      10.31729141
610         40.60008723      25.24844952       4.67019964      10.68143806
611         41.61132936      26.00218117       4.54857897      11.06056923
612         42.53290905      26.64524382       4.45477221      11.43289302
613         43.21218427      27.11305041       4.37345459      11.72567927
614         43.73137429      27.49733419       4.29157955      11.94246054
615         44.24205634      27.88595102       4.21995350      12.13615182
616         44.70173264      28.20986382       4.16579260      12.32607622
617         45.10238064      28.42347963       4.14021965      12.53868135
618         45.51652105      28.56827499       4.16275709      12.78548896
619         45.84555836      28.58426648       4.19187477      13.06941711
620         45.91740467      28.49136721       4.13275405      13.29328340
621         45.65194250      28.32617262       3.90095104      13.42481884
622         45.18139535      28.12947480       3.55469639      13.49722415
623         44.62528824      27.86121255       3.20616940      13.55790629
624         44.16796369      27.64828613       2.91857107      13.60110649
625         43.92474754      27.58706098       2.71436324      13.62332332
626         43.92113203      27.66332189       2.58279918      13.67501097
627         43.96744197      27.75696528       2.48300546      13.72747123
628         43.86646747      27.79336539       2.38834922      13.68475287
629         43.67786903      27.84155810       2.30471569      13.53159525
630         43.36230534      27.83707462       2.23182810      13.29340263
631         42.94131968      27.72235136       2.18675063      13.03221769
632         42.60277165      27.61429729       2.18807639      12.80039796
633         42.38230764      27.57468313       2.22468743      12.58293709
634         42.19057139      27.58637870       2.26861076      12.33558192
635         41.95962681      27.65015901       2.31034306      11.99912474
636         41.59380194      27.69882333       2.35321187      11.54176674
637         41.01002911      27.59721300       2.39219316      11.02062294
638         40.34172360      27.35733344       2.43347882      10.55091134
639         39.63974631      26.90301437       2.49844848      10.23828346
640         38.82762618      26.07999169       2.60600256      10.14163194
641         37.85788047      24.91085681       2.73130954      10.21571413
642         36.80771722      23.67886644       2.85199829      10.27685249
643         35.78716534      22.52169004       2.97492007      10.29055524
644         34.92897938      21.54874138       3.13216588      10.24807212
645         34.31883580      20.78705828       3.33708224      10.19469528
646         33.78514179      20.05909586       3.56913774      10.15690819
647         33.28302972      19.40569700       3.80217116      10.07516157
648         32.80866432      18.86623262       4.01851389       9.92391780
649         32.43252310      18.49774683       4.22120952       9.71356675
650         32.11091054      18.25010626       4.40867319       9.45213108
651         31.85847194      18.13905374       4.56298742       9.15643077
652         31.82223001      18.34984983       4.67787873       8.79450145
653         32.03245805      18.94455022       4.77525738       8.31265045
654         32.28357160      19.62061678       4.79895145       7.86400337
655         32.46317370      20.20504972       4.81004088       7.44808309
656         32.40824405      20.53422408       4.78382044       7.09019954
657         32.21983044      20.73304549       4.74773821       6.73904674
658         31.86758217      20.80365063       4.64540581       6.41852572
659         31.36254496      20.75260667       4.49893502       6.11100327
660         30.65076306      20.44703183       4.30983803       5.89389320
661         29.94481468      20.07793078       4.12662179       5.74026211
662         29.33568560      19.79632486       3.96095909       5.57840165
663         28.86923024      19.65863990       3.77640937       5.43418097
664         28.53856612      19.67381585       3.59677161       5.26797866
665         28.49956913      19.88084581       3.49057344       5.12814988
666         28.90626573      20.51353343       3.45346234       4.93926996
667         29.54492704      21.28764947       3.45233405       4.80494353
668         30.42645464      22.32689746       3.44382458       4.65573260
669         31.31057799      23.36089590       3.40339544       4.54628665
670         32.10209518      24.19514612       3.37823735       4.52871172
671         32.99843252      24.89154418       3.46433081       4.64255752
672         33.97601838      25.62642386       3.59688521       4.75270930
673         34.96341721      26.34568850       3.76741644       4.85031227
674         35.99014543      27.07932244       3.97431066       4.93651233
675         36.74894884      27.58582890       4.20057384       4.96254611
676         37.32512868      27.95870604       4.37373194       4.99269070
677         37.76267807      28.26073814       4.46774773       5.03419220
678         38.11743086      28.53652841       4.49350256       5.08739988
679         38.39125761      28.75455825       4.45238840       5.18431095
680         38.42814151      28.74115636       4.34711558       5.33986957
681         38.36751802      28.64630603       4.21715057       5.50406143
682         38.18018865      28.50502180       4.06485276       5.61031409
683         37.99468636      28.34266522       3.89954700       5.75247414
684         37.48732859      27.92186161       3.69748892       5.86797806
685         36.97187124      27.47882096       3.48930841       6.00374187
686         36.48475924      27.06248812       3.34404600       6.07822512
687         36.08641494      26.59822684       3.30282292       6.18536518
688         35.68799600      25.98658464       3.41138643       6.29002493
689         35.39845464      25.35249807       3.65137940       6.39457717
690         34.93913005      24.61317711       3.89910594       6.42684700
691         34.51342970      23.92597054       4.11368030       6.47377885
692         34.15561810      23.31595276       4.30108336       6.53858198
693         33.77093003      22.75864554       4.45638940       6.55589509
694         33.49751358      22.33092412       4.62445391       6.54213555
695         33.18548559      21.92145043       4.78339963       6.48063553
696         32.96609525      21.61269594       4.91496077       6.43843855
697         32.79046436      21.50376732       4.97358593       6.31311112
698         32.75147600      21.58475235       4.95982573       6.20689792
699         32.53999485      21.58863765       4.89017024       6.06118697
700         32.30678359      21.52969475       4.82229772       5.95479112
701         31.92889907      21.36340564       4.75355617       5.81193726
702         31.51587579      21.12015444       4.70964169       5.68607966
703         31.01771630      20.77032234       4.67305601       5.57433795
704         30.40084997      20.30487394       4.65100038       5.44497565
705         29.76534975      19.81162818       4.66155649       5.29216507
706         28.96823102      19.23970664       4.65235595       5.07616842
707         28.17606396      18.65699192       4.64812752       4.87094452
708         27.39147122      18.13556264       4.57576344       4.68014514
709         26.73356386      17.72507539       4.49996439       4.50852409
710         25.97054100      17.39212014       4.29362933       4.28479153
711         25.20224554      17.15486849       4.04898929       3.99838776
712         24.37999159      16.98028931       3.70717413       3.69252815
713         23.74286245      16.94977183       3.41532628       3.37776434
714         23.26044254      16.98474582       3.16773634       3.10796037
715         22.80902029      16.97251581       2.99307847       2.84342601
716         22.37992047      16.89506673       2.86738312       2.61747062
717         22.03147728      16.79603625       2.80462153       2.43081950
718         21.74590105      16.64779563       2.82814129       2.26996412
719         21.44234655      16.38107958       2.92075524       2.14051173
720         21.10903380      16.02724887       3.06774763       2.01403730
721         20.77237622      15.58253132       3.24537847       1.94446643
722         20.37951060      15.05183000       3.45835261       1.86932799
723         19.94249863      14.39645744       3.69197909       1.85406210
724         19.48492224      13.65619402       3.98390450       1.84482372
725         19.04884297      12.90556602       4.24444790       1.89882905
726         18.69947415      12.19918793       4.55007470       1.95021152
727         18.44631926      11.57410036       4.88273573       1.98948317
728         18.27820471      11.02022106       5.24705310       2.01093055
729         18.03433980      10.53805583       5.50805738       1.98822659
730         17.62880327      10.09607469       5.63478382       1.89794476
731         17.10131480       9.62839806       5.71208580       1.76083094
732         16.61449597       9.25264129       5.77015138       1.59170329
733         16.30202052       8.97140347       5.93860682       1.39201023
734         16.06241783       8.80379575       6.06159177       1.19703030
735         15.89524839       8.67383048       6.22616207       0.99525584
736         15.71960828       8.58046461       6.30073404       0.83840963
737         15.62546941       8.50565225       6.40006128       0.71975587
738         15.52759302       8.45220280       6.44852331       0.62686691
739         15.45298930       8.37127406       6.52530819       0.55640704
740         15.36975441       8.24312466       6.62106408       0.50556568
741         15.26478059       8.09425152       6.69387902       0.47665005
742         15.22340324       7.97708375       6.77992307       0.46639643
743         15.18391861       7.88814571       6.82006909       0.47570380
744         15.23356714       7.83332734       6.90554044       0.49469937
745         15.25596527       7.76085135       6.98877878       0.50633514
746         15.44487811       7.77165789       7.15525698       0.51796324
747         15.64210264       7.73687465       7.36799543       0.53723256
748         15.96625621       7.75760949       7.63078586       0.57786086
749         16.31933767       7.73641420       7.91993957       0.66298390
750         16.70802113       7.72465401       8.22802101       0.75534611
751         16.77585349       7.56181802       8.38670943       0.82732604
752         16.75386419       7.44736557       8.44756641       0.85893222
753         16.59909063       7.29182494       8.45390068       0.85336502
754         16.37801390       7.09161837       8.45853881       0.82785672
755         16.00022074       6.85589434       8.36378269       0.78054371
756         15.60827944       6.63593262       8.25651698       0.71582984
757         15.36802937       6.50090364       8.22605537       0.64107035
758         15.21569652       6.43828808       8.21029400       0.56711444
759         15.21277286       6.41083481       8.29534069       0.50659736
760         15.21041051       6.43099904       8.30713414       0.47227733
761         15.30234221       6.46069676       8.37773365       0.46391180
762         15.43533938       6.59372990       8.35583933       0.48577015
763         15.62561829       6.77333526       8.32888858       0.52339444
764         15.65859703       6.92986661       8.16224267       0.56648776
765         15.82162211       7.09136342       8.09798072       0.63227798
766         15.88676138       7.20570641       7.97953221       0.70152275
767         16.03522011       7.35101625       7.90152614       0.78267772
768         16.06425774       7.41454945       7.77285596       0.87685234
769         16.08132039       7.46333383       7.63979650       0.97819005
770         16.15062589       7.49164519       7.59603710       1.06294360
771         16.31950770       7.54324401       7.66853615       1.10772754
772         16.58570981       7.64554309       7.83470677       1.10545996
773         16.82977928       7.72051137       8.04064619       1.06862172
774         17.01889051       7.82255468       8.18270374       1.01363208
775         16.94417910       7.81544349       8.16057246       0.96816315
776         16.79703051       7.84499364       8.02225008       0.92978678
777         16.44167376       7.77340665       7.76843462       0.89983249
778         16.14081132       7.74629414       7.52408345       0.87043373
779         15.80612206       7.63041035       7.32935260       0.84635912
780         15.61050130       7.56647554       7.19996907       0.84405669
781         15.36479903       7.42384045       7.07409388       0.86686470
782         15.11758625       7.25315183       6.96028186       0.90415256
783         14.81085026       7.07666808       6.80497995       0.92920222
784         14.56592890       6.94282533       6.67667735       0.94642623
785         14.42629423       6.85949006       6.60989564       0.95690854
786         14.38002805       6.83295135       6.61229539       0.93478131
787         14.49118749       6.91065169       6.70082262       0.87971317
788         14.56211772       7.01948664       6.73542419       0.80720689
789         14.60534369       7.08566657       6.76651015       0.75316697
790         14.55670603       7.14270844       6.69744581       0.71655177
791         14.44756500       7.15215220       6.61551780       0.67989500
792         14.18432972       7.15430393       6.39283149       0.63719430
793         13.86831255       7.12221642       6.16285272       0.58324340
794         13.48748160       7.11669590       5.84067940       0.53010630
795         13.14445958       7.13435292       5.52395479       0.48615187
796         12.87533030       7.17531476       5.23983716       0.46017838
797         12.63979624       7.18831903       5.00254078       0.44893644
798         12.36110113       7.16432043       4.75375558       0.44302513
799         12.08821602       7.17450212       4.48581768       0.42789622
800         11.93193062       7.23979330       4.29399050       0.39814682
801         11.94939956       7.41434348       4.17611491       0.35894117
802         12.14582854       7.64402454       4.20141382       0.30039018
803         12.44477786       7.96101343       4.22921035       0.25455408
804         12.70229284       8.22878811       4.25830133       0.21520340
805         12.85383008       8.41387287       4.25214671       0.18781050
806         12.96172377       8.54034309       4.25510098       0.16627971
807         13.05903567       8.66742357       4.22859967       0.16301243
808         13.18969331       8.81560843       4.20645394       0.16763094
809         13.33117250       8.96688801       4.19132334       0.17296115
810         13.47530225       9.11915610       4.17927910       0.17686705
811         13.61836913       9.25595699       4.17920125       0.18321090
812         13.72710398       9.36185753       4.15559180       0.20965464
813         13.75520491       9.35123232       4.15581339       0.24815920
814         13.68920526       9.28043695       4.10196185       0.30680645
815         13.62796349       9.24871339       4.02618828       0.35306182
816         13.64260850       9.36380367       3.90427941       0.37452542
817         13.78103780       9.59344415       3.83410666       0.35348699
818         14.03765518       9.95970102       3.78086838       0.29708578
819         14.45691765      10.46234948       3.77506834       0.21949983
820         14.96797082      11.05468291       3.74437972       0.16890818
821         15.50177623      11.65916939       3.70621677       0.13639008
822         15.97721751      12.25172724       3.60337725       0.12211302
823         16.43205215      12.89380428       3.41545834       0.12278952
824         16.92855133      13.62162073       3.17901825       0.12791235
825         17.47715591      14.44083700       2.89272891       0.14359001
826         17.98698670      15.19381588       2.62719200       0.16597882
827         18.40668863      15.86409479       2.33508105       0.20751278
828         18.76766951      16.44344113       2.07201463       0.25221375
829         19.03194126      16.90332521       1.80482394       0.32379211
830         19.12009568      17.13046341       1.58184536       0.40778691
831         19.03494883      17.11937677       1.39915125       0.51642081
832         18.86859863      16.99493353       1.24092346       0.63274164
833         18.68230620      16.84682388       1.07819803       0.75728429
834         18.48487698      16.66564823       0.93722776       0.88200099
835         18.43216369      16.57334665       0.84801014       1.01080690
836         18.70326743      16.69661635       0.82343503       1.18321605
837         19.21948329      17.01225100       0.86077111       1.34646118
838         19.87586659      17.40679832       0.94247132       1.52659695
839         20.53521063      17.81801657       1.05635500       1.66083906
840         21.29101519      18.33036447       1.17877561       1.78187511
841         22.09193927      18.91771939       1.31721566       1.85700422
842         22.88484509      19.51015711       1.45201869       1.92266929
843         23.60425212      20.03208742       1.58486453       1.98730016
844         24.28506156      20.51128819       1.72089965       2.05287372
845         24.90707437      20.92972282       1.85086575       2.12648580
846         25.49729949      21.32820757       1.98773942       2.18135250
847         26.01967738      21.63157636       2.12916810       2.25893292
848         26.53058240      21.92382279       2.27038106       2.33637856
849         26.98076689      22.11912036       2.39808924       2.46355730
850         27.39199775      22.28247185       2.52653683       2.58298908
851         27.74695020      22.35658173       2.64718383       2.74318463
852         28.09919510      22.42301287       2.76906363       2.90711861
853         28.35530398      22.34011685       2.89604945       3.11913768
854         28.52930159      22.20886512       3.00766351       3.31277296
855         28.69562375      22.09126338       3.08801567       3.51634470
856         28.93161077      22.08058155       3.13118203       3.71984720
857         29.22573952      22.15332556       3.16185978       3.91055418
858         29.54361374      22.24220033       3.19477917       4.10663424
859         29.87455359      22.36778886       3.21919699       4.28756773
860         30.12398650      22.38261477       3.22101184       4.52035989
861         30.21960876      22.35472337       3.16215585       4.70272954
862         30.29251399      22.29915074       3.05316996       4.94019329
863         30.49686038      22.41177799       2.93038249       5.15469990
864         30.85847802      22.56998311       2.84285221       5.44564271
865         31.25345430      22.77227672       2.78692047       5.69425712
866         31.68207663      22.97044039       2.73734285       5.97429339
867         32.16379735      23.26243396       2.68095707       6.22040631
868         32.61139262      23.53055635       2.62821876       6.45261751
869         33.04390118      23.76640793       2.59885016       6.67864308
870         33.45413536      23.96418962       2.58906745       6.90087828
871         33.81059758      24.07257648       2.59788051       7.14014059
872         34.29864757      24.27571833       2.65234089       7.37058835
873         34.75381590      24.42605430       2.73225696       7.59550464
874         35.31124316      24.66585168       2.83961128       7.80578021
875         35.57298900      24.65978818       2.94452510       7.96867571
876         35.76999605      24.62206912       3.07805126       8.06987568
877         35.85533795      24.45375350       3.17650197       8.22508248
878         36.04863022      24.47468840       3.25299807       8.32094376
879         36.46312922      24.63025889       3.33093095       8.50193938
880         36.96467081      24.89373387       3.40064440       8.67029255
881         37.70078071      25.32860980       3.49594337       8.87622754
882         38.55937375      25.80607549       3.64375368       9.10954458
883         39.46233826      26.29393113       3.81315699       9.35525014
884         40.40723102      26.75020371       4.02126780       9.63575951
885         41.56656499      27.32408057       4.27891875       9.96356567
886         42.50455237      27.67993723       4.53055210      10.29406304
887         43.47905041      28.11635237       4.73426887      10.62842916
888         44.18828433      28.35551594       4.82244165      11.01032674
889         44.89274095      28.57694652       4.89092014      11.42487429
890         45.54714073      28.77785274       4.86320069      11.90608730
891         46.35557106      29.10094853       4.85320988      12.40141265
892         47.22271355      29.43228138       4.79576809      12.99466408
893         48.22818365      29.84697600       4.74725659      13.63395106
894         49.40145106      30.29299326       4.73952249      14.36893531
895         50.69916789      30.75789117       4.76456878      15.17670795
896         52.00710106      31.18162903       4.80964932      16.01582271
897         53.24507533      31.43364141       4.88598571      16.92544821
898         54.42586216      31.64502762       4.99300853      17.78782602
899         55.36017128      31.65541440       5.07600409      18.62875279
900         56.39239453      31.73458975       5.18483229      19.47297250
901         57.06792722      31.62114649       5.25760631      20.18917442
902         57.71474713      31.49079103       5.36511579      20.85884031
903         58.02852732      31.26149217       5.37356754      21.39346762
904         58.26251842      30.99974742       5.42377041      21.83900059
905         58.32517508      30.78140906       5.42720003      22.11656599
906         58.32361104      30.53116362       5.46859114      22.32385628
907         58.14164038      30.28445146       5.48929685      22.36789206
908         57.82747844      30.04785228       5.52752079      22.25210537
909         57.30326361      29.77496440       5.58169661      21.94660260
910         56.49591511      29.45071851       5.63356747      21.41162913
911         55.66592131      29.13026471       5.71514125      20.82051535
912         54.65034077      28.84238872       5.73811473      20.06983732
913         53.66352438      28.56822293       5.76936620      19.32593524
914         52.27977386      28.08348721       5.77973436      18.41655229
915         50.87232741      27.57231806       5.78772564      17.51228372
916         49.22369280      26.73358371       5.82029970      16.66980939
917         47.71613452      25.94605638       5.89418502      15.87589312
918         46.41121095      25.13605922       5.96728601      15.30786573
919         45.21114631      24.44609497       6.04696684      14.71808450
920         44.15642098      23.83107905       6.08426578      14.24107615
921         43.31831364      23.39889798       6.11604985      13.80336581
922         42.46721576      22.97011305       6.06283536      13.43426736
923         41.62502381      22.47970228       5.95803260      13.18728893
924         40.85828505      22.02281175       5.85904778      12.97642552
925         40.57099435      21.84558827       5.77997622      12.94542986
926         40.93258740      22.08073060       5.71213289      13.13972391
927         41.76935028      22.65188512       5.62918734      13.48827781
928         42.94435776      23.45922780       5.51054131      13.97458865
929         43.93617692      24.22346183       5.42416843      14.28854666
930         44.79435222      24.85657370       5.30141438      14.63636413
931         45.60847258      25.33836553       5.20136999      15.06873706
932         46.56202534      25.98972238       5.07308678      15.49921618
933         47.48896267      26.53368080       5.00071589      15.95456598
934         48.46808216      27.19984412       4.91300777      16.35523027
935         49.28069603      27.66186069       4.84018898      16.77864635
936         49.97204966      28.12098195       4.74313616      17.10793155
937         50.67950188      28.54432596       4.61663692      17.51853900
938         51.44039733      29.04049207       4.49504327      17.90486199
939         52.30795996      29.60974910       4.36418656      18.33402430
940         53.25257603      30.24413233       4.23640068      18.77204302
941         54.15751311      30.92663023       4.13122889      19.09965399
942         55.07950199      31.62394930       4.05106780      19.40448488
943         55.93131137      32.39042400       3.98240854      19.55847883
944         56.77998059      33.03984256       3.89780940      19.84232864
945         57.60220632      33.69667593       3.80186534      20.10366505
946         58.12761114      34.15828662       3.62673845      20.34258608
947         58.73724161      34.74478165       3.45533909      20.53712088
948         59.00002111      35.22401692       3.28193539      20.49406880
949         59.41485971      35.80744457       3.13186226      20.47555287
950         59.64878418      36.39946761       3.00554877      20.24376780
951         60.05684325      37.11352743       2.89613083      20.04718500
952         60.36438577      37.80294172       2.81647124      19.74497281
953         60.63098104      38.51056690       2.76350959      19.35690455
954         60.62925524      39.04733410       2.69783361      18.88408753
955         60.40748195      39.41273417       2.62249950      18.37224827
956         60.19072409      39.80473461       2.53364934      17.85234014
957         59.85803005      40.15022982       2.41950549      17.28829473
958         59.58924267      40.63025583       2.31647444      16.64251240
959         59.22191999      40.95588542       2.20372235      16.06231223
960         58.99872572      41.45605208       2.11194393      15.43072971
961         58.66388196      41.77732438       2.01220262      14.87435495
962         58.52102898      42.29360766       1.93479089      14.29263044
963         58.17711898      42.56980125       1.86407880      13.74323894
964         57.91791214      42.95353364       1.79748893      13.16688956
965         57.45219127      43.15981550       1.73247918      12.55989659
966         57.03468663      43.47163403       1.67765741      11.88539518
967         56.61752183      43.82939189       1.61556665      11.17256329
968         56.19506552      44.19120864       1.53422942      10.46962746
969         55.75792546      44.47903095       1.44918365       9.82971086
970         55.01110635      44.25653340       1.37286099       9.38171195
971         54.02865511      43.63278905       1.30420002       9.09166605
972         52.58322714      42.39986614       1.22528207       8.95807893
973         51.11500986      41.08675365       1.16039537       8.86786083
974         49.60913897      39.66482642       1.10918657       8.83512597
975         48.45311494      38.51494477       1.14091238       8.79725779
976         47.40627848      37.41369018       1.22319769       8.76939062
977         46.51961030      36.43391023       1.36318351       8.72251657
978         45.66560357      35.47011045       1.53628680       8.65920633
979         44.84023351      34.57136422       1.72565512       8.54321417
980         44.09067280      33.78025928       1.89449207       8.41592145
981         43.41403954      33.06481189       2.03102393       8.31820372
982         42.89892071      32.47274668       2.17439774       8.25177630
983         42.55190773      31.98513756       2.31335832       8.25341186
984         42.28401271      31.57298636       2.48110247       8.22992388
985         42.09774972      31.15710044       2.64742405       8.29322523
986         41.97047127      30.84405265       2.81125934       8.31515928
987         41.79738444      30.44586898       2.94596370       8.40555176
988         41.67603112      30.11009276       3.10945295       8.45648540
989         41.51722887      29.71039845       3.27235676       8.53447367
990         41.41973030      29.39565348       3.43509145       8.58898537
991         41.29639513      29.05235064       3.57909828       8.66494621
992         41.13646623      28.68493780       3.70806064       8.74346779
993         40.99190650      28.36099296       3.81406807       8.81684547
994         40.86028046      28.08231478       3.87690925       8.90105642
995         40.75566345      27.86577178       3.94150332       8.94838835
996         40.65392053      27.64585912       3.98292470       9.02513671
997         40.60782800      27.55025993       4.01380048       9.04376758
998         40.49369884      27.37304695       4.03344442       9.08720748
999         40.41612012      27.25231284       4.10944975       9.05435753
1000        40.14435842      26.99590026       4.22117098       8.92728718
