1           -2.02822433      -0.94382678      -0.61433668
2           -2.05666882      -0.95753364      -0.56865589
3           -2.07768994      -0.97113016      -0.51155995
4           -2.08135392      -0.96628805      -0.46523775
5           -2.06596083      -0.94474296      -0.45645686
6           -2.06693021      -0.92203008      -0.47178674
7           -2.09465407      -0.90276000      -0.49914486
8           -2.12189075      -0.90598043      -0.53053480
9           -2.10112071      -0.92743581      -0.55330815
10          -2.06184828      -0.97478654      -0.54726813
11          -2.04574976      -1.02216918      -0.51736940
12          -2.06373206      -1.06614706      -0.47323267
13          -2.09575746      -1.07826322      -0.42878899
14          -2.11671070      -1.07571476      -0.38605131
15          -2.13358688      -1.07036977      -0.34773818
16          -2.13857648      -1.06129526      -0.31091465
17          -2.11529081      -1.00877516      -0.27830864
18          -2.06992995      -0.90926896      -0.23309432
19          -2.01913693      -0.81557073      -0.18218615
20          -1.97279687      -0.80994323      -0.14558159
21          -1.93024821      -0.90172548      -0.13130803
22          -1.90367840      -0.99329238      -0.12413575
23          -1.91621170      -1.02308256      -0.09443591
24          -1.93586407      -1.00747224      -0.07880642
25          -1.94146722      -0.99146074      -0.08931749
26          -1.92874302      -0.99306583      -0.10013333
27          -1.93580247      -1.01656301      -0.09858567
28          -1.96321196      -1.06425955      -0.07888696
29          -1.98851527      -1.13996709      -0.03192427
30          -1.98010232      -1.21225983       0.02247088
31          -1.91872500      -1.25858578       0.08192948
32          -1.83682220      -1.26622333       0.15294891
33          -1.80325226      -1.23395597       0.23125368
34          -1.83131794      -1.20182553       0.29394453
35          -1.87928609      -1.20263692       0.32742547
36          -1.91888069      -1.23641766       0.34414515
37          -1.93177587      -1.26919055       0.37258896
38          -1.92928836      -1.30791751       0.40756986
39          -1.95656982      -1.36002739       0.44622477
40          -2.01838858      -1.41365550       0.50372075
41          -2.08827521      -1.43843204       0.57843074
42          -2.14195025      -1.42450982       0.65274330
43          -2.17125460      -1.38560709       0.71588835
44          -2.20723116      -1.35893894       0.77391510
45          -2.26663325      -1.37121865       0.83882057
46          -2.33504448      -1.41617748       0.91924163
47          -2.40568114      -1.45203458       1.01314677
48          -2.45945820      -1.45030258       1.11437782
49          -2.48162801      -1.42058424       1.21628994
50          -2.49679787      -1.38237998       1.30895000
51          -2.53212552      -1.35642901       1.38411341
52          -2.58960211      -1.35099603       1.45761529
53          -2.63119445      -1.37133237       1.54809898
54          -2.62766539      -1.39724096       1.65496744
55          -2.59767548      -1.41287139       1.75958118
56          -2.56740760      -1.42981665       1.83985885
57          -2.57065448      -1.46905073       1.89843651
58          -2.58987702      -1.50534611       1.91604795
59          -2.61758106      -1.52445254       1.89054935
60          -2.61600963      -1.54775590       1.84202047
61          -2.56377440      -1.58469605       1.80084035
62          -2.49405713      -1.61806682       1.76831198
63          -2.43429582      -1.62970133       1.72763461
64          -2.40915949      -1.63401478       1.66223051
65          -2.41726593      -1.65126816       1.58189957
66          -2.43663172      -1.66843418       1.50886363
67          -2.47688281      -1.68745563       1.43849970
68          -2.49026809      -1.69684706       1.37464071
69          -2.49456530      -1.71792287       1.31071130
70          -2.50176250      -1.74659409       1.25559595
71          -2.50644212      -1.79234919       1.20899228
72          -2.52541713      -1.84189594       1.18022685
73          -2.53460816      -1.87062182       1.15284829
74          -2.55626612      -1.87932663       1.12410793
75          -2.57277064      -1.87507000       1.09269909
76          -2.59908662      -1.87360471       1.06534089
77          -2.64059355      -1.88033163       1.04040005
78          -2.68905069      -1.89159404       1.02290839
79          -2.74869304      -1.90688403       1.02492652
80          -2.81070811      -1.92418028       1.04599450
81          -2.89106454      -1.94637545       1.07870782
82          -2.97016975      -1.98287992       1.11978841
83          -3.06701439      -2.03587674       1.17526486
84          -3.15287443      -2.09248482       1.23299008
85          -3.23524660      -2.14442462       1.29326561
86          -3.28129676      -2.17867206       1.33003496
87          -3.29945730      -2.18914209       1.34255691
88          -3.30808056      -2.17089988       1.34637545
89          -3.30303373      -2.11844684       1.35591627
90          -3.28967755      -2.05655059       1.38246663
91          -3.27650768      -2.00124215       1.41376295
92          -3.29785494      -1.96896349       1.44778749
93          -3.33352739      -1.96708490       1.47859707
94          -3.39617918      -1.99600831       1.51302935
95          -3.45809544      -2.03681755       1.53959626
96          -3.53707901      -2.07946394       1.57301469
97          -3.60958171      -2.11389840       1.60891611
98          -3.67344086      -2.13525947       1.64612773
99          -3.72679952      -2.13897359       1.67668504
100         -3.75172310      -2.12419457       1.69527065
101         -3.74773584      -2.09958666       1.72653655
102         -3.70981735      -2.07691138       1.76492746
103         -3.67473908      -2.05971097       1.81170696
104         -3.63722248      -2.04823591       1.84286582
105         -3.62498969      -2.03767622       1.87436976
106         -3.61374592      -2.02409296       1.89500006
107         -3.61867410      -2.00331246       1.91449981
108         -3.62787495      -1.97834858       1.92793606
109         -3.64690227      -1.94750166       1.93843154
110         -3.66636220      -1.90745276       1.94884118
111         -3.68109541      -1.87198241       1.96315180
112         -3.69631202      -1.84169932       1.98138916
113         -3.68797451      -1.81297457       1.99357412
114         -3.68497108      -1.78314300       2.01919827
115         -3.66842521      -1.74599309       2.04028892
116         -3.64758020      -1.72063335       2.06930607
117         -3.60635724      -1.70123089       2.09376619
118         -3.56972920      -1.69181610       2.13585847
119         -3.53843565      -1.69144279       2.18297363
120         -3.52626175      -1.71651860       2.24668668
121         -3.52935780      -1.77369201       2.32244596
122         -3.53247009      -1.84815095       2.40635303
123         -3.53181916      -1.91361623       2.49229633
124         -3.51958773      -1.94976421       2.56789738
125         -3.48762545      -1.94830574       2.62236787
126         -3.43795069      -1.91495248       2.64220620
127         -3.38674249      -1.88462190       2.65578714
128         -3.35448218      -1.85876723       2.66757993
129         -3.34834496      -1.85890446       2.69272932
130         -3.35290966      -1.85305698       2.70294090
131         -3.37127836      -1.83575644       2.70129146
132         -3.40000089      -1.78062158       2.68297033
133         -3.44152356      -1.71615667       2.66499809
134         -3.49061994      -1.65288395       2.63882639
135         -3.54142313      -1.61066817       2.61167280
136         -3.58769506      -1.58773315       2.58813386
137         -3.63240775      -1.57484882       2.56853625
138         -3.67719316      -1.57746983       2.55887308
139         -3.70803301      -1.58984247       2.54460505
140         -3.72312075      -1.61947188       2.53551338
141         -3.71367256      -1.64706654       2.50645652
142         -3.69522292      -1.67848842       2.47980243
143         -3.66446666      -1.69578834       2.44851325
144         -3.62161379      -1.71660968       2.43036011
145         -3.56998613      -1.73749498       2.40264337
146         -3.52604578      -1.76538483       2.37618775
147         -3.50074977      -1.77599743       2.34175691
148         -3.49778008      -1.76103527       2.30367034
149         -3.50405289      -1.73308826       2.26119697
150         -3.51079991      -1.70319590       2.21264508
151         -3.53230545      -1.68143295       2.17675964
152         -3.56652522      -1.65983202       2.14489337
153         -3.60319686      -1.64738777       2.12782237
154         -3.62581875      -1.64604857       2.10917077
155         -3.64667395      -1.65729961       2.10258392
156         -3.66150151      -1.66086229       2.09880208
157         -3.67922442      -1.66659204       2.11596047
158         -3.69405194      -1.67224394       2.13463223
159         -3.69904628      -1.68528789       2.14853882
160         -3.66803722      -1.69509374       2.15560326
161         -3.60849933      -1.71067630       2.17096812
162         -3.53874121      -1.74094469       2.19679468
163         -3.48532158      -1.78017158       2.21922210
164         -3.48862535      -1.80109564       2.24512894
165         -3.54636370      -1.79136164       2.26021808
166         -3.59401210      -1.77772167       2.26784155
167         -3.62077488      -1.79483751       2.27539983
168         -3.64066834      -1.83441457       2.28397507
169         -3.65634771      -1.89986145       2.27818029
170         -3.67838411      -1.98504340       2.29335951
171         -3.67315584      -2.06357151       2.28281787
172         -3.65700808      -2.12748488       2.27399649
173         -3.64278086      -2.16090003       2.27974431
174         -3.62010850      -2.18651174       2.30979013
175         -3.58248872      -2.19855296       2.32496474
176         -3.53711106      -2.22550161       2.33939927
177         -3.49145254      -2.25756369       2.34672233
178         -3.45883287      -2.27839118       2.34744032
179         -3.43338424      -2.27957326       2.35641217
180         -3.41104920      -2.26687505       2.36521558
181         -3.41733708      -2.25851516       2.38759536
182         -3.44214891      -2.23983069       2.39334713
183         -3.48370853      -2.23092040       2.41507566
184         -3.53796293      -2.21948975       2.41336862
185         -3.60395438      -2.20976905       2.41306434
186         -3.65556475      -2.18586124       2.39391837
187         -3.66954981      -2.16324197       2.37456274
188         -3.62480148      -2.14767112       2.34953563
189         -3.53937444      -2.13176345       2.31771355
190         -3.45085223      -2.10945039       2.30268989
191         -3.36843945      -2.07407523       2.28774998
192         -3.31444293      -2.04807759       2.29385464
193         -3.28751731      -2.04026191       2.31410263
194         -3.29572271      -2.04870161       2.34406034
195         -3.31749364      -2.05781887       2.34536680
196         -3.34662616      -2.07395287       2.35587307
197         -3.35964441      -2.08401085       2.34260373
198         -3.36146211      -2.10733638       2.33548173
199         -3.34984564      -2.12687552       2.32368986
200         -3.33605006      -2.14139832       2.31067585
201         -3.32760048      -2.14475104       2.30370609
202         -3.31773060      -2.12535342       2.27692443
203         -3.30422835      -2.11028285       2.24027078
204         -3.27562116      -2.09501059       2.19599054
205         -3.24788274      -2.07033605       2.17475216
206         -3.20755892      -2.02671839       2.16908718
207         -3.17239882      -1.97126410       2.18307913
208         -3.14197012      -1.91551235       2.19619146
209         -3.13789300      -1.88469119       2.21332647
210         -3.14751492      -1.87989527       2.22581337
211         -3.15188721      -1.87187074       2.23684384
212         -3.13608356      -1.85177519       2.24578364
213         -3.09596705      -1.82392437       2.24882570
214         -3.05064952      -1.79032824       2.25343127
215         -3.01502601      -1.75594262       2.26393759
216         -2.99366400      -1.74266862       2.28426884
217         -2.98258099      -1.74799690       2.31426133
218         -2.98490767      -1.76684152       2.35403818
219         -2.99748231      -1.79311903       2.37806261
220         -3.00174269      -1.83192240       2.38317364
221         -2.98400689      -1.86966042       2.38127874
222         -2.93676275      -1.89355711       2.36709236
223         -2.87928527      -1.91144886       2.34184205
224         -2.81954442      -1.92368153       2.31223856
225         -2.77840738      -1.92806453       2.29520662
226         -2.77296980      -1.92295530       2.29455843
227         -2.78662983      -1.90909526       2.30054911
228         -2.80071692      -1.88575964       2.29410911
229         -2.81433682      -1.85360996       2.27131437
230         -2.81188723      -1.80403687       2.23566346
231         -2.80236188      -1.74893954       2.19622932
232         -2.80367985      -1.71322720       2.15637122
233         -2.80564717      -1.70360690       2.12145809
234         -2.79886335      -1.69980366       2.09313669
235         -2.78966209      -1.69110524       2.06715711
236         -2.78914775      -1.67886069       2.03792763
237         -2.79053774      -1.66104571       2.01505585
238         -2.80078587      -1.65464217       2.00144968
239         -2.81843519      -1.67338378       1.99560434
240         -2.85191400      -1.71960243       1.98688602
241         -2.86744799      -1.77305083       1.98028639
242         -2.86997623      -1.81722560       1.97328286
243         -2.86832152      -1.84633491       1.96328615
244         -2.87217070      -1.86362664       1.95318517
245         -2.87419438      -1.87389404       1.95100887
246         -2.86610497      -1.87994111       1.96156656
247         -2.84638814      -1.87527933       1.98189478
248         -2.82114223      -1.86924196       2.00227676
249         -2.81151756      -1.87283513       2.01895362
250         -2.80899115      -1.89525178       2.03577501
251         -2.80375560      -1.91912633       2.05571219
252         -2.76634161      -1.92090615       2.07272255
253         -2.71530434      -1.90869655       2.08296477
254         -2.65301634      -1.88877016       2.08749249
255         -2.59240330      -1.86686690       2.08808360
256         -2.55564035      -1.86675245       2.09130624
257         -2.54406412      -1.90691847       2.09680111
258         -2.55362052      -1.98388839       2.09298543
259         -2.55244112      -2.08122910       2.09313425
260         -2.54392466      -2.16354042       2.10112497
261         -2.54781934      -2.23160009       2.11837965
262         -2.56654136      -2.30570547       2.13491013
263         -2.57919012      -2.35808289       2.16181688
264         -2.59136509      -2.39606660       2.18026285
265         -2.58457473      -2.41306557       2.18437370
266         -2.58307489      -2.42958605       2.17548773
267         -2.58856335      -2.45127249       2.16322500
268         -2.61920248      -2.47144150       2.14848444
269         -2.66187318      -2.47517698       2.13269196
270         -2.71725273      -2.46295018       2.10223547
271         -2.77974072      -2.44862503       2.04883964
272         -2.79661239      -2.41448837       1.98604309
273         -2.79679456      -2.38076081       1.93867392
274         -2.80346820      -2.35812063       1.90589425
275         -2.81624914      -2.35283578       1.87295039
276         -2.81804923      -2.35495089       1.84948251
277         -2.81054655      -2.33167875       1.83017211
278         -2.81264007      -2.27623015       1.81612774
279         -2.83536638      -2.21793241       1.80745045
280         -2.86569948      -2.18529790       1.81304609
281         -2.91641806      -2.19613629       1.81084699
282         -2.96537767      -2.21393483       1.81135235
283         -3.01981742      -2.21996023       1.81695827
284         -3.06719051      -2.20720486       1.83170001
285         -3.10218437      -2.18259615       1.84744141
286         -3.13324999      -2.15746817       1.85839747
287         -3.16723771      -2.13748098       1.87567804
288         -3.22281785      -2.12636472       1.90429581
289         -3.28741858      -2.12370628       1.94543516
290         -3.34900557      -2.12425887       1.98685045
291         -3.40069453      -2.13310767       2.02082235
292         -3.43433456      -2.14621712       2.04939475
293         -3.43832156      -2.15509722       2.07685926
294         -3.43815597      -2.16282337       2.11262348
295         -3.42724014      -2.17454808       2.15710892
296         -3.41150463      -2.19162804       2.20406142
297         -3.38729892      -2.21175831       2.24244383
298         -3.36890436      -2.24058195       2.27248774
299         -3.35293678      -2.28055594       2.29292449
300         -3.32960215      -2.32527469       2.30926838
301         -3.28920238      -2.37396004       2.32809012
302         -3.22846546      -2.41956188       2.34751242
303         -3.15396053      -2.45729111       2.35797956
304         -3.06973155      -2.49573186       2.34994221
305         -2.98664842      -2.53978999       2.33150457
306         -2.91325840      -2.58694234       2.31051291
307         -2.87651090      -2.63858607       2.29127729
308         -2.86987695      -2.68850686       2.25871709
309         -2.90189569      -2.73076787       2.21683397
310         -2.93678786      -2.76259356       2.16201138
311         -2.95773148      -2.77872557       2.11212192
312         -2.95542258      -2.77821377       2.07816441
313         -2.92718957      -2.75578008       2.06020152
314         -2.89093875      -2.72042321       2.05506001
315         -2.84991086      -2.67620541       2.05223901
316         -2.79969898      -2.62877022       2.04787355
317         -2.74605385      -2.61632437       2.03928200
318         -2.72616723      -2.65208364       2.03872919
319         -2.70405065      -2.70480560       2.03623062
320         -2.71740293      -2.77793615       2.03510058
321         -2.75362712      -2.85881357       2.03149863
322         -2.78163390      -2.93110334       2.03551132
323         -2.80761068      -3.00865617       2.05730456
324         -2.79973985      -3.07781133       2.07067055
325         -2.78786132      -3.13388360       2.07152715
326         -2.77223610      -3.17941850       2.06381626
327         -2.73599056      -3.20811570       2.06399563
328         -2.69530321      -3.23631656       2.07753904
329         -2.65156798      -3.25125780       2.08078967
330         -2.63412271      -3.25289782       2.06856179
331         -2.65015690      -3.24011259       2.05074021
332         -2.66842740      -3.20565377       2.02433125
333         -2.67418743      -3.17611590       2.00308011
334         -2.67298288      -3.16703344       1.99128684
335         -2.68935244      -3.19318476       1.97734881
336         -2.73068852      -3.24985601       1.95832089
337         -2.76725591      -3.31024985       1.93408069
338         -2.79749101      -3.36969408       1.91252194
339         -2.81397776      -3.41095666       1.90074074
340         -2.80783050      -3.42325888       1.89846295
341         -2.78615633      -3.40925354       1.90232521
342         -2.74825929      -3.37091325       1.90653769
343         -2.70439595      -3.32086965       1.91117569
344         -2.66131574      -3.27581290       1.92100098
345         -2.63205105      -3.24508525       1.93361621
346         -2.61416530      -3.23814960       1.94387946
347         -2.60493287      -3.26155763       1.95400652
348         -2.60584449      -3.29707261       1.97205830
349         -2.62564167      -3.33267000       1.99495928
350         -2.65663388      -3.35834810       2.02238065
351         -2.68274658      -3.39426500       2.05223804
352         -2.71537910      -3.45680357       2.06659641
353         -2.74802732      -3.53444532       2.06943468
354         -2.77862082      -3.61194413       2.06998167
355         -2.80469978      -3.66584219       2.08121228
356         -2.81524864      -3.68307295       2.12427912
357         -2.81006251      -3.68381371       2.19547755
358         -2.79561097      -3.68906815       2.27809945
359         -2.78679927      -3.68811026       2.36214727
360         -2.79136664      -3.67487357       2.44820662
361         -2.79827801      -3.64563088       2.53009960
362         -2.80415978      -3.60126381       2.59204775
363         -2.81830912      -3.55057238       2.62897825
364         -2.84146937      -3.50220398       2.65085286
365         -2.86782196      -3.45488411       2.67015328
366         -2.87213689      -3.40666962       2.69521802
367         -2.83371597      -3.34445995       2.72762204
368         -2.75814962      -3.26374101       2.76337168
369         -2.67621617      -3.17829986       2.80293492
370         -2.60306521      -3.10970201       2.84591224
371         -2.55840280      -3.07400607       2.89646423
372         -2.55104500      -3.07179944       2.95201114
373         -2.57268626      -3.10077813       3.00925858
374         -2.60930785      -3.14399738       3.06866637
375         -2.64454840      -3.18182713       3.12879312
376         -2.68210454      -3.21220464       3.18284276
377         -2.71315566      -3.24451737       3.23692468
378         -2.73451405      -3.28590794       3.29759436
379         -2.74036251      -3.31174584       3.36515946
380         -2.74355191      -3.32277182       3.41413301
381         -2.74835064      -3.32153843       3.43866767
382         -2.73766896      -3.29306547       3.45148428
383         -2.71128266      -3.26199780       3.47178399
384         -2.66899170      -3.25250892       3.49274600
385         -2.61354142      -3.25519032       3.50461329
386         -2.57415947      -3.28007348       3.51699289
387         -2.56101650      -3.33691823       3.53038027
388         -2.55486821      -3.42464477       3.54320316
389         -2.53989706      -3.53708864       3.55585637
390         -2.51083805      -3.64134519       3.56434991
391         -2.49260239      -3.71366616       3.56115226
392         -2.49129131      -3.74769919       3.53976278
393         -2.46943149      -3.72385310       3.50241860
394         -2.43512164      -3.69215045       3.46377323
395         -2.38735521      -3.65121523       3.42449850
396         -2.34643640      -3.60788446       3.37961313
397         -2.33123343      -3.58503784       3.33304740
398         -2.31633151      -3.56072637       3.28004765
399         -2.30512658      -3.57527210       3.23540744
400         -2.31787286      -3.62802678       3.21523282
401         -2.35263618      -3.68880292       3.19946164
402         -2.41917809      -3.76044590       3.17681411
403         -2.48726382      -3.82145068       3.14166253
404         -2.53563513      -3.84926819       3.11432730
405         -2.56782316      -3.88850636       3.09070564
406         -2.58895152      -3.93429476       3.07474923
407         -2.58633708      -3.97917114       3.07402021
408         -2.52742252      -3.99789895       3.09486107
409         -2.44396423      -4.00058772       3.12389229
410         -2.35996237      -3.97265505       3.15512139
411         -2.30087972      -3.91862341       3.18162276
412         -2.28778227      -3.87317228       3.21242837
413         -2.30078669      -3.83685410       3.25236561
414         -2.32623808      -3.82353244       3.29827638
415         -2.35230498      -3.80968780       3.34032874
416         -2.38712618      -3.79658053       3.36948551
417         -2.42321018      -3.77356339       3.39235814
418         -2.44538080      -3.74650968       3.40563417
419         -2.44886870      -3.72287813       3.40845631
420         -2.43337542      -3.69731386       3.39932083
421         -2.40239178      -3.66187882       3.37899665
422         -2.36580234      -3.62061716       3.34694487
423         -2.33497152      -3.59191369       3.30899563
424         -2.31301377      -3.58450665       3.28054836
425         -2.29837697      -3.59069453       3.25808056
426         -2.29338771      -3.59393931       3.23457237
427         -2.29994202      -3.59688963       3.20315437
428         -2.30402954      -3.59763443       3.17355987
429         -2.31191822      -3.62504572       3.16078290
430         -2.31372661      -3.67024219       3.16388808
431         -2.31050961      -3.72227453       3.17812484
432         -2.29686299      -3.77471776       3.20327971
433         -2.26148300      -3.82572296       3.23503682
434         -2.20444161      -3.88103880       3.26885662
435         -2.12516620      -3.92654140       3.29972787
436         -2.04538416      -3.96213863       3.32394713
437         -1.98115148      -3.98776655       3.33868411
438         -1.92429521      -3.99871216       3.34398135
439         -1.87073201      -3.99710565       3.34909396
440         -1.83507509      -3.98225443       3.35366006
441         -1.82170201      -3.93824548       3.36771023
442         -1.81840565      -3.87706812       3.38813511
443         -1.80838134      -3.81300406       3.40588064
444         -1.80544821      -3.75989600       3.41886435
445         -1.82021932      -3.71153492       3.44358010
446         -1.87582070      -3.70164357       3.48313745
447         -1.95614564      -3.70525919       3.52838549
448         -2.04355878      -3.69824087       3.56052854
449         -2.13045706      -3.67635998       3.58046966
450         -2.19554178      -3.62012725       3.59099368
451         -2.24329545      -3.54256635       3.59815174
452         -2.26789108      -3.45852994       3.61476963
453         -2.27394600      -3.38143651       3.64287413
454         -2.28146558      -3.27896005       3.66691458
455         -2.29501440      -3.19326138       3.67522519
456         -2.31357355      -3.13148066       3.66122219
457         -2.35573377      -3.09270020       3.64898826
458         -2.44233439      -3.09503159       3.65431038
459         -2.56606517      -3.14256910       3.65638731
460         -2.71891375      -3.18993746       3.64489813
461         -2.85563161      -3.23883404       3.61705130
462         -2.97555198      -3.31424373       3.58788752
463         -3.09239580      -3.40887349       3.54767585
464         -3.20079395      -3.49148020       3.53011635
465         -3.30680196      -3.55728275       3.53755763
466         -3.37905563      -3.59482744       3.56481800
467         -3.42798746      -3.61489057       3.58640345
468         -3.43741030      -3.61500496       3.59105174
469         -3.42439384      -3.59537154       3.58633246
470         -3.39121627      -3.55758502       3.57988144
471         -3.34487485      -3.50739929       3.56524688
472         -3.29061180      -3.45100486       3.53920539
473         -3.23142472      -3.39921681       3.50207416
474         -3.18541243      -3.36611463       3.45961920
475         -3.14381682      -3.35816233       3.41973865
476         -3.10886796      -3.38270389       3.37346068
477         -3.06813034      -3.41556136       3.32006827
478         -3.03905028      -3.46982109       3.25594513
479         -3.02425531      -3.52389358       3.18841217
480         -3.01779233      -3.57987734       3.11298793
481         -3.01243846      -3.62454570       3.03437692
482         -3.00214146      -3.66559727       2.94948609
483         -2.98697914      -3.68551945       2.86857737
484         -2.95823446      -3.68649577       2.81407886
485         -2.91403707      -3.67833764       2.78515350
486         -2.86181668      -3.67458281       2.76510834
487         -2.80803586      -3.68628689       2.73501405
488         -2.76565651      -3.70301043       2.69420857
489         -2.73675038      -3.74034441       2.64489767
490         -2.70549410      -3.78028545       2.59421311
491         -2.66913438      -3.83211420       2.53318757
492         -2.62249029      -3.87477687       2.46786950
493         -2.56841031      -3.91096734       2.38973338
494         -2.50351834      -3.93315079       2.30685741
495         -2.42618783      -3.95005911       2.22051182
496         -2.33593747      -3.96999960       2.13061933
497         -2.23039840      -3.98857187       2.04521460
498         -2.11348700      -3.99939698       1.95745493
499         -2.00263372      -3.99391242       1.87316202
500         -1.90304161      -3.98031621       1.78384143
501         -1.81759713      -3.94405454       1.71606603
502         -1.74129518      -3.91313605       1.66564339
503         -1.68772746      -3.90519358       1.62780512
504         -1.66301038      -3.92341659       1.59077325
505         -1.64036702      -3.94418747       1.56483076
506         -1.60246443      -3.96934669       1.53679724
507         -1.55563611      -3.99636054       1.50653429
508         -1.52237136      -4.04306760       1.47764842
509         -1.50302566      -4.12063880       1.43624539
510         -1.48759662      -4.20407928       1.40603936
511         -1.48106903      -4.26214464       1.38708866
512         -1.49600509      -4.28826814       1.37493050
513         -1.51914943      -4.31213024       1.36091185
514         -1.52678129      -4.33928627       1.36001903
515         -1.51473284      -4.38688725       1.34845267
516         -1.49264350      -4.44644449       1.34208129
517         -1.47536348      -4.50452276       1.33335132
518         -1.45989585      -4.54245146       1.32642868
519         -1.43273455      -4.55529619       1.32950177
520         -1.38956451      -4.56334792       1.33142172
521         -1.34032742      -4.56552783       1.33576020
522         -1.29661181      -4.57661317       1.31856281
523         -1.25273779      -4.58674884       1.29368418
524         -1.20121205      -4.59468371       1.24689093
525         -1.13619095      -4.59241557       1.20288701
526         -1.07022066      -4.57594692       1.15664526
527         -1.02084439      -4.55138279       1.11767712
528         -0.98508606      -4.52540796       1.08877493
529         -0.93863476      -4.49495850       1.07761240
530         -0.87710950      -4.46947070       1.06443229
531         -0.81665817      -4.43939621       1.04361073
532         -0.76942796      -4.41507115       1.01166855
533         -0.72656595      -4.39558376       0.96639637
534         -0.67407433      -4.36149412       0.93501623
535         -0.60614530      -4.32410648       0.89875380
536         -0.54154346      -4.27513073       0.87635160
537         -0.48836858      -4.23767936       0.85207984
538         -0.43724605      -4.22448808       0.83500914
539         -0.36922503      -4.23489433       0.80460438
540         -0.29022337      -4.24691483       0.77119095
541         -0.20783609      -4.25330398       0.74113274
542         -0.11549938      -4.24615740       0.72090442
543         -0.01910404      -4.22669597       0.71661851
544          0.06842345      -4.19758885       0.72295984
545          0.13584636      -4.15684102       0.75193901
546          0.18123936      -4.10953867       0.78789510
547          0.20800622      -4.04477653       0.84324945
548          0.23666444      -3.96808198       0.90691676
549          0.27615192      -3.88092988       0.98512509
550          0.32143268      -3.80870998       1.05503371
551          0.37791759      -3.77460302       1.11235073
552          0.44064894      -3.77489274       1.15181989
553          0.51702312      -3.80320482       1.19142388
554          0.59706186      -3.86478989       1.23002215
555          0.66447544      -3.93903588       1.27183592
556          0.72099654      -4.00237897       1.32155742
557          0.78903170      -4.05005975       1.37239952
558          0.88052938      -4.08309231       1.42348469
559          0.98471348      -4.10426094       1.47191276
560          1.08711398      -4.11589606       1.52682642
561          1.18360100      -4.12521736       1.57982367
562          1.26617256      -4.13069803       1.64549012
563          1.34395191      -4.13066032       1.70670863
564          1.41122711      -4.11573219       1.76060490
565          1.47446592      -4.09488718       1.80321577
566          1.52749343      -4.06705071       1.84221100
567          1.57580981      -4.04427483       1.87116457
568          1.61971739      -4.03290037       1.88804876
569          1.66258127      -4.03813080       1.89763065
570          1.70792761      -4.06372476       1.89323448
571          1.74605455      -4.10234226       1.88125728
572          1.77865820      -4.14373214       1.85963557
573          1.80476536      -4.16930212       1.84241042
574          1.84000973      -4.18319910       1.82333278
575          1.87678539      -4.17597303       1.80190681
576          1.90497848      -4.15441193       1.77874580
577          1.91475201      -4.12871867       1.76071045
578          1.92370642      -4.10360486       1.74212450
579          1.94502214      -4.07873672       1.72546151
580          1.97964723      -4.05308789       1.71492218
581          2.03118554      -4.01341653       1.69643844
582          2.09323723      -3.96059806       1.66248180
583          2.15605105      -3.91049756       1.62198449
584          2.20660165      -3.87257454       1.59441973
585          2.25680296      -3.84263646       1.58537893
586          2.30077963      -3.80177663       1.59472714
587          2.33681985      -3.74871273       1.60548812
588          2.36022059      -3.69827798       1.62320811
589          2.38035197      -3.66444589       1.64344804
590          2.39309945      -3.63631216       1.68538537
591          2.40960778      -3.61721883       1.72987923
592          2.42900086      -3.59498144       1.77137038
593          2.44438305      -3.58154155       1.80127519
594          2.44824072      -3.55335811       1.82313416
595          2.44365402      -3.51719954       1.84261429
596          2.43140370      -3.47263388       1.86294944
597          2.41412519      -3.41941569       1.87738089
598          2.40126621      -3.35691456       1.88639381
599          2.38951149      -3.28031802       1.91843729
600          2.40083351      -3.22558123       1.96931540
601          2.43699213      -3.19950475       2.02951977
602          2.48535920      -3.19518387       2.09713355
603          2.53342450      -3.19627991       2.17650614
604          2.57901699      -3.19001053       2.25529242
605          2.62523943      -3.17995754       2.32893901
606          2.68349360      -3.17612344       2.40205654
607          2.75165631      -3.17245934       2.47385639
608          2.82853906      -3.15645261       2.54047819
609          2.91489634      -3.13505693       2.59771740
610          2.99655920      -3.10489125       2.65391026
611          3.07100906      -3.07656656       2.71140673
612          3.13367879      -3.05445991       2.76691945
613          3.17879501      -3.03510739       2.80994124
614          3.21556573      -3.01543957       2.84144985
615          3.25249068      -2.99807932       2.86936133
616          3.28307154      -2.98485412       2.89651453
617          3.30314319      -2.97857975       2.92666337
618          3.31670551      -2.98411036       2.96134353
619          3.31820125      -2.99123362       3.00082820
620          3.30950620      -2.97674440       3.03165885
621          3.29400947      -2.91890932       3.04965279
622          3.27549840      -2.82921703       3.05952017
623          3.25014782      -2.73440473       3.06776955
624          3.22993943      -2.65220937       3.07363112
625          3.22411429      -2.59135925       3.07664196
626          3.23136899      -2.55093573       3.08363722
627          3.24026362      -2.51958230       3.09072354
628          3.24371700      -2.48925527       3.08495418
629          3.24828570      -2.46195579       3.06419499
630          3.24786083      -2.43775720       3.03167520
631          3.23697760      -2.42259337       2.99567962
632          3.22670643      -2.42304157       2.96342770
633          3.22293584      -2.43536539       2.93290691
634          3.22404934      -2.45001759       2.89786803
635          3.23011752      -2.46380805       2.84963860
636          3.23474283      -2.47784499       2.78298090
637          3.22508063      -2.49049842       2.70539568
638          3.20219950      -2.50378794       2.63387996
639          3.15858725      -2.52447490       2.58539510
640          3.07863299      -2.55813857       2.57025622
641          2.96285339      -2.59649418       2.58186640
642          2.83786922      -2.63261282       2.59141635
643          2.71747794      -2.66862244       2.59355285
644          2.61383786      -2.71361939       2.58692434
645          2.53105832      -2.77059503       2.57857661
646          2.45051387      -2.83304295       2.57265378
647          2.37696545      -2.89374246       2.55980282
648          2.31530334      -2.94844991       2.53588836
649          2.27267637      -2.99838501       2.50232287
650          2.24378998      -3.04351085       2.46009515
651          2.23077247      -3.07994181       2.41162280
652          2.25544814      -3.10666721       2.35121579
653          2.32430944      -3.12906301       2.26883006
654          2.40129221      -3.13447770       2.18994636
655          2.46677842      -3.13700732       2.11478096
656          2.50324608      -3.13102143       2.04840618
657          2.52513108      -3.12275730       1.98163072
658          2.53287758      -3.09914713       1.91914427
659          2.52727857      -3.06489609       1.85770767
660          2.49361510      -3.01984172       1.81339749
661          2.45261608      -2.97523560       1.78154773
662          2.42108178      -2.93404262       1.74752734
663          2.40558215      -2.88712536       1.71679630
664          2.40729321      -2.84034243       1.68087108
665          2.43056988      -2.81213442       1.65020519
666          2.50096251      -2.80217614       1.60811016
667          2.58562975      -2.80187254       1.57768146
668          2.69691032      -2.79958123       1.54337799
669          2.80508674      -2.78865616       1.51786562
670          2.89063185      -2.78182497       1.51374032
671          2.96091830      -2.80509807       1.54032281
672          3.03403049      -2.84037238       1.56573426
673          3.10458080      -2.88481015       1.58800577
674          3.17555530      -2.93739410       1.60748967
675          3.22399700      -2.99335693       1.61334061
676          3.25937494      -3.03517370       1.62009629
677          3.28785864      -3.05753152       1.62936388
678          3.31373490      -3.06361511       1.64118984
679          3.33410336      -3.05389512       1.66257152
680          3.33285358      -3.02880054       1.69647910
681          3.32400007      -2.99739698       1.73173694
682          3.31078511      -2.95997478       1.75427348
683          3.29555865      -2.91855385       1.78409492
684          3.25588975      -2.86671235       1.80805430
685          3.21380018      -2.81179584       1.83591675
686          3.17393754      -2.77250007       1.85106899
687          3.12912255      -2.76119381       1.87270276
688          3.06947953      -2.79082067       1.89365553
689          3.00690209      -2.85468507       1.91441344
690          2.93294258      -2.91844217       1.92078600
691          2.86319372      -2.97204775       1.93002549
692          2.80043519      -3.01773212       1.94272843
693          2.74237789      -3.05484298       1.94611154
694          2.69733639      -3.09428113       1.94342319
695          2.65381053      -3.13092523       1.93137256
696          2.62072135      -3.16079786       1.92307116
697          2.60899114      -3.17398057       1.89825384
698          2.61771501      -3.17089340       1.87702799
699          2.61813313      -3.15519971       1.84761112
700          2.61178588      -3.13979985       1.82590739
701          2.59383210      -3.12409194       1.79645930
702          2.56744259      -3.11399767       1.77021352
703          2.52922258      -3.10555202       1.74666691
704          2.47786865      -3.10044459       1.71911048
705          2.42280119      -3.10289058       1.68613394
706          2.35808467      -3.10075885       1.63869870
707          2.29114969      -3.09977843       1.59268496
708          2.23036260      -3.08293020       1.54902763
709          2.18189151      -3.06513873       1.50899186
710          2.14216176      -3.01593424       1.45563712
711          2.11361928      -2.95603683       1.38526022
712          2.09249033      -2.86922911       1.30725853
713          2.08878573      -2.79188692       1.22353283
714          2.09303104      -2.72364035       1.14860415
715          2.09154700      -2.67387836       1.07190945
716          2.08213657      -2.63716169       1.00352321
717          2.07007242      -2.61852721       0.94477188
718          2.05194670      -2.62553463       0.89230333
719          2.01913031      -2.65284850       0.84871210
720          1.97518033      -2.69532546       0.80483114
721          1.91924718      -2.74532018       0.78010458
722          1.85144447      -2.80349143       0.75289702
723          1.76604206      -2.86527912       0.74730281
724          1.66720447      -2.93979885       0.74390620
725          1.56420744      -3.00403257       0.76364338
726          1.46450926      -3.07691719       0.78216306
727          1.37384862      -3.15351810       0.79615372
728          1.29144750      -3.23447147       0.80373615
729          1.21801285      -3.29075187       0.79570821
730          1.14920776      -3.31759674       0.76332248
731          1.07474168      -3.33382381       0.71262637
732          1.01359113      -3.34594072       0.64729056
733          0.96700579      -3.38075247       0.56549815
734          0.93889477      -3.40585679       0.47975212
735          0.91691242      -3.43905464       0.38328842
736          0.90101868      -3.45395308       0.30131043
737          0.88822081      -3.47366102       0.23404759
738          0.87904291      -3.48322106       0.17741259
739          0.86509108      -3.49829506       0.13159029
740          0.84285990      -3.51696962       0.09669474
741          0.81681548      -3.53107996       0.07606179
742          0.79614883      -3.54765532       0.06859555
743          0.78035996      -3.55535298       0.07537616
744          0.77058387      -3.57166628       0.08901200
745          0.75760613      -3.58745663       0.09723562
746          0.75954501      -3.61875799       0.10535995
747          0.75329947      -3.65823195       0.11862482
748          0.75702422      -3.70621449       0.14583492
749          0.75321670      -3.75806550       0.19990155
750          0.75110185      -3.81227950       0.25476982
751          0.72165167      -3.83980838       0.29523797
752          0.70076185      -3.85029653       0.31244928
753          0.67211360      -3.85138601       0.30944090
754          0.63478494      -3.85218350       0.29552964
755          0.59015195      -3.83584730       0.26914717
756          0.54780607      -3.81724234       0.23173060
757          0.52146264      -3.81193685       0.18633201
758          0.50915386      -3.80918784       0.13873333
759          0.50373831      -3.82399009       0.09741985
760          0.50771712      -3.82603672       0.07288769
761          0.51356574      -3.83825827       0.06677403
762          0.53960158      -3.83447365       0.08263545
763          0.57433888      -3.82980817       0.10912337
764          0.60423965      -3.80079067       0.13831713
765          0.63473707      -3.78952190       0.18082241
766          0.65612036      -3.76863336       0.22323287
767          0.68305143      -3.75479212       0.27035407
768          0.69474270      -3.73181099       0.32206726
769          0.70368596      -3.70784496       0.37469823
770          0.70886266      -3.69991769       0.41665488
771          0.71827235      -3.71303897       0.43814968
772          0.73683319      -3.74288140       0.43707188
773          0.75035649      -3.77943010       0.41940493
774          0.76865870      -3.80436934       0.39245629
775          0.76738714      -3.80049835       0.36961614
776          0.77266725      -3.77618447       0.34991784
777          0.75985864      -3.73101795       0.33425833
778          0.75499218      -3.68683306       0.31863370
779          0.73409541      -3.65110449       0.30564110
780          0.72249840      -3.62710259       0.30438890
781          0.69644821      -3.60354366       0.31671901
782          0.66494329      -3.58206139       0.33653269
783          0.63197643      -3.55246243       0.34961468
784          0.60669983      -3.52775351       0.35850772
785          0.59083849      -3.51479851       0.36388034
786          0.58576713      -3.51526517       0.35250421
787          0.60058751      -3.53242150       0.32359358
788          0.62120705      -3.53909636       0.28411025
789          0.63366721      -3.54507843       0.25351525
790          0.64436027      -3.53176917       0.23215713
791          0.64612647      -3.51589167       0.21022078
792          0.64652873      -3.47223171       0.18390783
793          0.64052377      -3.42633614       0.14936706
794          0.63948928      -3.36057654       0.11374731
795          0.64279662      -3.29413629       0.08290924
796          0.65045347      -3.23289584       0.06402781
797          0.65287974      -3.18046282       0.05569051
798          0.64840049      -3.12413767       0.05126465
799          0.65030178      -3.06180168       0.03980109
800          0.66246207      -3.01602139       0.01665208
801          0.69470488      -2.98738126      -0.01521969
802          0.73655858      -2.99356184      -0.06625805
803          0.79330246      -3.00033118      -0.10980315
804          0.84036210      -3.00739198      -0.15043648
805          0.87244333      -3.00590018      -0.18096559
806          0.89416221      -3.00661639      -0.20656259
807          0.91582451      -3.00018270      -0.21058870
808          0.94088470      -2.99479093      -0.20490911
809          0.96625192      -2.99109895      -0.19845070
810          0.99156972      -2.98815530      -0.19378104
811          1.01413610      -2.98813626      -0.18630526
812          1.03149094      -2.98235365      -0.15645608
813          1.02975414      -2.98240800      -0.11618088
814          1.01815663      -2.96915684      -0.06043556
815          1.01294541      -2.95036317      -0.02014663
816          1.03180895      -2.91975173      -0.00235186
817          1.06910422      -2.90191428      -0.01978896
818          1.12767507      -2.88827230      -0.06928092
819          1.20633120      -2.88678029      -0.14582859
820          1.29663400      -2.87886676      -0.20335228
821          1.38632826      -2.86898048      -0.24502641
822          1.47202241      -2.84208315      -0.26488994
823          1.56257005      -2.79192265      -0.26392332
824          1.66252366      -2.72680694      -0.25668832
825          1.77188580      -2.64462921      -0.23540396
826          1.86970023      -2.56468828      -0.20693170
827          1.95475129      -2.47192398      -0.15880097
828          2.02682698      -2.38327620      -0.11212781
829          2.08314104      -2.28726414      -0.04530934
830          2.11067207      -2.20154112       0.02424527
831          2.10933253      -2.12668402       0.10428757
832          2.09426685      -2.05779422       0.18111391
833          2.07626393      -1.98218993       0.25588415
834          2.05413384      -1.91193202       0.32481240
835          2.04281321      -1.86470144       0.39105225
836          2.05792500      -1.85125999       0.47342067
837          2.09636668      -1.87160429       0.54603446
838          2.14392120      -1.91463640       0.62121864
839          2.19291492      -1.97161810       0.67439877
840          2.25317316      -2.02954111       0.72053227
841          2.32122614      -2.09152694       0.74838274
842          2.38880602      -2.14882416       0.77226683
843          2.44749767      -2.20274081       0.79537966
844          2.50071464      -2.25565743       0.81844862
845          2.54667707      -2.30429205       0.84391083
846          2.59002291      -2.35369891       0.86260357
847          2.62275152      -2.40299370       0.88863801
848          2.65406387      -2.45060515       0.91418501
849          2.67487256      -2.49240330       0.95523565
850          2.69220699      -2.53333514       0.99283135
851          2.70005038      -2.57084363       1.04191953
852          2.70707005      -2.60787715       1.09069077
853          2.69830895      -2.64560510       1.15177138
854          2.68440393      -2.67808844       1.20576578
855          2.67191007      -2.70110185       1.26085523
856          2.67077360      -2.71334141       1.31435386
857          2.67850761      -2.72198869       1.36317544
858          2.68793940      -2.73122130       1.41214654
859          2.70123535      -2.73803886       1.45630760
860          2.70280249      -2.73854454       1.51177712
861          2.69985386      -2.72207194       1.55424109
862          2.69397333      -2.69115902       1.60831788
863          2.70588361      -2.65566278       1.65605974
864          2.72256330      -2.62990276       1.71925341
865          2.74380634      -2.61323400       1.77192758
866          2.76452440      -2.59831850       1.82990009
867          2.79489022      -2.58118962       1.87973756
868          2.82260615      -2.56500498       1.92586361
869          2.84685597      -2.55592174       1.96997040
870          2.86709891      -2.55288472       2.01261560
871          2.87815687      -2.55562097       2.05776747
872          2.89881518      -2.57242768       2.10054607
873          2.91404785      -2.59678079       2.14165763
874          2.93824843      -2.62894140       2.17954596
875          2.93763795      -2.65978864       2.20854761
876          2.93383866      -2.69826437       2.22641598
877          2.91684933      -2.72610116       2.25360378
878          2.91896562      -2.74743374       2.27026793
879          2.93466383      -2.76891060       2.30147185
880          2.96113774      -2.78791040       2.33019937
881          3.00452937      -2.81357098       2.36496316
882          3.05174373      -2.85268866       2.40386553
883          3.09953650      -2.89655743       2.44429866
884          3.14383558      -2.94913668       2.48981530
885          3.19901974      -3.01238153       2.54217495
886          3.23294828      -3.07233614       2.59409955
887          3.27426116      -3.11966429       2.64579049
888          3.29676543      -3.13983262       2.70384456
889          3.31751664      -3.15536926       2.76573348
890          3.33627497      -3.14909336       2.83618318
891          3.36630517      -3.14682698       2.90722727
892          3.39692833      -3.13375100       2.99047456
893          3.43501427      -3.12264678       3.07808137
894          3.47568276      -3.12087122       3.17630117
895          3.51775540      -3.12661600       3.28139277
896          3.55582698      -3.13691805       3.38764067
897          3.57834694      -3.15425337       3.49971828
898          3.59716700      -3.17833087       3.60322494
899          3.59809013      -3.19682569       3.70176721
900          3.60512190      -3.22084946       3.79848243
901          3.59504398      -3.23677386       3.87889984
902          3.58344129      -3.26009874       3.95281126
903          3.56297341      -3.26192245       4.01097062
904          3.53951735      -3.27272575       4.05888497
905          3.51987526      -3.27346195       4.08848864
906          3.49727688      -3.28232868       4.11047615
907          3.47490673      -3.28675163       4.11513391
908          3.45336780      -3.29489479       4.10287705
909          3.42841973      -3.30638823       4.07038344
910          3.39862729      -3.31734052       4.01293348
911          3.36902170      -3.33446294       3.94861361
912          3.34228670      -3.33926301       3.86560052
913          3.31670064      -3.34577728       3.78179062
914          3.27116122      -3.34793459       3.67711439
915          3.22271064      -3.34959602       3.57043138
916          3.14222862      -3.35635651       3.46853111
917          3.06550283      -3.37162105       3.37011976
918          2.98536313      -3.38662968       3.29819009
919          2.91607491      -3.40288490       3.22207890
920          2.85348429      -3.41045723       3.15939836
921          2.80901641      -3.41689165       3.10095144
922          2.76449025      -3.40610933       3.05094194
923          2.71305211      -3.38473493       3.01709402
924          2.66462254      -3.36437378       2.98794392
925          2.64570210      -3.34798489       2.98363912
926          2.67078946      -3.33383366       3.01053903
927          2.73117533      -3.31641763       3.05830240
928          2.81524837      -3.29128100       3.12392343
929          2.89350929      -3.27281120       3.16568272
930          2.95741241      -3.24630683       3.21141346
931          3.00549850      -3.22447800       3.26751044
932          3.06978728      -3.19617817       3.32256771
933          3.12286107      -3.18005483       3.37998003
934          3.18712265      -3.16035735       3.42982334
935          3.23123008      -3.14386973       3.48183792
936          3.27469769      -3.12170101       3.52183686
937          3.31446469      -3.09246284       3.57117870
938          3.36069876      -3.06397849       3.61707703
939          3.41325976      -3.03289034       3.66748820
940          3.47124222      -3.00207863       3.71833490
941          3.53294733      -2.97636925       3.75597841
942          3.59529319      -2.95655324       3.79071552
943          3.66303423      -2.93942407       3.80816022
944          3.71980512      -2.91811384       3.84013620
945          3.77665947      -2.89366404       3.86937440
946          3.81628477      -2.84822654       3.89593893
947          3.86624610      -2.80268102       3.91745335
948          3.90675814      -2.75543805       3.91270085
949          3.95570787      -2.71353361       3.91065535
950          4.00497280      -2.67747864       3.88497080
951          4.06386295      -2.64562901       3.86307161
952          4.12018536      -2.62206134       3.82919489
953          4.17746394      -2.60620748       3.78531155
954          4.22056228      -2.58633511       3.73124585
955          4.24973188      -2.56324010       3.67194939
956          4.28087502      -2.53557090       3.61086629
957          4.30819657      -2.49930275       3.54358284
958          4.34596235      -2.46582364       3.46518687
959          4.37145421      -2.42832075       3.39344478
960          4.41041311      -2.39707966       3.31386007
961          4.43531374      -2.36234806       3.24239185
962          4.47512924      -2.33479439       3.16622286
963          4.49632939      -2.30913949       3.09285079
964          4.52567021      -2.28453142       3.01428421
965          4.54138871      -2.26006353       2.92965776
966          4.56507788      -2.23907093       2.83318347
967          4.59215269      -2.21487621       2.72820177
968          4.61942252      -2.18246693       2.62134369
969          4.64103582      -2.14764722       2.52090029
970          4.62433408      -2.11551829       2.44862136
971          4.57728769      -2.08584255       2.40090229
972          4.48329363      -2.05075138       2.37866832
973          4.38167065      -2.02104327       2.36355869
974          4.26977745      -1.99700605       2.35805730
975          4.17781666      -2.01196178       2.35168048
976          4.08844880      -2.04980946       2.34697901
977          4.00782655      -2.11138128       2.33905401
978          3.92745451      -2.18329715       2.32831626
979          3.85151752      -2.25746871       2.30854104
980          3.78385441      -2.32023227       2.28668408
981          3.72197670      -2.36896675       2.26979295
982          3.67026202      -2.41841070       2.25825384
983          3.62731610      -2.46479960       2.25853851
984          3.59076013      -2.51897835       2.25444771
985          3.55363024      -2.57091745       2.26545936
986          3.52551789      -2.62050783       2.26926511
987          3.48955321      -2.66020777       2.28489628
988          3.45904209      -2.70719088       2.29366700
989          3.42250025      -2.75279244       2.30704547
990          3.39355153      -2.79722675       2.31636040
991          3.36179892      -2.83567727       2.32929139
992          3.32760780      -2.86945931       2.34259886
993          3.29727968      -2.89679070       2.35498066
994          3.27105060      -2.91281364       2.36912715
995          3.25057968      -2.92914875       2.37704901
996          3.22970864      -2.93955339       2.38984985
997          3.22060982      -2.94727393       2.39294907
998          3.20370141      -2.95217048       2.40016286
999          3.19215045      -2.97100456       2.39470927
1000         3.16753358      -2.99837563       2.37351994
