1            0.00000000       0.00000000       0.00000000       0.00000000
2            0.00275913       0.00220329       0.00055410       0.00000174
3            0.01150532       0.00982346       0.00157982       0.00010204
4            0.01509780       0.01415034       0.00094720       0.00000026
5            0.01300542       0.01134854       0.00007063       0.00158626
6            0.01505854       0.00886966       0.00007936       0.00610952
7            0.01589608       0.00500340       0.00097139       0.00992129
8            0.01705702       0.00070317       0.00406820       0.01228565
9            0.02285511       0.00013075       0.01047402       0.01225034
10           0.03034150       0.00094066       0.01916626       0.01023458
11           0.03655924       0.00063906       0.02998867       0.00593152
12           0.03397810       0.00000001       0.03135756       0.00262054
13           0.02496443       0.00013530       0.02331970       0.00150944
14           0.01925705       0.00000659       0.01682755       0.00242290
15           0.02617277       0.00078049       0.01859312       0.00679916
16           0.04717561       0.00279541       0.03054804       0.01383216
17           0.06911912       0.00642358       0.04548130       0.01721424
18           0.07254525       0.00914046       0.05044131       0.01296348
19           0.05998772       0.00592587       0.04688508       0.00717677
20           0.04660345       0.00327686       0.03889344       0.00443316
21           0.03806712       0.00285431       0.02957031       0.00564251
22           0.04378338       0.00147271       0.02756133       0.01474934
23           0.07235713       0.00000378       0.03578106       0.03657229
24           0.11397318       0.00494556       0.05027734       0.05875027
25           0.15135189       0.01987672       0.06453410       0.06694107
26           0.16389350       0.03220993       0.07404647       0.05763710
27           0.15630088       0.03096315       0.07627137       0.04906637
28           0.14702035       0.02011189       0.07727133       0.04963712
29           0.14821083       0.01342325       0.07377476       0.06101282
30           0.15908104       0.02164958       0.06352662       0.07390484
31           0.17808991       0.04488925       0.04544743       0.08775323
32           0.20914071       0.06408504       0.03121084       0.11384483
33           0.26101134       0.06718005       0.02595104       0.16788024
34           0.32567403       0.06899552       0.03061117       0.22606734
35           0.37462769       0.08798359       0.03855876       0.24808534
36           0.37243350       0.11147516       0.03871240       0.22224593
37           0.32630985       0.11057800       0.03713675       0.17859510
38           0.28426692       0.08355053       0.04291705       0.15779935
39           0.25809964       0.04975356       0.05557660       0.15276948
40           0.24311474       0.02447908       0.06788758       0.15074807
41           0.22074537       0.01194332       0.06409953       0.14470252
42           0.18710363       0.00541929       0.03954483       0.14213951
43           0.15308003       0.00263652       0.01954216       0.13090135
44           0.13080895       0.00281240       0.01047863       0.11751792
45           0.12054360       0.00329060       0.01124436       0.10600864
46           0.11383594       0.00021986       0.01596563       0.09765045
47           0.11537355       0.00348261       0.02063944       0.09125151
48           0.10648739       0.01215148       0.02122788       0.07310803
49           0.08546194       0.01882824       0.02539073       0.04124297
50           0.10496787       0.03279974       0.05336701       0.01880112
51           0.17701048       0.06036325       0.10565049       0.01099673
52           0.23065402       0.08424416       0.13677421       0.00963566
53           0.21828978       0.08603522       0.12283555       0.00941901
54           0.19026507       0.07582172       0.10817751       0.00626584
55           0.20047817       0.06928977       0.12641173       0.00477667
56           0.25925747       0.07263626       0.17477222       0.01184899
57           0.35117709       0.08761928       0.22607415       0.03748366
58           0.43222531       0.09742596       0.26384881       0.07095053
59           0.42859260       0.08253650       0.26644812       0.07960798
60           0.35360159       0.05587082       0.22856130       0.06916947
61           0.29236521       0.04466772       0.17868372       0.06901377
62           0.28845787       0.04894158       0.15137719       0.08813909
63           0.34310023       0.06499389       0.16207758       0.11602876
64           0.43507790       0.08442005       0.20837027       0.14228759
65           0.49124762       0.08637042       0.23924470       0.16563250
66           0.47511196       0.07538849       0.20287764       0.19684583
67           0.41484369       0.06385341       0.13651993       0.21447034
68           0.37197328       0.06866030       0.08687367       0.21643931
69           0.38576056       0.08932595       0.06936675       0.22706786
70           0.43504474       0.11649951       0.07034161       0.24820362
71           0.47247118       0.13092876       0.07585166       0.26569075
72           0.46156971       0.12833492       0.07768950       0.25554528
73           0.38757701       0.10145461       0.07682877       0.20929362
74           0.30399647       0.07662330       0.07987773       0.14749544
75           0.24169288       0.05581851       0.08926148       0.09661288
76           0.19503196       0.03850880       0.09083982       0.06568334
77           0.16056938       0.03107588       0.08042087       0.04907263
78           0.15119122       0.03472087       0.07782620       0.03864415
79           0.16915711       0.04766010       0.09222973       0.02926729
80           0.19335851       0.05332433       0.11896372       0.02107046
81           0.18600545       0.04007911       0.12844382       0.01748253
82           0.15173242       0.01603553       0.11656826       0.01912863
83           0.11621669       0.00285173       0.09088944       0.02247553
84           0.09197814       0.00001419       0.06499903       0.02696493
85           0.07387394       0.00397649       0.03877131       0.03112615
86           0.07224226       0.01788424       0.01867999       0.03567803
87           0.07894935       0.03513401       0.00554379       0.03827156
88           0.09338298       0.05006211       0.00175660       0.04156426
89           0.11751808       0.07006270       0.00195681       0.04549857
90           0.14826820       0.09342723       0.00269600       0.05214496
91           0.17267128       0.09840511       0.00096650       0.07329968
92           0.19455940       0.08766235       0.00026094       0.10663611
93           0.21460480       0.09236068       0.00450288       0.11774124
94           0.21689111       0.11071456       0.01615528       0.09002127
95           0.20171214       0.11769106       0.04071122       0.04330987
96           0.19964047       0.09678457       0.08663649       0.01621941
97           0.23207366       0.07188259       0.15419772       0.00599335
98           0.27788537       0.05368776       0.22173791       0.00245970
99           0.29300125       0.04422464       0.24647274       0.00230386
100          0.26844674       0.03496700       0.22749622       0.00598352
101          0.23456416       0.02865923       0.18881037       0.01709456
102          0.21747041       0.02970745       0.15657884       0.03118412
103          0.22835702       0.04075899       0.14133443       0.04626360
104          0.27636323       0.06469046       0.15416183       0.05751094
105          0.33122331       0.08855215       0.18341711       0.05925405
106          0.34479977       0.09198701       0.20167088       0.05114188
107          0.28945626       0.06984740       0.17471077       0.04489808
108          0.21777442       0.04579397       0.12417795       0.04780250
109          0.18202619       0.03408980       0.08990328       0.05803312
110          0.17604974       0.03396565       0.07456816       0.06751593
111          0.18349103       0.03809125       0.06950923       0.07589055
112          0.19906295       0.03479803       0.07341332       0.09085160
113          0.23647151       0.01626062       0.09698083       0.12323006
114          0.31751586       0.00117528       0.14485720       0.17148337
115          0.39587208       0.00122179       0.19601823       0.19863206
116          0.44136282       0.00153173       0.20532394       0.23450715
117          0.44866835       0.00000511       0.16212246       0.28654078
118          0.46799174       0.00092786       0.11029347       0.35677041
119          0.53737400       0.00058852       0.08331482       0.45347066
120          0.66549606       0.00078323       0.08125202       0.58346080
121          0.81413374       0.01016478       0.09703983       0.70692914
122          0.97358309       0.02006589       0.12355463       0.82996256
123          1.11059666       0.01645363       0.15522910       0.93891393
124          1.16529013       0.00706066       0.17531270       0.98291677
125          1.10942103       0.00305206       0.16908485       0.93728412
126          1.02841775       0.00266441       0.14158274       0.88417060
127          1.01198361       0.00221073       0.13013877       0.87963411
128          1.03043788       0.00159142       0.14267068       0.88617578
129          1.05733723       0.00577476       0.14783138       0.90373109
130          1.10027228       0.02003884       0.13489001       0.94534343
131          1.13218444       0.03443277       0.11261502       0.98513664
132          1.12352601       0.03368960       0.08746886       1.00236756
133          1.09920082       0.02301326       0.06514303       1.01104453
134          1.07921677       0.01188901       0.05217465       1.01515311
135          1.02050613       0.00564803       0.05405318       0.96080492
136          0.99191590       0.00717710       0.07428799       0.91045081
137          1.00589467       0.01814805       0.09805869       0.88968793
138          1.00480072       0.02965106       0.09948390       0.87566575
139          0.95809217       0.02875838       0.09649087       0.83284292
140          0.86032246       0.01544791       0.07103091       0.77384364
141          0.73837031       0.00288408       0.04709722       0.68838901
142          0.59356018       0.00113287       0.04266682       0.54976048
143          0.46073643       0.01241022       0.04614563       0.40218058
144          0.33582074       0.01973682       0.04266766       0.27341626
145          0.21837678       0.01946612       0.02824634       0.17066432
146          0.11685318       0.02298365       0.01651887       0.07735066
147          0.07047925       0.03662644       0.01382969       0.02002312
148          0.07240614       0.05403354       0.01696371       0.00140889
149          0.09157678       0.07286576       0.01710438       0.00160664
150          0.12443409       0.09897175       0.01003764       0.01542470
151          0.19101277       0.14002101       0.00269970       0.04829206
152          0.25112736       0.16718474       0.00124978       0.08269283
153          0.27028465       0.17614088       0.00270256       0.09144121
154          0.24898858       0.17411449       0.00551960       0.06935448
155          0.21181498       0.17036904       0.00691388       0.03453206
156          0.16695186       0.15496028       0.00678233       0.00520925
157          0.13569918       0.12251686       0.00980539       0.00337694
158          0.13284250       0.08872816       0.01601809       0.02809626
159          0.14205337       0.07550206       0.01611181       0.05043950
160          0.14649532       0.08487683       0.00524364       0.05637485
161          0.14946295       0.09955817       0.00007822       0.04982656
162          0.16157101       0.10307469       0.00610296       0.05239336
163          0.17312807       0.09346567       0.01427475       0.06538765
164          0.17435591       0.08598967       0.02263645       0.06572979
165          0.18605836       0.08807712       0.04455656       0.05342468
166          0.23314513       0.09886353       0.09010986       0.04417174
167          0.29947425       0.11591025       0.13574448       0.04781952
168          0.34028358       0.12443119       0.15352592       0.06232646
169          0.32822832       0.11851663       0.14792085       0.06179084
170          0.29887654       0.12109126       0.13889464       0.03889064
171          0.29850420       0.14754354       0.13884194       0.01211872
172          0.33712090       0.18359308       0.15268849       0.00083933
173          0.40429497       0.21408144       0.18880424       0.00140929
174          0.46001546       0.21812389       0.23673000       0.00516158
175          0.52472480       0.21209805       0.30507007       0.00755667
176          0.59441234       0.20357844       0.38179209       0.00904181
177          0.65145450       0.19427661       0.44267145       0.01450644
178          0.68213563       0.19229461       0.46492139       0.02491964
179          0.69885874       0.20342655       0.45488851       0.04054369
180          0.71186652       0.21858683       0.43832608       0.05495362
181          0.74670176       0.22426455       0.47182019       0.05061702
182          0.78495707       0.20525829       0.54142541       0.03827338
183          0.83510118       0.19762766       0.60772209       0.02975143
184          0.90918808       0.23364855       0.64468029       0.03085924
185          0.99532818       0.29521688       0.66810954       0.03200176
186          1.08573530       0.33285802       0.71853902       0.03433825
187          1.11854297       0.30621364       0.77728793       0.03504140
188          1.11538301       0.26176854       0.81520111       0.03841336
189          1.14975830       0.25085891       0.85056747       0.04833192
190          1.25140740       0.27414883       0.91580163       0.06145693
191          1.34840025       0.29853313       0.98662562       0.06324150
192          1.39270363       0.29775136       1.04457185       0.05038041
193          1.44731974       0.26745149       1.14693003       0.03293822
194          1.48915536       0.22183819       1.25163108       0.01568609
195          1.51113838       0.19295258       1.31187580       0.00631000
196          1.54937351       0.17690446       1.36769666       0.00477239
197          1.63685906       0.16816110       1.46296734       0.00573061
198          1.77124887       0.16278246       1.60361677       0.00484964
199          1.95385682       0.16122730       1.78924554       0.00338398
200          2.13197085       0.17567889       1.95344227       0.00284969
201          2.17372254       0.18390745       1.98817792       0.00163718
202          2.11731115       0.17777584       1.93903946       0.00049586
203          2.16125867       0.14728358       2.01363607       0.00033902
204          2.34968040       0.11407512       2.22834663       0.00725865
205          2.57404807       0.08500965       2.45876070       0.03027772
206          2.66868763       0.07082139       2.53163243       0.06623381
207          2.66893044       0.07044326       2.51789911       0.08058808
208          2.68185736       0.09067647       2.52294937       0.06823152
209          2.72764248       0.12306563       2.55203028       0.05254658
210          2.78478692       0.15022237       2.58074599       0.05381856
211          2.83249963       0.15875296       2.61427432       0.05947235
212          2.90697598       0.15445705       2.68274645       0.06977249
213          3.03727431       0.15295468       2.79667224       0.08764738
214          3.26994850       0.15484083       2.99938211       0.11572555
215          3.49676125       0.15499512       3.19567886       0.14608727
216          3.58601345       0.14999456       3.27388218       0.16213671
217          3.47677565       0.15103119       3.16299947       0.16274499
218          3.26675452       0.13778554       2.96800635       0.16096263
219          3.16601441       0.10809424       2.88188946       0.17603071
220          3.24915556       0.07671159       2.99481313       0.17763084
221          3.33061005       0.06118819       3.11220042       0.15722144
222          3.37975307       0.06229972       3.19868106       0.11877229
223          3.38052654       0.07686970       3.22011006       0.08354679
224          3.32419323       0.08789116       3.18557290       0.05072917
225          3.22475718       0.08274540       3.11954022       0.02247156
226          3.16503405       0.07733097       3.08014662       0.00755645
227          3.22884572       0.07469380       3.14857656       0.00557536
228          3.44043513       0.07235354       3.35484391       0.01323768
229          3.71175780       0.06879503       3.62028209       0.02268069
230          3.76634345       0.07521147       3.66677805       0.02435392
231          3.61583370       0.10506461       3.49558944       0.01517964
232          3.49881580       0.13916733       3.35254262       0.00710586
233          3.54016941       0.15111268       3.38559684       0.00345990
234          3.69803204       0.14509728       3.54902224       0.00391252
235          3.82887928       0.15100972       3.67106535       0.00680421
236          3.82107570       0.17741775       3.63411355       0.00954440
237          3.76975122       0.21231191       3.54679697       0.01064234
238          3.84877562       0.22923883       3.60483233       0.01470446
239          4.05339905       0.22889377       3.79957880       0.02492648
240          4.17960930       0.22741700       3.91161476       0.04057753
241          4.16197563       0.24447791       3.86106395       0.05643377
242          4.16107911       0.27313975       3.82147066       0.06646870
243          4.21734675       0.27570580       3.87493516       0.06670578
244          4.12996612       0.23492229       3.83849791       0.05654592
245          3.87913675       0.18376245       3.65013157       0.04524273
246          3.69247059       0.18428784       3.47142261       0.03676014
247          3.65676308       0.24131240       3.37857926       0.03687142
248          3.70719228       0.31662314       3.35185508       0.03871406
249          3.76690245       0.35215159       3.37406899       0.04068187
250          3.82866515       0.35353620       3.44142502       0.03370393
251          3.87689706       0.35030535       3.50734355       0.01924816
252          3.89042382       0.33423467       3.54569759       0.01049157
253          3.92726307       0.31222752       3.60875462       0.00628093
254          4.03787785       0.29654032       3.73671567       0.00462186
255          4.13460566       0.31978954       3.81247228       0.00234384
256          4.14731567       0.37812770       3.76897696       0.00021101
257          4.08688218       0.43373329       3.65261098       0.00053791
258          4.02747348       0.44341321       3.58339539       0.00066488
259          4.03559756       0.42530882       3.61028820       0.00000054
260          4.20415941       0.43071113       3.77320617       0.00024211
261          4.46222043       0.47016386       3.99205207       0.00000449
262          4.55472805       0.50640912       4.04741995       0.00089898
263          4.48720711       0.47394816       4.01236734       0.00089160
264          4.41619725       0.38824687       4.02700458       0.00094580
265          4.43737974       0.31225309       4.12378180       0.00134485
266          4.50072736       0.30252494       4.19692806       0.00127436
267          4.51103849       0.34837845       4.16198732       0.00067272
268          4.51017978       0.41925859       4.08934760       0.00157358
269          4.56632401       0.47563094       4.08945037       0.00124270
270          4.65004821       0.52031493       4.12968646       0.00004681
271          4.70511194       0.54216972       4.15810740       0.00483483
272          4.73376512       0.55325635       4.16702784       0.01348093
273          4.78004773       0.56080047       4.20111054       0.01813672
274          4.87155223       0.54992559       4.30373816       0.01788848
275          5.00844184       0.54268119       4.45284026       0.01292039
276          5.13267233       0.52935492       4.59921557       0.00410185
277          5.26132030       0.53807659       4.72319447       0.00004925
278          5.41661046       0.54673192       4.86688983       0.00298871
279          5.58269191       0.54302640       5.03539346       0.00427205
280          5.68239263       0.50348320       5.17674368       0.00216575
281          5.72130342       0.45755334       5.26231717       0.00143291
282          5.75419396       0.43952829       5.31367512       0.00099054
283          5.73118626       0.43998708       5.29080006       0.00039912
284          5.58778730       0.42236827       5.16535643       0.00006261
285          5.46704825       0.37354860       5.09178025       0.00171941
286          5.55469093       0.33987410       5.20867059       0.00614625
287          5.80337309       0.31599985       5.47192878       0.01544445
288          5.98960298       0.30176603       5.65978759       0.02804935
289          6.03433411       0.31118294       5.67356852       0.04958265
290          5.98065504       0.34542772       5.55354183       0.08168549
291          5.88687107       0.36736457       5.39594144       0.12356507
292          5.81439414       0.39963922       5.22410002       0.19065490
293          5.78732290       0.46646721       5.02457447       0.29628123
294          5.87338690       0.56935055       4.88989700       0.41413936
295          6.04220195       0.68397611       4.85118078       0.50704507
296          6.28685164       0.80153088       4.93218010       0.55314066
297          6.53848756       0.91575407       5.04616811       0.57656537
298          6.74090273       1.01280594       5.12999492       0.59810187
299          6.94672832       1.08835911       5.23714016       0.62122905
300          7.13061666       1.14230163       5.36338503       0.62493000
301          7.22002234       1.18615876       5.45778801       0.57607557
302          7.22684652       1.26225863       5.48333175       0.48125614
303          7.36059282       1.35693290       5.61044934       0.39321058
304          7.67742972       1.43876249       5.89896991       0.33969732
305          8.01125788       1.50998026       6.19917739       0.30210023
306          8.26071729       1.60187767       6.37907078       0.27976885
307          8.24418143       1.60275841       6.38960095       0.25182208
308          7.95454010       1.46811213       6.27194598       0.21448199
309          7.56126884       1.27446895       6.11856848       0.16823141
310          7.23165163       1.14550106       5.97238220       0.11376838
311          6.99788219       1.09645141       5.84118471       0.06024607
312          6.83223888       1.04144611       5.76605377       0.02473901
313          6.61015579       0.92548381       5.67839799       0.00627399
314          6.36125720       0.79655930       5.56429806       0.00039983
315          6.04699812       0.71620929       5.33029701       0.00049182
316          5.82499268       0.73143193       5.09222939       0.00133136
317          5.65159536       0.81552825       4.83412659       0.00194051
318          5.53102772       0.94077082       4.58640649       0.00385041
319          5.44838787       1.09691054       4.34612811       0.00534922
320          5.40860104       1.25490952       4.14921533       0.00447619
321          5.36698703       1.34272743       4.02119580       0.00306380
322          5.34478204       1.36843328       3.97407175       0.00227700
323          5.39708923       1.39209249       4.00375872       0.00123802
324          5.43016464       1.44088708       3.98846329       0.00081427
325          5.36732731       1.48983428       3.87596983       0.00152320
326          5.23185967       1.51170576       3.71526350       0.00489041
327          5.17018033       1.51858520       3.64204785       0.00954728
328          5.22363840       1.56732700       3.64547808       0.01083332
329          5.26013681       1.63416507       3.61500573       0.01096601
330          5.18973222       1.69813888       3.47800889       0.01358445
331          5.13562858       1.72823240       3.39122007       0.01617611
332          5.24440916       1.70063221       3.52793178       0.01584517
333          5.45946526       1.61146177       3.83626258       0.01174091
334          5.58242062       1.50723153       4.06754952       0.00763958
335          5.47552824       1.43868695       4.03260485       0.00423644
336          5.25534785       1.44300192       3.81056128       0.00178465
337          4.98619760       1.48263874       3.50307462       0.00048423
338          4.63232282       1.44275743       3.18952846       0.00003693
339          4.25010405       1.31283168       2.93704946       0.00022291
340          3.99410451       1.16118042       2.83117389       0.00175020
341          3.95340055       1.05134086       2.89733416       0.00472553
342          4.05901535       1.00104071       3.05306763       0.00490700
343          4.25685029       1.04893085       3.20639415       0.00152529
344          4.46643802       1.16839287       3.29794662       0.00009854
345          4.66628993       1.29690559       3.36720217       0.00218216
346          4.90430675       1.40241516       3.49995988       0.00193171
347          5.15902314       1.52252421       3.63633019       0.00016874
348          5.34355484       1.69048920       3.65305584       0.00000980
349          5.40074086       1.84650167       3.55422374       0.00001545
350          5.32451520       1.88597467       3.43737807       0.00116246
351          5.17785646       1.80009570       3.37083589       0.00692487
352          5.13797881       1.69658578       3.42939353       0.01199950
353          5.22725735       1.67459206       3.53841870       0.01424659
354          5.45086802       1.77323654       3.65513024       0.02250125
355          5.73869648       1.88953555       3.80521473       0.04394620
356          5.92776556       1.90828035       3.94887847       0.07060673
357          5.93348065       1.81867204       4.02915790       0.08565071
358          5.78971432       1.72015086       3.98566251       0.08390094
359          5.65438544       1.61696814       3.95785285       0.07956446
360          5.57173024       1.47008498       4.02173304       0.07991222
361          5.59861664       1.34529104       4.17593471       0.07739088
362          5.77455881       1.38337693       4.31859059       0.07259129
363          5.97581860       1.55858478       4.33821876       0.07901506
364          6.12131986       1.68638237       4.34867524       0.08626225
365          6.08747102       1.60266381       4.39507975       0.08972746
366          5.93366713       1.37467450       4.46778134       0.09121129
367          5.77290784       1.17227571       4.50024683       0.10038530
368          5.72487864       1.05547835       4.55786108       0.11153921
369          5.82586021       1.01957271       4.69456774       0.11171976
370          6.04465617       1.03667214       4.90665033       0.10133369
371          6.17345810       1.06398837       5.01583602       0.09363371
372          6.13935802       1.01924166       5.03950085       0.08061551
373          5.99238989       0.90645353       5.02206047       0.06387590
374          5.90140511       0.81121915       5.03541595       0.05477001
375          5.71002982       0.71629109       4.93705358       0.05668514
376          5.50314189       0.66480286       4.77910067       0.05923835
377          5.40196152       0.66352688       4.68584491       0.05258973
378          5.41800025       0.66947513       4.69679329       0.05173183
379          5.46169055       0.63733735       4.76400153       0.06035167
380          5.39950736       0.57739261       4.73967654       0.08243820
381          5.41266005       0.56206309       4.75239782       0.09819914
382          5.38392866       0.54535729       4.72568895       0.11288242
383          5.31008642       0.50898515       4.67157920       0.12952207
384          5.30209058       0.47174461       4.67368172       0.15666424
385          5.32745228       0.45091320       4.69754179       0.17899729
386          5.48991162       0.44626311       4.86272807       0.18092044
387          5.84321531       0.45877199       5.19690570       0.18753762
388          6.20524200       0.50059587       5.49032226       0.21432387
389          6.31021654       0.54093046       5.48709135       0.28219473
390          6.16529205       0.55723464       5.24291334       0.36514406
391          5.95337447       0.57211272       4.93549670       0.44576506
392          5.90388830       0.60224112       4.81880772       0.48283945
393          5.93633302       0.62509607       4.84278529       0.46845167
394          5.95689735       0.63434759       4.88659603       0.43595373
395          5.92237052       0.64703018       4.86261971       0.41272063
396          5.96796963       0.66176292       4.92961011       0.37659660
397          6.13247510       0.65581902       5.14202858       0.33462749
398          6.27002140       0.62752189       5.33568753       0.30681198
399          6.23842318       0.57099001       5.36775708       0.29967608
400          6.08381190       0.48636767       5.29835621       0.29908803
401          5.99637438       0.42597215       5.26974442       0.30065781
402          6.02893201       0.42240709       5.28558846       0.32093646
403          6.19763582       0.47504105       5.37538596       0.34720881
404          6.42306339       0.52958651       5.51490121       0.37857567
405          6.62954857       0.54194642       5.68995798       0.39764418
406          6.58709111       0.49834573       5.69163425       0.39711113
407          6.25233001       0.41235714       5.44920505       0.39076783
408          5.81103218       0.32160658       5.08063100       0.40879460
409          5.51610174       0.27429047       4.79382823       0.44798304
410          5.43014316       0.27392096       4.66936097       0.48686123
411          5.50254724       0.30915059       4.71392207       0.47947458
412          5.67817003       0.35191105       4.87290000       0.45335897
413          5.78964383       0.36404182       4.98596419       0.43963782
414          5.78817772       0.35270140       5.00510876       0.43036755
415          5.65119693       0.33562179       4.87091865       0.44465649
416          5.47103441       0.33873449       4.68381172       0.44848821
417          5.39434407       0.36584437       4.58092651       0.44757319
418          5.47857201       0.42971396       4.58379236       0.46506569
419          5.73216543       0.51978968       4.69316457       0.51921118
420          6.01724542       0.59152075       4.87885191       0.54687276
421          6.19045243       0.63903286       5.00922151       0.54219805
422          6.20125527       0.65764855       4.98392369       0.55968304
423          6.00594362       0.66051331       4.74540460       0.60002570
424          5.78952769       0.67224616       4.47344446       0.64383708
425          5.75183710       0.72494657       4.36807241       0.65881812
426          5.88568229       0.82367731       4.42583020       0.63617477
427          6.04275511       0.94471995       4.50358921       0.59444595
428          6.12476566       1.08777952       4.46709242       0.56989373
429          6.08204509       1.23279884       4.30956990       0.53967634
430          5.97199606       1.41106317       4.04465389       0.51627899
431          5.79125123       1.56243805       3.76129598       0.46751719
432          5.66332456       1.67348256       3.57584155       0.41400044
433          5.65790536       1.80769184       3.47562922       0.37458431
434          5.79323380       2.00362171       3.42102160       0.36859049
435          5.97327750       2.19983169       3.40560963       0.36783617
436          6.08454154       2.30401121       3.43056112       0.34996920
437          6.10875064       2.34819024       3.42616850       0.33439190
438          6.20259107       2.44731832       3.42942316       0.32584958
439          6.40709696       2.67373449       3.38741504       0.34594743
440          6.60784719       2.94850003       3.30061922       0.35872794
441          6.73533778       3.18306801       3.18967073       0.36259904
442          6.77430861       3.38122725       3.07069828       0.32238308
443          6.74452320       3.60728621       2.87067404       0.26656295
444          6.70790254       3.79963096       2.69542403       0.21284754
445          6.71989195       3.91791324       2.62991400       0.17206471
446          6.85061503       4.05764516       2.63818933       0.15478054
447          7.04337386       4.27359260       2.61982045       0.14996081
448          7.08666742       4.41609248       2.51919321       0.15138174
449          6.91956270       4.36396717       2.40881075       0.14678478
450          6.73709970       4.27278789       2.31275566       0.15155615
451          6.62711687       4.24872514       2.21539493       0.16299680
452          6.54368897       4.28732030       2.08649633       0.16987235
453          6.48659348       4.35330916       1.97377992       0.15950440
454          6.49944519       4.49406204       1.86924951       0.13613364
455          6.60557849       4.70584999       1.79312287       0.10660562
456          6.78857522       5.00517892       1.71168039       0.07171591
457          6.97334108       5.32746904       1.60392612       0.04194592
458          7.09770653       5.57837198       1.49840404       0.02093051
459          7.22609411       5.71315112       1.50393182       0.00901117
460          7.41544856       5.72505220       1.68794491       0.00245145
461          7.57699270       5.66834163       1.90798113       0.00066994
462          7.52229604       5.55046393       1.97144680       0.00038531
463          7.22852070       5.48526640       1.74181165       0.00144265
464          6.92524644       5.43938087       1.48330016       0.00256540
465          6.73152985       5.47581538       1.25271206       0.00300242
466          6.63121392       5.52487281       1.10326638       0.00307472
467          6.55591275       5.51741615       1.03517825       0.00331835
468          6.45772739       5.44183197       1.01099138       0.00490405
469          6.38664365       5.39367186       0.98523733       0.00773446
470          6.45808075       5.49458700       0.95169630       0.01179746
471          6.77747478       5.81297424       0.94797428       0.01652626
472          7.09057642       6.13749144       0.92641470       0.02667028
473          7.11627508       6.23761379       0.84027742       0.03838387
474          6.98825371       6.23518913       0.70588373       0.04718085
475          6.94821052       6.30834297       0.59451653       0.04535101
476          7.03481822       6.47015115       0.52774195       0.03692511
477          7.12530937       6.58671524       0.51513152       0.02346262
478          7.22261976       6.68801443       0.52652512       0.00808021
479          7.39770918       6.85144021       0.54576375       0.00050522
480          7.73604457       7.19395818       0.54188913       0.00019726
481          8.17893975       7.67541132       0.50341209       0.00011634
482          8.52233411       8.06992999       0.45227000       0.00013412
483          8.76502755       8.33887216       0.42520812       0.00094727
484          8.92156203       8.49241086       0.42641612       0.00273506
485          8.98220257       8.52574634       0.44984643       0.00660980
486          8.92772848       8.42420997       0.48518034       0.01833817
487          8.93793200       8.37531084       0.52168132       0.04093984
488          9.05740826       8.45551410       0.54087055       0.06102361
489          9.08595334       8.51798646       0.50006780       0.06789908
490          9.02136723       8.51580696       0.43304307       0.07251720
491          8.98303383       8.52570056       0.37479288       0.08254039
492          9.14367774       8.69145322       0.34875922       0.10346529
493          9.39765278       8.92210149       0.34280739       0.13274389
494          9.45358362       8.98541655       0.32963436       0.13853271
495          9.36359435       8.95654508       0.28743807       0.11961120
496          9.35033802       9.03275741       0.22840353       0.08917708
497          9.36291575       9.12389091       0.18290597       0.05611888
498          9.18822185       8.99503005       0.16686712       0.02632468
499          8.74771519       8.58479780       0.15116350       0.01175389
500          8.25650210       8.10760914       0.13777993       0.01111303
501          7.81581582       7.66792096       0.13264576       0.01524910
502          7.37041718       7.24945065       0.10970896       0.01125757
503          6.96650731       6.87978020       0.08384271       0.00288440
504          6.64651207       6.59145146       0.05469693       0.00036368
505          6.52144511       6.48707039       0.03380890       0.00056581
506          6.70210638       6.67896587       0.02214781       0.00099270
507          7.04131918       7.01991230       0.02007987       0.00132701
508          7.40684726       7.38709951       0.01829675       0.00145100
509          7.79056942       7.77675438       0.01105688       0.00275816
510          8.13261889       8.12282678       0.00409435       0.00569776
511          8.45001884       8.43932840       0.00000841       0.01068203
512          8.89716270       8.86988997       0.00736991       0.01990282
513          9.36394202       9.30574353       0.02642137       0.03177712
514          9.89362354       9.80520308       0.04587462       0.04254584
515         10.51800898      10.42092918       0.05698606       0.04009374
516         11.11048103      11.01290777       0.05855933       0.03901393
517         11.75809610      11.64265625       0.06929199       0.04614786
518         12.43194959      12.27413815       0.09744839       0.06036306
519         13.27315078      13.02105134       0.17882982       0.07326962
520         14.29359769      13.87946045       0.33377309       0.08036415
521         15.08718303      14.51924677       0.49771208       0.07022418
522         14.93040660      14.29600403       0.58147361       0.05292896
523         14.64807063      13.97711059       0.63046843       0.04049161
524         14.44548522      13.72725145       0.67599873       0.04223504
525         14.29343052      13.47561422       0.75697982       0.06083648
526         14.29871434      13.32266812       0.87861372       0.09743250
527         14.51648707      13.36581027       1.00140383       0.14927297
528         14.80118426      13.48811893       1.11520794       0.19785739
529         15.11128435      13.61706805       1.26152154       0.23269476
530         15.38900051      13.67802742       1.44072746       0.27024563
531         15.55894552      13.71180412       1.55969149       0.28744992
532         15.85563895      13.92541786       1.65643629       0.27378481
533         15.85248271      13.91911435       1.70041172       0.23295663
534         15.67792460      13.83106803       1.66308838       0.18376819
535         15.52150289      13.78132119       1.58449887       0.15568283
536         15.70320269      14.00593552       1.53933644       0.15793073
537         16.16452991      14.46020528       1.52543990       0.17888473
538         16.54465705      14.86199871       1.47940851       0.20324983
539         16.87721326      15.22998899       1.43345452       0.21376975
540         17.23430816      15.62216534       1.41116550       0.20097732
541         17.43386279      15.89784271       1.35270079       0.18331929
542         17.39292623      15.98914880       1.23588543       0.16789201
543         17.46463340      16.11675326       1.17525065       0.17262950
544         17.87064582      16.47787021       1.20619508       0.18658053
545         18.53295350      17.10106628       1.24514584       0.18674138
546         19.18909325      17.78438651       1.22967684       0.17502990
547         19.81803132      18.39028613       1.23914809       0.18859709
548         20.46415794      18.91259487       1.32614589       0.22541718
549         21.26995373      19.56525229       1.44080956       0.26389187
550         22.01197716      20.22988838       1.50414659       0.27794220
551         22.48490560      20.69906526       1.49961246       0.28622788
552         22.58019238      20.83107462       1.44999644       0.29912131
553         22.42949815      20.75127722       1.36352983       0.31469111
554         22.34387033      20.70829256       1.29768464       0.33789313
555         22.54845526      20.90191172       1.29717184       0.34937170
556         22.92461744      21.25671200       1.31335398       0.35455146
557         23.16692195      21.51994209       1.29702276       0.34995710
558         23.26425445      21.64690785       1.26737626       0.34997034
559         23.42558646      21.79220262       1.28048344       0.35290040
560         23.78057609      22.08326184       1.33853333       0.35878092
561         24.37187796      22.52670681       1.48738072       0.35779043
562         25.20746578      23.16006010       1.70418482       0.34322087
563         25.89361608      23.66728120       1.91921086       0.30712402
564         26.15211621      23.85232957       2.03861401       0.26117263
565         26.18835245      23.82815080       2.13883933       0.22136233
566         26.38171819      23.93172212       2.25336696       0.19662911
567         26.87085475      24.28166051       2.38992439       0.19926985
568         27.62424753      24.84306347       2.56071112       0.22047294
569         28.50819828      25.62841124       2.63512477       0.24466227
570         29.27417980      26.43685224       2.56928706       0.26804049
571         29.92334644      27.23187077       2.40950602       0.28196966
572         30.65164831      28.03814056       2.31411680       0.29939095
573         31.27833287      28.59020774       2.37349455       0.31463058
574         31.60280517      28.75960872       2.54197268       0.30122378
575         31.77529254      28.80513554       2.70913567       0.26102133
576         31.88438808      28.85773034       2.80717187       0.21948587
577         32.03014051      29.06966392       2.76352223       0.19695437
578         32.27017180      29.44326075       2.64990194       0.17700911
579         32.55746827      29.88508846       2.53051146       0.14186836
580         33.08911785      30.56384830       2.41196281       0.11330674
581         33.54190508      31.13583776       2.29691490       0.10915242
582         33.69481200      31.40043607       2.17685482       0.11752111
583         33.75316906      31.52130893       2.08802318       0.14383694
584         34.05380166      31.77260537       2.07757074       0.20362555
585         34.50702971      32.11017400       2.11874097       0.27811474
586         34.57394471      32.06819109       2.18740317       0.31835045
587         34.28448352      31.68700819       2.28578806       0.31168728
588         33.71430157      31.08683140       2.34749098       0.27997919
589         33.25894983      30.66532077       2.34043019       0.25319888
590         33.32056820      30.77446501       2.30958715       0.23651605
591         34.06819109      31.55199542       2.29368647       0.22250920
592         35.22072955      32.72238490       2.28041107       0.21793358
593         35.95889352      33.50132798       2.25190006       0.20566548
594         36.15370986      33.70760625       2.26323422       0.18286938
595         36.26965732      33.74212143       2.37745638       0.15007951
596         36.58005309      33.91682337       2.54463640       0.11859332
597         37.12786120      34.31805534       2.72019065       0.08961520
598         37.62936800      34.77051023       2.78416229       0.07469548
599         37.75291010      34.94450856       2.73186374       0.07653781
600         37.87433526      35.13856624       2.63924578       0.09652323
601         38.22146663      35.53215737       2.56221846       0.12709080
602         38.47530880      35.82984665       2.49537778       0.15008437
603         38.21482431      35.63604441       2.42266514       0.15611477
604         37.59582365      35.15840399       2.28516372       0.15225594
605         37.07348169      34.82214054       2.11354476       0.13779638
606         36.95916342      34.86542352       1.97592507       0.11781483
607         36.93264158      34.94542105       1.87663913       0.11058140
608         36.57483211      34.67095706       1.77804973       0.12582532
609         35.95688520      34.17394153       1.64285961       0.14008407
610         35.44278919      33.80557702       1.47531821       0.16189396
611         35.19441169      33.68738609       1.30560197       0.20142363
612         34.94237387      33.50966280       1.17855205       0.25415903
613         34.70124486      33.29371254       1.10789085       0.29964147
614         34.60541528      33.21275072       1.04694442       0.34572014
615         34.70120281      33.34081134       0.99833813       0.36205334
616         34.60203594      33.31498418       0.97021206       0.31683970
617         34.03232955      32.85559312       0.94371289       0.23302355
618         33.27982532      32.22964982       0.89131448       0.15886101
619         32.79783947      31.83383157       0.84697445       0.11703344
620         32.80142684      31.83337546       0.87480530       0.09324608
621         33.01590569      31.94969675       0.98268251       0.08352642
622         33.16381885      32.00829134       1.08254490       0.07298261
623         33.35984335      32.08690454       1.20602789       0.06691092
624         33.51143040      32.13404008       1.32465103       0.05273929
625         33.83907384      32.43411048       1.37221933       0.03274403
626         33.98752701      32.62747408       1.34137904       0.01867390
627         33.69288272      32.42269657       1.25965895       0.01052720
628         33.24754976      32.04045941       1.20246272       0.00462764
629         33.00291331      31.78753721       1.21393343       0.00144267
630         33.07253624      31.77993499       1.29198993       0.00061131
631         33.38360569      31.98842679       1.39463997       0.00053892
632         33.73296961      32.27933930       1.45188730       0.00174302
633         33.93066671      32.52013034       1.40646279       0.00407358
634         33.93302061      32.61302877       1.31489867       0.00509317
635         33.74488398      32.40688885       1.33292354       0.00507159
636         33.28653994      31.86472023       1.41337276       0.00844695
637         32.94853843      31.48293216       1.45139974       0.01420653
638         32.86520878      31.42474945       1.43168914       0.00877019
639         32.96314639      31.55395975       1.40837098       0.00081565
640         33.01902633      31.62750863       1.39132709       0.00019060
641         32.70932834      31.32256487       1.38653053       0.00023293
642         32.20146335      30.83746815       1.36395357       0.00004163
643         31.72718823      30.41160153       1.31544526       0.00014144
644         31.79434119      30.50141561       1.29043568       0.00248991
645         32.40671352      31.08302118       1.31085147       0.01284087
646         33.04188262      31.69301058       1.31592591       0.03294613
647         33.43255365      32.06652532       1.29448432       0.07154400
648         33.65551463      32.21308091       1.30313738       0.13929634
649         34.06705039      32.51398216       1.32642385       0.22664438
650         34.66593090      33.07388817       1.30106317       0.29097957
651         35.36719346      33.77939956       1.27461325       0.31318064
652         35.71353755      34.20775795       1.17540646       0.33037314
653         35.78162213      34.36198404       1.07546967       0.34416842
654         35.76176215      34.36762671       1.01132142       0.38281402
655         36.11803475      34.67562821       1.00629010       0.43611643
656         36.25296239      34.78262714       0.98971240       0.48062285
657         36.20939278      34.78069143       0.92713643       0.50156492
658         35.93074326      34.61523395       0.82777704       0.48773228
659         35.83081528      34.58478321       0.79487665       0.45115542
660         35.84830133      34.59600591       0.82130035       0.43099507
661         35.83901685      34.51081190       0.91273014       0.41547482
662         35.82246866      34.35684885       1.06864156       0.39697825
663         35.87004000      34.23477463       1.24667734       0.38858802
664         35.96241939      34.17841620       1.37163294       0.41237025
665         36.29879903      34.35753324       1.49015959       0.45110620
666         36.61518881      34.60922942       1.53973858       0.46622081
667         36.94450408      35.01640268       1.50088518       0.42721623
668         37.19981093      35.41368153       1.41051753       0.37561187
669         37.15838776      35.48346874       1.30972289       0.36519614
670         36.93982039      35.29454756       1.23856495       0.40670788
671         36.58913210      34.87997113       1.21349379       0.49566718
672         36.55928084      34.71877941       1.25277563       0.58772580
673         36.97593653      35.08357952       1.25759264       0.63476437
674         37.82735005      36.02051296       1.19925209       0.60758500
675         38.49081555      36.86637308       1.07341315       0.55102932
676         38.84794103      37.32721057       1.01062616       0.51010429
677         39.12908414      37.57728521       1.03956929       0.51222964
678         39.60364055      37.97801899       1.11337314       0.51224842
679         40.14405600      38.44958729       1.17881537       0.51565335
680         40.42397815      38.66154819       1.22998926       0.53244070
681         40.50327796      38.64507454       1.28678597       0.57141745
682         40.58483254      38.55658689       1.38669614       0.64154951
683         40.51987299      38.27471098       1.53799100       0.70717102
684         40.25520410      37.81389787       1.70067895       0.74062728
685         39.98568948      37.41445232       1.83463920       0.73659795
686         39.50380948      36.78330822       1.98034235       0.74015892
687         39.14743908      36.15596227       2.17494818       0.81652863
688         39.08428718      35.78372975       2.32512538       0.97543206
689         39.34744665      35.82070632       2.40557966       1.12116068
690         39.52886153      35.82711957       2.50724838       1.19449358
691         39.45332423      35.58279811       2.69778230       1.17274382
692         39.17844398      35.21471848       2.86720590       1.09651960
693         38.78365510      34.83821834       2.98341367       0.96202309
694         38.54234383      34.66788078       3.04436518       0.83009787
695         38.16388941      34.34792428       3.09017680       0.72578834
696         37.49907562      33.69520360       3.16345378       0.64041824
697         37.02423793      33.13271645       3.30243274       0.58908873
698         36.91990339      32.84973082       3.50004448       0.57012809
699         36.89935083      32.65720725       3.68170886       0.56043472
700         36.92973661      32.46816321       3.90447392       0.55709948
701         36.70876871      32.04738826       4.10576509       0.55561536
702         36.15966282      31.37016236       4.26686159       0.52263887
703         34.78326129      30.13547518       4.23025697       0.41752914
704         33.65127498      29.20830484       4.14994386       0.29302627
705         33.25048201      28.95076252       4.10610518       0.19361430
706         33.28541708      29.06521330       4.09946788       0.12073591
707         33.38619093      29.21454842       4.09373629       0.07790622
708         33.34447172      29.19654893       4.08803561       0.05988718
709         33.29548609      29.13898450       4.09344859       0.06305300
710         33.14455306      28.99190120       4.06636860       0.08628326
711         32.97850485      28.91070325       3.94231409       0.12548751
712         32.29919244      28.53084870       3.64073895       0.12760479
713         31.17117824      27.69933394       3.38606009       0.08578421
714         30.22637344      26.85267244       3.33697779       0.03672321
715         29.92330297      26.50856511       3.40713922       0.00759864
716         29.83720010      26.40690449       3.43024781       0.00004779
717         29.54352001      26.18092917       3.35714893       0.00544191
718         29.06344301      25.83636464       3.21789093       0.00918743
719         28.88965890      25.72296109       3.15985785       0.00683995
720         29.24583344      26.02039259       3.22521619       0.00022466
721         29.56100768      26.25836543       3.29697893       0.00566333
722         29.45386241      26.11605181       3.31067385       0.02713675
723         29.07654251      25.65726845       3.36354408       0.05572999
724         28.58579597      25.10432471       3.40052999       0.08094127
725         28.04440095      24.50379543       3.44597971       0.09462581
726         27.54750358      24.01948420       3.42311660       0.10490278
727         27.29735530      23.93010984       3.25359545       0.11365002
728         27.47429059      24.30712526       3.03216981       0.13499552
729         27.78922083      24.77855018       2.84846560       0.16220505
730         27.90232144      24.92230166       2.79138906       0.18863072
731         27.61968031      24.58783971       2.81711683       0.21472378
732         27.01555671      23.81620329       2.96080667       0.23854675
733         26.46857890      22.92878902       3.25147387       0.28831601
734         26.17121863      22.16655335       3.66619365       0.33847162
735         26.02680575      21.71335394       3.94431607       0.36913574
736         25.76953631      21.46562590       3.95310379       0.35080663
737         25.58438260      21.47272282       3.78909977       0.32256001
738         25.56817152      21.68579174       3.55784430       0.32453548
739         25.88566003      22.14243674       3.37585039       0.36737290
740         26.43867404      22.76466138       3.24724087       0.42677179
741         26.87754963      23.22260409       3.18138060       0.47356493
742         26.90795794      23.29480803       3.12653683       0.48661308
743         26.40615538      22.86964362       3.06206724       0.47444452
744         25.53650358      22.02576111       3.03440666       0.47633580
745         24.70641207      21.10404621       3.10693506       0.49543081
746         24.09268057      20.35840633       3.20327314       0.53100110
747         23.64668400      19.93839326       3.15573193       0.55255880
748         23.51463817      19.96653466       2.96399447       0.58410905
749         23.62811761      20.21544908       2.77761949       0.63504904
750         23.78124038      20.38878406       2.72622351       0.66623282
751         23.68586384      20.26291715       2.77864112       0.64430557
752         23.11276600      19.69198810       2.82510461       0.59567330
753         22.38502508      18.97296890       2.86959961       0.54245657
754         21.78619233      18.38870435       2.91629749       0.48119049
755         21.45254003      18.09233056       2.93366496       0.42654451
756         21.23722041      17.98221435       2.87657376       0.37843230
757         21.14259751      18.08095039       2.71383497       0.34781215
758         21.22881848      18.37789941       2.53094798       0.31997109
759         21.23842540      18.54717996       2.41575160       0.27549385
760         21.15653047      18.54909466       2.41154531       0.19589051
761         21.14629614      18.54146583       2.48413446       0.12069586
762         21.41539981      18.74637509       2.58430629       0.08471843
763         21.67913330      18.99414006       2.60589575       0.07909750
764         21.75475349      19.09481408       2.57167629       0.08826312
765         21.55774850      18.89322157       2.57347885       0.09104809
766         21.41188942      18.68532922       2.63873699       0.08782321
767         21.54355413      18.79328726       2.66484860       0.08541826
768         21.69863818      19.02556531       2.58736693       0.08570594
769         21.72080341      19.15119760       2.48158795       0.08801786
770         21.39645840      18.87505544       2.44458916       0.07681379
771         20.95385425      18.40756734       2.48264834       0.06363856
772         20.54080207      17.90848951       2.57324852       0.05906404
773         20.27156143      17.51543516       2.68526116       0.07086511
774         20.24495838      17.33402471       2.80567207       0.10526160
775         20.34722639      17.30808644       2.87899192       0.16014803
776         20.40113076      17.29911325       2.87984009       0.22217741
777         20.26341746      17.09169464       2.89508551       0.27663731
778         19.94589473      16.62897146       3.01215768       0.30476558
779         19.67424955      16.16620411       3.19165882       0.31638662
780         19.49147860      15.82409074       3.32798121       0.33940666
781         19.50558876      15.67613124       3.46266224       0.36679528
782         19.74274089      15.71071269       3.64302793       0.38900028
783         20.02972488      15.73369042       3.89483124       0.40120322
784         20.08410991      15.56415329       4.09857009       0.42138653
785         19.71843931      15.16433724       4.12175723       0.43234483
786         19.23317094      14.76170644       4.07725357       0.39421093
787         18.95090787      14.56621458       4.05736412       0.32732917
788         19.05137379      14.63726526       4.11977050       0.29433802
789         19.52332547      14.99345261       4.21703893       0.31283392
790         20.04128463      15.34385213       4.34360132       0.35383119
791         20.65450641      15.74032394       4.53360643       0.38057605
792         21.12089482      16.08063718       4.67542306       0.36483458
793         21.42850432      16.38995048       4.68805410       0.35049973
794         21.55531750      16.62947891       4.60887222       0.31696637
795         21.59228431      16.84550784       4.51122078       0.23555569
796         21.86167162      17.25294141       4.48176225       0.12696797
797         22.20790990      17.63523576       4.53056942       0.04210473
798         22.37171562      17.74203872       4.62619396       0.00348294
799         22.18774011      17.46590179       4.71873193       0.00310639
800         21.67984168      16.99175326       4.67044856       0.01763986
801         21.45260954      16.83290400       4.58468490       0.03502064
802         21.73517806      17.09498488       4.60269400       0.03749917
803         22.19317833      17.48856529       4.68051270       0.02410034
804         22.48915973      17.71732179       4.75572639       0.01611155
805         22.31395212      17.46926322       4.82213724       0.02255166
806         21.90725684      17.02406835       4.85008411       0.03310438
807         21.53231184      16.71288841       4.78259835       0.03682507
808         21.50291304      16.79797890       4.66966108       0.03527306
809         21.73045410      17.07567089       4.61738863       0.03739459
810         21.66163582      17.01922450       4.60586342       0.03654790
811         21.20377479      16.53738074       4.63506147       0.03133258
812         20.64392214      15.99564606       4.62511012       0.02316596
813         20.06624499      15.60699416       4.44652093       0.01272991
814         19.62648530      15.40566150       4.21575212       0.00507167
815         19.52531987      15.44908345       4.07326670       0.00296971
816         19.62466925      15.48152075       4.14012776       0.00302074
817         19.60627278      15.23847512       4.36497567       0.00282198
818         19.43343183      14.95281159       4.47751834       0.00310190
819         19.10909409      14.74342203       4.36386021       0.00181184
820         18.79217461      14.62021008       4.17183873       0.00012580
821         18.68782361      14.70301048       3.98434591       0.00046722
822         18.96569241      15.05033543       3.91467779       0.00067919
823         19.39511325      15.26846567       4.12569902       0.00094856
824         19.75448952      15.38325505       4.37104710       0.00018737
825         19.92157977      15.43710528       4.48437613       0.00009836
826         19.84784504      15.29839903       4.54702856       0.00241745
827         19.85062699      15.13649049       4.70421509       0.00992141
828         19.90800395      15.04319028       4.84115168       0.02366199
829         20.10469519      15.26426323       4.80010779       0.04032417
830         20.27835167      15.66598430       4.55952347       0.05284389
831         20.47392885      16.04608249       4.36001448       0.06783187
832         20.71965806      16.33607328       4.30146650       0.08211828
833         20.69387263      16.41631495       4.18293532       0.09462237
834         20.35950458      16.24951422       4.00275363       0.10723673
835         19.82690587      15.95566396       3.76031102       0.11093089
836         19.31677317      15.50506783       3.71230395       0.09940139
837         19.19855475      15.31129227       3.79948574       0.08777674
838         19.38017424      15.44991564       3.84848452       0.08177408
839         19.57559430      15.62836536       3.86384109       0.08338785
840         19.67786799      15.66424765       3.93760170       0.07601863
841         19.83332920      15.82051484       3.94382018       0.06899418
842         20.06340147      16.23122170       3.76185979       0.07031998
843         20.39213120      16.78160196       3.53457514       0.07595410
844         20.47024336      16.89819116       3.50067378       0.07137842
845         20.30931082      16.73016830       3.51483559       0.06430693
846         20.03882403      16.46485090       3.52795732       0.04601581
847         19.80220858      16.29731224       3.47758865       0.02730769
848         19.84895384      16.28220875       3.55509057       0.01165453
849         19.97504719      16.38887515       3.58249942       0.00367262
850         20.25761453      16.57987724       3.67745167       0.00028562
851         20.69730751      16.87254617       3.82310158       0.00165976
852         20.96297070      17.04769308       3.90528297       0.00999466
853         21.07605036      17.14334657       3.90414287       0.02856091
854         20.98919046      17.04337379       3.89510162       0.05071504
855         20.49523436      16.54477484       3.87625113       0.07420840
856         19.87891156      15.94606792       3.83292587       0.09991777
857         19.53854422      15.60790612       3.78914002       0.14149808
858         19.31809234      15.41556337       3.71317141       0.18935756
859         19.11435515      15.20062468       3.71081924       0.20291124
860         18.97599156      14.97164910       3.81505333       0.18928912
861         18.90859472      14.81688400       3.92438136       0.16732936
862         18.80560459      14.71856859       3.95894485       0.12809116
863         18.72078169      14.65204817       3.98911773       0.07961579
864         18.63202256      14.59751650       3.99130173       0.04320432
865         18.51509949      14.61629509       3.87281906       0.02598534
866         18.42238645      14.82149971       3.57240887       0.02847787
867         18.36945467      15.07160068       3.25454961       0.04330439
868         18.29242156      15.08593296       3.14069607       0.06579253
869         18.24379293      14.89529155       3.26035972       0.08814167
870         18.45488075      14.79508360       3.57101995       0.08877721
871         18.59157213      14.69230565       3.82421034       0.07505614
872         18.48822678      14.57413489       3.84037600       0.07371589
873         18.22707039      14.49932827       3.65322323       0.07451888
874         17.91142676      14.47983532       3.37631055       0.05528088
875         17.56931980      14.40739975       3.13215753       0.02976252
876         16.91961268      13.92420800       2.98447623       0.01092844
877         16.07363840      13.24775437       2.82537045       0.00051358
878         15.84415501      13.03033766       2.81088854       0.00292881
879         15.83860465      12.98272819       2.84185394       0.01402253
880         16.13426071      13.22497397       2.87920649       0.03008025
881         15.89555106      13.05982646       2.79579922       0.03992537
882         15.79887386      13.06225674       2.68253379       0.05408333
883         15.35445563      12.81638589       2.49081287       0.04725686
884         15.01838740      12.65266645       2.32826955       0.03745140
885         14.83612107      12.57214124       2.23314770       0.03083213
886         14.53108347      12.28463588       2.21341667       0.03303093
887         14.27759712      11.96619720       2.27001149       0.04138844
888         14.04663253      11.70495580       2.28749959       0.05417713
889         13.86700219      11.54455842       2.23887553       0.08356824
890         13.52469718      11.29149156       2.11092907       0.12227655
891         13.16453914      11.06902788       1.94813060       0.14738067
892         12.97580209      10.97353726       1.84990832       0.15235650
893         12.88799282      10.94154024       1.82013295       0.12631962
894         12.89121320      10.99378267       1.81501240       0.08241814
895         13.00248804      11.14401248       1.81257929       0.04589627
896         13.10685449      11.29190777       1.79665018       0.01829654
897         13.05809359      11.33237177       1.71832502       0.00739679
898         12.81937314      11.19882726       1.61616906       0.00437682
899         12.46647943      10.97290986       1.48652201       0.00704756
900         11.94964827      10.59715485       1.34105562       0.01143779
901         11.29888115      10.12294298       1.15699599       0.01894218
902         10.76099884       9.70618180       1.02951968       0.02529737
903         10.52599471       9.52140273       0.97581445       0.02877753
904         10.61782625       9.57750009       1.01477753       0.02554863
905         10.69037328       9.57531439       1.09683788       0.01822101
906         10.62994643       9.44936995       1.17472213       0.00585435
907         10.47063627       9.25003659       1.22049050       0.00010918
908         10.35126737       9.12878992       1.21658418       0.00589327
909         10.22659193       9.02948831       1.18731322       0.00979040
910          9.95729663       8.85022094       1.10318998       0.00388571
911          9.57398610       8.54384996       1.03012929       0.00000685
912          9.31153594       8.32513954       0.98252890       0.00386750
913          9.37412326       8.30265700       1.06396197       0.00750430
914          9.49572085       8.29961304       1.18651218       0.00959563
915          9.46763677       8.17739761       1.27719020       0.01304896
916          9.23921142       7.98728424       1.23879890       0.01312829
917          8.93312271       7.80058451       1.12493873       0.00759947
918          8.58360255       7.53689056       1.04270319       0.00400880
919          8.30327158       7.29647317       1.00512371       0.00167470
920          8.16006714       7.20280557       0.95680285       0.00045871
921          8.09583491       7.23355774       0.86226789       0.00000927
922          7.99904360       7.20314959       0.79482706       0.00106695
923          7.73886291       7.03203974       0.70350668       0.00331649
924          7.65741865       7.01553472       0.63324935       0.00863457
925          7.76514641       7.12755721       0.62563795       0.01195124
926          7.97226763       7.26732589       0.68816968       0.01677207
927          8.03109075       7.24280805       0.76943868       0.01884402
928          8.05696596       7.20370822       0.83069249       0.02256525
929          8.01964342       7.11223843       0.87719210       0.03021290
930          7.91120962       6.94270844       0.92852799       0.03997319
931          7.89280502       6.89875103       0.95355504       0.04049894
932          7.99652878       7.08478418       0.88169187       0.03005272
933          8.24806191       7.47625234       0.75102972       0.02077985
934          8.47802613       7.81949564       0.64364906       0.01488143
935          8.76442977       8.12492867       0.63057278       0.00892832
936          9.05951878       8.40571035       0.65210804       0.00170040
937          9.42964404       8.73936209       0.68986862       0.00041333
938          9.77693604       9.00145596       0.77211272       0.00336735
939         10.02208695       9.12909182       0.88557437       0.00742076
940         10.14951400       9.22097697       0.91713849       0.01139854
941         10.40248538       9.51469553       0.87238996       0.01539989
942         10.59565156       9.76488626       0.81631364       0.01445166
943         10.56318838       9.77497355       0.77100685       0.01720797
944         10.34925090       9.61988453       0.70390635       0.02546002
945         10.06982481       9.36057182       0.68188617       0.02736682
946          9.90156354       9.14448274       0.73543459       0.02164622
947          9.96534563       9.14284139       0.80470690       0.01779734
948         10.18233922       9.31426281       0.84963733       0.01843908
949         10.54353332       9.66167666       0.86020583       0.02165083
950         10.84209949       9.98456633       0.83097910       0.02655407
951         10.90169506      10.06431559       0.81020084       0.02717863
952         10.86984366       9.99672446       0.84824489       0.02487431
953         10.74026307       9.80862886       0.91031834       0.02131587
954         10.72001720       9.66701097       1.03364455       0.01936169
955         10.64921072       9.47408695       1.15821486       0.01690891
956         10.67356459       9.43196177       1.22713583       0.01446699
957         10.67330784       9.41869980       1.24121306       0.01339498
958         10.56884239       9.35509954       1.19887865       0.01486421
959         10.40698881       9.31655513       1.07848032       0.01195337
960         10.36984586       9.43280187       0.93114533       0.00589866
961         10.45026974       9.60495138       0.84460750       0.00071086
962         10.58468025       9.72104387       0.86275883       0.00087755
963         10.68657760       9.68695321       0.99635407       0.00327032
964         10.75858854       9.59583023       1.16233877       0.00041955
965         10.88360579       9.59438774       1.28741447       0.00180359
966         10.98101355       9.62701934       1.34765029       0.00634393
967         10.97888188       9.56677136       1.40254233       0.00956819
968         10.89927901       9.38264698       1.50733122       0.00930082
969         10.99757113       9.32895044       1.66003916       0.00858152
970         11.37199668       9.48817687       1.87463169       0.00918811
