1            0.70937838      -1.46605910       6.21045640
2            0.75631760      -1.44251968       6.20913864
3            0.80849173      -1.42631220       6.22055811
4            0.82833357      -1.43528243       6.21096232
5            0.81590791      -1.45765520       6.17062857
6            0.80355726      -1.45715054       6.13229301
7            0.78011312      -1.43489200       6.11085072
8            0.73589572      -1.40227663       6.09961577
9            0.69794392      -1.36371644       6.09977513
10           0.67870823      -1.32761685       6.10929028
11           0.68409884      -1.29288673       6.13344004
12           0.70930752      -1.28897845       6.15926521
13           0.72101003      -1.31335122       6.17160485
14           0.70681037      -1.33633806       6.16123341
15           0.68144107      -1.32970252       6.12799937
16           0.65650673      -1.29127913       6.09284620
17           0.62923112      -1.25279565       6.07925336
18           0.61377261      -1.24146766       6.09659914
19           0.63239870      -1.24952947       6.12574057
20           0.65213453      -1.26884491       6.14387443
21           0.65595268      -1.29409891       6.13533976
22           0.67100254      -1.30004305       6.08900952
23           0.71132245      -1.27690027       6.01921757
24           0.77970307      -1.24183301       5.96807184
25           0.85036320      -1.21202347       5.95172668
26           0.88884964      -1.19394429       5.97037913
27           0.88534186      -1.18988639       5.98894710
28           0.85119479      -1.18808188       5.98766251
29           0.82523713      -1.19444400       5.96344867
30           0.85651634      -1.21401422       5.93860195
31           0.92124922      -1.25287507       5.91422469
32           0.96252861      -1.28939321       5.87304740
33           0.96856953      -1.30496582       5.80072449
34           0.97204837      -1.29109861       5.73499101
35           1.00599866      -1.26969525       5.71237474
36           1.04325734      -1.26930442       5.73902673
37           1.04191109      -1.27335013       5.78785127
38           0.99842946      -1.25889480       5.81321674
39           0.93243345      -1.23031221       5.81959904
40           0.86583631      -1.20550664       5.82219351
41           0.81866390      -1.21288025       5.83005856
42           0.78299422      -1.26720029       5.83344246
43           0.76072548      -1.32626582       5.84865349
44           0.76241045      -1.36369391       5.86764753
45           0.76674215      -1.36001968       5.88486672
46           0.72420617      -1.33970392       5.89796568
47           0.65036477      -1.32239478       5.90837775
48           0.59914461      -1.32036121       5.94007144
49           0.57216234      -1.30671442       6.00737274
50           0.52827139      -1.23504609       6.07333922
51           0.46368904      -1.14101988       6.10559110
52           0.41912994      -1.09622913       6.11229501
53           0.41606077      -1.11558007       6.11340482
54           0.43402094      -1.13715561       6.13129933
55           0.44614887      -1.11051483       6.14134295
56           0.43986723      -1.04800142       6.10160334
57           0.41337284      -0.99058655       6.01684942
58           0.39724706      -0.95239694       5.94409099
59           0.42208672      -0.94987297       5.92830754
60           0.47300829      -0.98797825       5.94745551
61           0.49803099      -1.04334913       5.94775168
62           0.48815094      -1.07698688       5.91357411
63           0.45443939      -1.06347050       5.86982646
64           0.41882710      -1.00958318       5.83324613
65           0.41548994      -0.97693263       5.80347667
66           0.43480874      -1.01563969       5.76678329
67           0.45668605      -1.09657306       5.74734697
68           0.44734727      -1.17131570       5.74522602
69           0.41050390      -1.20268342       5.73394002
70           0.36805813      -1.20083918       5.71225602
71           0.34753758      -1.19064730       5.69500441
72           0.35113974      -1.18733073       5.70494153
73           0.39085897      -1.18887907       5.75297020
74           0.43256924      -1.18343261       5.82640505
75           0.47311896      -1.16729250       5.89963027
76           0.51314179      -1.16466265       5.95416879
77           0.53309486      -1.18247336       5.98893297
78           0.52304300      -1.18708563       6.01387525
79           0.49106645      -1.16236562       6.03937956
80           0.47845776      -1.12114792       6.06529973
81           0.50918071      -1.10766851       6.07823488
82           0.58274691      -1.12463816       6.07215011
83           0.65597681      -1.16458035       6.06053800
84           0.71314479      -1.21111003       6.04624639
85           0.77243776      -1.26915479       6.03403036
86           0.84311036      -1.32938434       6.02157012
87           0.89681906      -1.39160250       6.01482522
88           0.93312402      -1.42414726       6.00658325
89           0.97407198      -1.42182324       5.99715246
90           1.01503707      -1.41413607       5.98210369
91           1.02307426      -1.43497048       5.93971727
92           1.00545666      -1.48221269       5.88390455
93           1.01328738      -1.53316262       5.86732197
94           1.04211635      -1.59316254       5.91042096
95           1.05243968      -1.66782931       6.00234617
96           1.02048057      -1.76039988       6.08310097
97           0.97748767      -1.85873927       6.13303966
98           0.94108458      -1.93694965       6.16086105
99           0.91967494      -1.96251931       6.16245782
100          0.89637303      -1.94302474       6.13310319
101          0.87866875      -1.90058225       6.07971023
102          0.88173688      -1.86175954       6.03386613
103          0.91126693      -1.84200382       5.99536665
104          0.96372157      -1.85869358       5.97064202
105          1.00695552      -1.89433134       5.96703486
106          1.01267198      -1.91513691       5.98431069
107          0.97366496      -1.88404328       5.99856472
108          0.92337363      -1.81844802       5.99181857
109          0.89401260      -1.76589785       5.96955575
110          0.89367611      -1.73913081       5.95061812
111          0.90454818      -1.72970513       5.93497400
112          0.89592069      -1.73700802       5.90904041
113          0.83689552      -1.77747655       5.85941501
114          0.74366073      -1.84666021       5.79635089
115          0.67442431      -1.90879856       5.76477483
116          0.67024106      -1.91918595       5.72619702
117          0.71163927      -1.86870343       5.67516136
118          0.73983925      -1.79816370       5.61315379
119          0.73363786      -1.75470217       5.53705410
120          0.68139206      -1.75110650       5.44661034
121          0.60855787      -1.77757127       5.36966562
122          0.56772425      -1.81756249       5.29943359
123          0.58110666      -1.86005034       5.24148069
124          0.62535066      -1.88476270       5.21903481
125          0.65413292      -1.87725838       5.24232205
126          0.65776045      -1.84233392       5.27015294
127          0.66235995      -1.82680661       5.27256829
128          0.66948582      -1.84377683       5.26908730
129          0.63338653      -1.85054757       5.25980868
130          0.56781977      -1.83333286       5.23816867
131          0.52381769      -1.80164072       5.21791590
132          0.52583112      -1.76181044       5.20927332
133          0.55767716      -1.72129042       5.20494930
134          0.60034166      -1.69447680       5.20290833
135          0.63422503      -1.69855250       5.23024983
136          0.62466061      -1.73861734       5.25628094
137          0.57466367      -1.77920234       5.26722370
138          0.53718354      -1.78146979       5.27468626
139          0.53979543      -1.77668890       5.29785412
140          0.58508876      -1.73257534       5.33077257
141          0.65567479      -1.68307805       5.38076428
142          0.74303655      -1.67261859       5.46899805
143          0.82077954      -1.68087445       5.57627931
144          0.84986618      -1.67262061       5.68756419
145          0.84889942      -1.63412557       5.79734102
146          0.86098197      -1.59458485       5.93233653
147          0.90075874      -1.58365879       6.06895333
148          0.94182954      -1.59630390       6.17292124
149          0.97931497      -1.59684281       6.25053929
150          1.02397614      -1.56624714       6.33465261
151          1.08357220      -1.51801771       6.43021095
152          1.11826069      -1.50141136       6.49802001
153          1.12906979      -1.51804528       6.51284887
154          1.12664867      -1.54035314       6.47380879
155          1.12213623      -1.54920886       6.39628443
156          1.10302832      -1.54841400       6.28263155
157          1.05940246      -1.56508125       6.15234494
158          1.00725110      -1.59262168       6.04283701
159          0.98415476      -1.59299141       5.98586900
160          1.00071467      -1.53847206       5.97302252
161          1.02490678      -1.45721499       5.98723777
162          1.03043086      -1.38793768       5.98156045
163          1.01509994      -1.34658211       5.95474631
164          1.00261833      -1.31560496       5.95407818
165          1.00615627      -1.25497484       5.97931860
166          1.02380410      -1.16587606       6.00028566
167          1.04983433      -1.09762392       5.99177966
168          1.06212644      -1.07423526       5.96080372
169          1.05364083      -1.08145430       5.96187877
170          1.05736007      -1.09337339       6.01324929
171          1.09349235      -1.09344410       6.10037134
172          1.13785601      -1.07530535       6.18148520
173          1.17206774      -1.03154300       6.24799688
174          1.17641573      -0.97951003       6.28230052
175          1.16991942      -0.91372761       6.29738553
176          1.16057505      -0.84816583       6.30554483
177          1.15014658      -0.80072351       6.33089910
178          1.14789247      -0.78420766       6.36831596
179          1.16040670      -0.79160487       6.41181104
180          1.17691108      -0.80399711       6.44487828
181          1.18294416      -0.77916741       6.43543866
182          1.16243278      -0.73024295       6.40609223
183          1.15393171      -0.68649378       6.38294243
184          1.19275044      -0.66313925       6.38612439
185          1.25271702      -0.64867942       6.38934677
186          1.28631687      -0.61839229       6.39576224
187          1.26274412      -0.58441976       6.39764989
188          1.22101159      -0.56317422       6.40644966
189          1.21023655      -0.54379695       6.43030161
190          1.23297062      -0.50908385       6.45836149
191          1.25576023      -0.47276880       6.46193503
192          1.25504436      -0.44401612       6.43491221
193          1.22653550      -0.39511091       6.39194531
194          1.18037540      -0.34729591       6.33570052
195          1.14864206      -0.32068763       6.28989189
196          1.12997850      -0.29657346       6.27953890
197          1.11945289      -0.25652723       6.28615719
198          1.11284147      -0.19971919       6.28009574
199          1.11090958      -0.12843227       6.26862841
200          1.12851904      -0.06840311       6.26383889
201          1.13822270      -0.05603147       6.25091843
202          1.13101310      -0.07356513       6.23272429
203          1.09315381      -0.04703265       6.19204382
204          1.04712846       0.02670566       6.12525866
205          1.00094253       0.10198449       6.03645146
206          0.97550126       0.12505134       5.95309709
207          0.97478987       0.12072983       5.92657601
208          1.01050372       0.12232038       5.94924476
209          1.06018549       0.13144842       5.98122600
210          1.09696369       0.14041094       5.97846813
211          1.10781653       0.15081267       5.96658686
212          1.10238862       0.17185007       5.94631158
213          1.10047259       0.20626630       5.91440339
214          1.10287658       0.26581333       5.87027182
215          1.10307258       0.32158708       5.82824276
216          1.09666969       0.34332814       5.80779437
217          1.09800570       0.31242325       5.80703976
218          1.08057313       0.25673118       5.80925492
219          1.03815527       0.23155377       5.79089626
220          0.98634695       0.26449374       5.78899366
221          0.95674085       0.29808387       5.81394481
222          0.95897749       0.32242659       5.86582284
223          0.98663223       0.32840741       5.92141179
224          1.00584281       0.31875823       5.98522504
225          0.99703338       0.30016292       6.06055124
226          0.98746285       0.28897555       6.12352855
227          0.98268005       0.30836378       6.13578804
228          0.97836452       0.36556420       6.09540129
229          0.97166644       0.43664479       6.05985532
230          0.98362548       0.44882420       6.05439897
231          1.03351510       0.40359045       6.08725071
232          1.08242976       0.36493588       6.12616016
233          1.09811052       0.37394004       6.15163552
234          1.09029475       0.41782578       6.14790626
235          1.09797807       0.44994334       6.12796876
236          1.13058824       0.44027601       6.11276095
237          1.17015155       0.41723508       6.10729470
238          1.18816730       0.43258050       6.08919447
239          1.18780682       0.48319173       6.05257519
240          1.18626097       0.51172116       6.00901774
241          1.20382545       0.49889992       5.97289846
242          1.23200612       0.48879912       5.95264116
243          1.23445533       0.50242640       5.95218177
244          1.19406621       0.49314939       5.97266253
245          1.13805361       0.44447265       5.99775301
246          1.13866598       0.39711631       6.01872707
247          1.20061397       0.37203210       6.01843708
248          1.27207114       0.36474812       6.01369751
249          1.30280200       0.37080480       6.00875893
250          1.30396748       0.38904872       6.02687010
251          1.30124437       0.40673121       6.07171865
252          1.28750870       0.41694318       6.10802803
253          1.26815161       0.43361314       6.13120409
254          1.25393354       0.46699953       6.14247213
255          1.27487775       0.48649622       6.16204317
256          1.32429927       0.47532622       6.19593028
257          1.36796269       0.44512142       6.23364925
258          1.37527117       0.42692674       6.23624175
259          1.36153543       0.43401674       6.20972030
260          1.36566424       0.47641514       6.19489666
261          1.39506334       0.53195293       6.21257568
262          1.42100266       0.54576096       6.24043932
263          1.39781731       0.53703035       6.24031613
264          1.33247297       0.54068069       6.24121027
265          1.26817449       0.56465058       6.24712856
266          1.25940105       0.58258144       6.24615464
267          1.29961431       0.57403583       6.23639318
268          1.35688019       0.55615444       6.25012478
269          1.39903840       0.55617985       6.24570829
270          1.43070697       0.56610390       6.20361434
271          1.44570013       0.57308469       6.14092348
272          1.45319042       0.57527082       6.09434899
273          1.45824450       0.58360198       6.07578377
274          1.45094806       0.60848619       6.07670859
275          1.44604736       0.64411631       6.09678850
276          1.43694619       0.67851908       6.14641075
277          1.44291542       0.70723206       6.21747418
278          1.44879161       0.74004376       6.26512549
279          1.44628163       0.77790914       6.27581732
280          1.41894388       0.80918675       6.25699401
281          1.38580527       0.82791500       6.24831025
282          1.37234768       0.83908192       6.24192932
283          1.37269360       0.83411482       6.23043429
284          1.35927704       0.80668295       6.20254393
285          1.32056460       0.79043824       6.16899065
286          1.29236560       0.81619211       6.13205840
287          1.27151702       0.87315632       6.08618068
288          1.25871073       0.91297171       6.04297699
289          1.26721612       0.91586628       5.98778477
290          1.29710937       0.89053629       5.92464966
291          1.31548445       0.85685748       5.85893817
292          1.34154863       0.81956992       5.77381593
293          1.39236243       0.77549716       5.66613919
294          1.46393159       0.74525205       5.56691980
295          1.53640686       0.73648052       5.49838543
296          1.60466095       0.75479211       5.46672213
297          1.66632878       0.78030866       5.45113738
298          1.71576098       0.79889011       5.43708594
299          1.75262289       0.82242078       5.42227555
300          1.77816350       0.84983922       5.41993126
301          1.79848754       0.87013182       5.45145998
302          1.83288122       0.87559240       5.51673013
303          1.87425301       0.90257961       5.58339135
304          1.90886264       0.96272041       5.62762081
305          1.93819092       1.02375563       5.66081995
306          1.97503144       1.05962314       5.68152460
307          1.97537933       1.06170690       5.70863763
308          1.92103515       1.03832625       5.74733440
309          1.83830218       1.00751493       5.80029617
310          1.77965921       0.97778668       5.87316072
311          1.75649414       0.95079520       5.96500566
312          1.72989105       0.93520177       6.05317002
313          1.67139907       0.91687984       6.13124788
314          1.60188009       0.89281734       6.19046055
315          1.55566987       0.84268450       6.23263347
316          1.56461632       0.79053776       6.24694414
317          1.61244441       0.73260563       6.25450764
318          1.67931179       0.67553061       6.27250811
319          1.75671335       0.61867784       6.28359479
320          1.82960582       0.57090318       6.27736073
321          1.86813954       0.53923285       6.26580802
322          1.87917891       0.52744830       6.25817434
323          1.88924807       0.53488036       6.24564196
324          1.90974794       0.53105464       6.23899180
325          1.92996606       0.50268919       6.24948454
326          1.93889282       0.46144278       6.28038790
327          1.94168727       0.44235591       6.30816656
328          1.96130769       0.44325441       6.31453964
329          1.98772304       0.43525774       6.31517512
330          2.01250496       0.39888296       6.32700875
331          2.02400091       0.37546746       6.33764175
332          2.01346128       0.41221984       6.33633400
333          1.97881202       0.49257884       6.31881190
334          1.93707196       0.55075758       6.29786107
335          1.90883115       0.54207557       6.27554434
336          1.91062853       0.48600680       6.25270150
337          1.92701492       0.40559114       6.23246167
338          1.91052676       0.31986600       6.21653310
339          1.85516705       0.24772311       6.19552626
340          1.78695920       0.21655015       6.16862103
341          1.73472752       0.23609664       6.14171392
342          1.70989860       0.28124386       6.14040640
343          1.73355163       0.32458161       6.17140143
344          1.79030061       0.34996585       6.22038302
345          1.84819601       0.36893468       6.25716999
346          1.89361449       0.40475887       6.25440764
347          1.94328446       0.44085731       6.22344624
348          2.00956652       0.44523780       6.20732551
349          2.06823881       0.41920580       6.20652587
350          2.08268631       0.38795764       6.17636154
351          2.05105483       0.36992453       6.12724057
352          2.01190891       0.38580308       6.10091418
353          2.00343868       0.41500940       6.09109731
354          2.04100766       0.44578039       6.06045225
355          2.08398216       0.48463686       6.00082291
356          2.09078359       0.52111942       5.94473713
357          2.05795987       0.54121714       5.91779497
358          2.02092360       0.53035331       5.92079981
359          1.98097900       0.52337621       5.92838468
360          1.92184899       0.53936680       5.92776890
361          1.86924520       0.57745129       5.93226423
362          1.88554883       0.61206279       5.94102869
363          1.95781131       0.61678001       5.92936022
364          2.00798624       0.61928865       5.91675204
365          1.97534197       0.63038545       5.91091098
366          1.88184352       0.64765359       5.90844433
367          1.79209520       0.65531942       5.89362000
368          1.73674314       0.66885567       5.87648153
369          1.71911731       0.70063602       5.87621134
370          1.72754936       0.74903691       5.89212687
371          1.74087650       0.77354712       5.90446015
372          1.71895337       0.77882416       5.92652769
373          1.66145691       0.77493632       5.95771959
374          1.61005543       0.77791415       5.97642646
375          1.55571820       0.75588905       5.97236998
376          1.52473282       0.72005633       5.96706710
377          1.52394997       0.69862215       5.98113190
378          1.52759298       0.70114954       5.98301008
379          1.50771249       0.71660018       5.96479063
380          1.46924193       0.71102072       5.92333587
381          1.45908705       0.71394040       5.89708898
382          1.44786148       0.70780588       5.87447661
383          1.42281033       0.69532453       5.85056465
384          1.39621505       0.69581086       5.81464806
385          1.38087909       0.70132222       5.78737569
386          1.37740765       0.73910032       5.78510896
387          1.38670547       0.81361318       5.77740026
388          1.41690638       0.87708457       5.74750514
389          1.44485813       0.87639503       5.67923636
390          1.45585989       0.82368179       5.60618489
391          1.46575971       0.75553868       5.54280001
392          1.48542034       0.72911919       5.51558990
393          1.50000855       0.73457383       5.52602111
394          1.50583779       0.74450554       5.55018848
395          1.51376024       0.73907575       5.56802303
396          1.52286650       0.75421343       5.59678173
397          1.51920492       0.80154505       5.63198644
398          1.50154117       0.84385162       5.65655029
399          1.46501719       0.85078295       5.66302962
400          1.40677903       0.83575675       5.66356699
401          1.36204380       0.82953329       5.66213368
402          1.35930691       0.83298167       5.64394386
403          1.39861060       0.85242876       5.62121213
404          1.43710533       0.88232358       5.59517137
405          1.44554848       0.91930418       5.57986606
406          1.41531445       0.91965552       5.58028886
407          1.35152878       0.86829414       5.58534215
408          1.27648206       0.78796641       5.57108593
409          1.23310586       0.72342217       5.54114105
410          1.23275297       0.69481132       5.51270198
411          1.26539150       0.70509775       5.51801537
412          1.30259929       0.74140551       5.53713703
413          1.31273716       0.76686817       5.54740450
414          1.30326507       0.77115094       5.55443235
415          1.28870712       0.74095668       5.54363072
416          1.29138739       0.69815247       5.54076378
417          1.31422908       0.67425081       5.54144729
418          1.36490409       0.67492020       5.52849915
419          1.43034279       0.70031219       5.48989330
420          1.47848224       0.74275323       5.47094794
421          1.50877369       0.77206992       5.47411541
422          1.52033371       0.76641121       5.46233673
423          1.52209808       0.71233586       5.43584314
424          1.52928457       0.64899278       5.40806181
425          1.56081632       0.62393430       5.39878028
426          1.61694508       0.63770662       5.41285075
427          1.68134543       0.65610706       5.43945319
428          1.75234507       0.64749062       5.45554334
429          1.81969313       0.60989126       5.47582973
430          1.89726018       0.54507339       5.49193083
431          1.95935360       0.47334699       5.52670411
432          2.00300992       0.42493047       5.56702774
433          2.05388269       0.39824485       5.59842347
434          2.12487183       0.38354129       5.60333986
435          2.19256134       0.37937029       5.60396141
436          2.22727535       0.38611830       5.61887445
437          2.24175896       0.38493212       5.63219011
438          2.27376910       0.38581108       5.63962404
439          2.34453418       0.37443405       5.62228344
440          2.42649807       0.35070154       5.61151739
441          2.49349385       0.31990583       5.60829443
442          2.54818975       0.28628170       5.64266852
443          2.60866409       0.22824726       5.69415905
444          2.65864259       0.17571556       5.74910237
445          2.68875031       0.15564186       5.79564957
446          2.72373812       0.15819129       5.81703482
447          2.77664532       0.15252684       5.82320866
448          2.81082847       0.12113755       5.82137834
449          2.79838943       0.08597529       5.82733138
450          2.77645068       0.05471559       5.82115427
451          2.77062197       0.02236118       5.80672778
452          2.77996291      -0.02158815       5.79830067
453          2.79583690      -0.06114632       5.81107638
454          2.82929867      -0.09885410       5.84149347
455          2.87867550      -0.12698372       5.88395124
456          2.94660410      -0.15774706       5.94265814
457          3.01750945      -0.19959705       6.00564936
458          3.07123612      -0.24196595       6.06578261
459          3.09959827      -0.23971012       6.11552922
460          3.10208651      -0.16684976       6.16094424
461          3.09020631      -0.08476220       6.18457321
462          3.06532064      -0.06197691       6.19082708
463          3.05144294      -0.14628198       6.17247419
464          3.04162641      -0.24815099       6.15980659
465          3.04942440      -0.34681290       6.15566206
466          3.05988318      -0.41569422       6.15500623
467          3.05829646      -0.44862200       6.15285129
468          3.04215183      -0.46057843       6.14042751
469          3.03180639      -0.47346788       6.12251062
470          3.05343192      -0.49050987       6.10184031
471          3.12038942      -0.49241939       6.08190190
472          3.18677448      -0.50355471       6.04714602
473          3.20689991      -0.54939263       6.01453838
474          3.20641445      -0.62589023       5.99324487
475          3.22101987      -0.69501012       5.99749863
476          3.25302756      -0.73960060       6.01829732
477          3.27583805      -0.74833247       6.05728128
478          3.29549795      -0.74043859       6.12056642
479          3.32690397      -0.72730085       6.18797933
480          3.39153389      -0.72992791       6.22450134
481          3.47983165      -0.75654371       6.22124259
482          3.55014060      -0.79354888       6.22203747
483          3.59708892      -0.81397926       6.24123419
484          3.62355251      -0.81305365       6.26275417
485          3.62926645      -0.79535318       6.29175707
486          3.61182734      -0.76951022       6.34587489
487          3.60339131      -0.74378400       6.41279236
488          3.61721505      -0.73062008       6.45748597
489          3.62793735      -0.75890438       6.47103092
490          3.62756394      -0.80799902       6.47974658
491          3.62925861      -0.85385580       6.49775484
492          3.65750545      -0.87550070       6.53211661
493          3.69636708      -0.88056154       6.57479675
494          3.70694682      -0.89192117       6.58265622
495          3.70212713      -0.92992659       6.55630492
496          3.71483299      -0.98814328       6.50908171
497          3.72995629      -1.03838403       6.44735063
498          3.70854994      -1.05756538       6.37270523
499          3.63936094      -1.07726160       6.31887176
500          3.55676475      -1.09487191       6.31587477
501          3.47847949      -1.10185345       6.33394366
502          3.40185877      -1.13483567       6.31655809
503          3.33231189      -1.17650305       6.26416304
504          3.27676060      -1.23218536       6.22952667
505          3.25635117      -1.28218713       6.18666959
506          3.29374791      -1.31723770       6.17894928
507          3.35889009      -1.32435565       6.17402825
508          3.42730029      -1.33079363       6.17236435
509          3.49806165      -1.36090741       6.15793822
510          3.55943571      -1.40207199       6.13497292
511          3.61443060      -1.46895883       6.10710248
512          3.68761443      -1.55190730       6.06937905
513          3.75991006      -1.62860562       6.03219502
514          3.84070447      -1.68024271       6.00418997
515          3.93752478      -1.70477664       6.01022219
516          4.02794852      -1.70804945       6.01293696
517          4.12151206      -1.72929281       5.99563586
518          4.21282499      -1.77822634       5.96476746
519          4.31784777      -1.88894185       5.93977278
520          4.43489317      -2.04379008       5.92697068
521          4.51979132      -2.17154622       5.94545795
522          4.49038407      -2.22860327       5.98039346
523          4.44797579      -2.26007952       6.00923114
524          4.41440894      -2.28825052       6.00494475
525          4.38029301      -2.33610497       5.96380588
526          4.35940141      -2.40340307       5.89831460
527          4.36530648      -2.46676077       5.82409780
528          4.38199583      -2.52209316       5.76564477
529          4.39950955      -2.58923386       5.72807195
530          4.40776011      -2.66636217       5.69060485
531          4.41232371      -2.71493519       5.67431284
532          4.44105600      -2.75308524       5.68721190
533          4.44021131      -2.77005746       5.72780059
534          4.42839277      -2.75566694       5.78177448
535          4.42169857      -2.72482789       5.81588977
536          4.45182885      -2.70675908       5.81305140
537          4.51203604      -2.70114610       5.78750873
538          4.56450467      -2.68236848       5.75962403
539          4.61194023      -2.66332871       5.74810399
540          4.66186688      -2.65398397       5.76215146
541          4.69658827      -2.62911576       5.78229838
542          4.70802175      -2.57776294       5.80071013
543          4.72394601      -2.55014888       5.79496934
544          4.76867268      -2.56432823       5.77850672
545          4.84472193      -2.58192013       5.77832056
546          4.92653222      -2.57496705       5.79209065
547          4.99776807      -2.57922939       5.77617873
548          5.05823971      -2.61764318       5.73567521
549          5.13264101      -2.66639637       5.69675233
550          5.20714320      -2.69249564       5.68325416
551          5.25900092      -2.69064575       5.67545371
552          5.27348559      -2.67021708       5.66353656
553          5.26473536      -2.63376190       5.64948304
554          5.26001488      -2.60521872       5.62917064
555          5.28123924      -2.60499362       5.61937967
556          5.31987857      -2.61207567       5.61501416
557          5.34833754      -2.60492817       5.61888468
558          5.36200214      -2.59183717       5.61887349
559          5.37759031      -2.59764358       5.61640219
560          5.40866150      -2.62300911       5.61147316
561          5.45560918      -2.68564129       5.61230054
562          5.52186839      -2.77150340       5.62460585
563          5.57428138      -2.85141496       5.65626869
564          5.59326306      -2.89385951       5.69940588
565          5.59078707      -2.92853622       5.73996482
566          5.60138432      -2.96718100       5.76702759
567          5.63702087      -3.01199713       5.76405988
568          5.69366002      -3.06628131       5.74091094
569          5.77182949      -3.08936584       5.71582293
570          5.85105634      -3.06895868       5.69273013
571          5.92779488      -3.01831746       5.67944825
572          6.00448372      -2.98728124       5.66329011
573          6.05635956      -3.00667409       5.64953699
574          6.07217697      -3.06041561       5.66161783
575          6.07641998      -3.11200432       5.69955393
576          6.08131754      -3.14152079       5.74196321
577          6.10100744      -3.12844360       5.76666099
578          6.13554284      -3.09391104       5.78973189
579          6.17610395      -3.05681724       5.83380224
580          6.23783642      -3.01910862       5.87384573
581          6.28932800      -2.98161672       5.88007417
582          6.31298758      -2.94147593       5.86764288
583          6.32376249      -2.91105847       5.83119799
584          6.34609776      -2.90743717       5.75920752
585          6.37596236      -2.92164866       5.68309055
586          6.37225672      -2.94504631       5.64623087
587          6.33849982      -2.97794139       5.65216680
588          6.28493498      -2.99821150       5.68132580
589          6.24700610      -2.99590556       5.70726769
590          6.25685213      -2.98579169       5.72412724
591          6.32649467      -2.98055125       5.73874759
592          6.42972670      -2.97616210       5.74362283
593          6.49741155      -2.96669232       5.75695284
594          6.51520358      -2.97046404       5.78282410
595          6.51817528      -3.00795935       5.82305543
596          6.53319357      -3.06125075       5.86608259
597          6.56753981      -3.11535915       5.91109842
598          6.60603084      -3.13464002       5.93715167
599          6.62076642      -3.11889416       5.93380173
600          6.63715758      -3.09063467       5.89977452
601          6.67026400      -3.06675222       5.85395844
602          6.69518214      -3.04573558       5.82304916
603          6.67897170      -3.02255039       5.81534278
604          6.63883063      -2.97773490       5.82025653
605          6.61040715      -2.91986265       5.83924705
606          6.61407342      -2.87173512       5.86721475
607          6.62084360      -2.83596389       5.87791858
608          6.59758329      -2.79949441       5.85573775
609          6.55522661      -2.74779995       5.83617834
610          6.52363474      -2.68068588       5.80809592
611          6.51346195      -2.60868851       5.76165396
612          6.49813151      -2.55167047       5.70631453
613          6.47944879      -2.51862304       5.66306123
614          6.47242885      -2.48926212       5.62247669
615          6.48352865      -2.46522782       5.60874772
616          6.48129177      -2.45105253       5.64757124
617          6.44135824      -2.43750796       5.72773127
618          6.38649471      -2.41015363       5.81188268
619          6.35152616      -2.38637125       5.86835489
620          6.35148574      -2.40136937       5.90509419
621          6.36178466      -2.45736254       5.92144702
622          6.36696544      -2.50651328       5.94030347
623          6.37390877      -2.56425211       5.95178494
624          6.37806783      -2.61699395       5.98080604
625          6.40447368      -2.63747676       6.02950328
626          6.42142478      -2.62423829       6.07380392
627          6.40347151      -2.58840439       6.10785428
628          6.36980764      -2.56262771       6.14242965
629          6.34742212      -2.56784557       6.17247396
630          6.34674789      -2.60271645       6.18573167
631          6.36520960      -2.64700786       6.18724165
632          6.39086932      -2.67100196       6.16870695
633          6.41202078      -2.65200294       6.14663181
634          6.42016018      -2.61274941       6.13908994
635          6.40208326      -2.62058218       6.13924133
636          6.35426281      -2.65491265       6.11854910
637          6.32034373      -2.67079963       6.09126525
638          6.31515660      -2.66259123       6.11680710
639          6.32666952      -2.65280717       6.18189675
640          6.33321236      -2.64560439       6.22426219
641          6.30603496      -2.64356941       6.22571851
642          6.26252777      -2.63394333       6.21690850
643          6.22404986      -2.61298772       6.19856357
644          6.23218705      -2.60203255       6.16055744
645          6.28459328      -2.61098332       6.09713883
646          6.33903295      -2.61319724       6.02894572
647          6.37210964      -2.60381317       5.94297929
648          6.38503525      -2.60760953       5.83723215
649          6.41148169      -2.61776386       5.73438458
650          6.46036857      -2.60670066       5.67103118
651          6.52138316      -2.59504681       5.65083095
652          6.55811824      -2.55022074       5.63567545
653          6.57128797      -2.50310764       5.62379771
654          6.57176925      -2.47170388       5.59173674
655          6.59797993      -2.46919922       5.55006528
656          6.60705819      -2.46090200       5.51718672
657          6.60689408      -2.42893834       5.50224392
658          6.59284963      -2.37588163       5.51207808
659          6.59026124      -2.35761765       5.53877536
660          6.59121533      -2.37231533       5.55395425
661          6.58396874      -2.42142821       5.56588304
662          6.57084994      -2.49981031       5.58039430
663          6.56042740      -2.58260616       5.58708811
664          6.55560932      -2.63722644       5.56829579
665          6.57090832      -2.68678003       5.53881200
666          6.59233932      -2.70692113       5.52765276
667          6.62684428      -2.69116529       5.55683860
668          6.66031793      -2.65371121       5.59758458
669          6.66617859      -2.61049035       5.60614180
670          6.65029982      -2.57896743       5.57271987
671          6.61530516      -2.56764604       5.50642005
672          6.60164275      -2.58533370       5.44382363
673          6.63251771      -2.58748348       5.41373539
674          6.71108755      -2.56116279       5.43097901
675          6.78114691      -2.50211564       5.46814291
676          6.81897825      -2.47135814       5.49624054
677          6.83940980      -2.48565181       5.49475420
678          6.87200923      -2.52122408       5.49474108
679          6.91015150      -2.55179174       5.49236633
680          6.92721950      -2.57510791       5.48077106
681          6.92589465      -2.60042499       5.45453481
682          6.91877343      -2.64363973       5.40948854
683          6.89603426      -2.70621675       5.36952179
684          6.85867898      -2.77015992       5.34985935
685          6.82611381      -2.82054764       5.35220355
686          6.77430280      -2.87330547       5.35013151
687          6.72236119      -2.94082965       5.30683666
688          6.69132871      -2.99089528       5.22281676
689          6.69441859      -3.01705222       5.15160765
690          6.69495434      -3.04948841       5.11752750
691          6.67451024      -3.10855181       5.12752343
692          6.64357744      -3.15934168       5.16330808
693          6.61176928      -3.19331521       5.22962864
694          6.59732206      -3.21087003       5.29935933
695          6.57008860      -3.22394897       5.35852428
696          6.51413536      -3.24466917       5.41019504
697          6.46548092      -3.28331878       5.44293524
698          6.44084685      -3.33689968       5.45538813
699          6.42402686      -3.38483706       5.46183452
700          6.40746255      -3.44203327       5.46406543
701          6.37041965      -3.49232786       5.46506029
702          6.31028566      -3.53169740       5.48751873
703          6.19895716      -3.52281795       5.56429145
704          6.11384920      -3.50320020       5.66913739
705          6.08996966      -3.49241178       5.77044015
706          6.10059469      -3.49077337       5.86298567
707          6.11442680      -3.48935747       5.93133955
708          6.11276148      -3.48794822       5.96573782
709          6.10743215      -3.48928637       5.95935283
710          6.09379118      -3.48258299       5.91671627
711          6.08624580      -3.45158525       5.85621424
712          6.05080597      -3.37413115       5.85323827
713          5.97239405      -3.30618412       5.91756699
714          5.89133481      -3.29279876       6.01882339
715          5.85802530      -3.31190287       6.12328625
716          5.84814326      -3.31815192       6.21736979
717          5.82610870      -3.29831152       6.28422570
718          5.79232680      -3.25990718       6.30630750
719          5.78115924      -3.24365800       6.29316042
720          5.81039716      -3.26194779       6.22544495
721          5.83367008      -3.28181760       6.13520133
722          5.81976504      -3.28558482       6.04572403
723          5.77467881      -3.30005585       5.97438440
724          5.71979999      -3.31011170       5.92595461
725          5.65950923      -3.32239412       5.90284332
726          5.61034606      -3.31622574       5.88656941
727          5.60121953      -3.26983166       5.87333622
728          5.63960406      -3.20737177       5.84303904
729          5.68718414      -3.15379889       5.80770952
730          5.70160250      -3.13680416       5.77614002
731          5.66799106      -3.14448599       5.74707343
732          5.58956314      -3.18675857       5.72204392
733          5.49777989      -3.26924347       5.67350574
734          5.41751531      -3.38078980       5.62867326
735          5.36913738      -3.45208933       5.60289098
736          5.34247949      -3.45430048       5.61816709
737          5.34324532      -3.41262011       5.64251273
738          5.36617897      -3.35228398       5.64077624
739          5.41495345      -3.30340784       5.60434346
740          5.48061107      -3.26806933       5.55717867
741          5.52836210      -3.24970161       5.52229586
742          5.53584790      -3.23426068       5.51287982
743          5.49160000      -3.21593545       5.52165707
744          5.40253948      -3.20801394       5.52028555
745          5.30329242      -3.22870911       5.50658794
746          5.22140745      -3.25582812       5.48175818
747          5.17462118      -3.24249709       5.46711341
748          5.17777123      -3.18768463       5.44618613
749          5.20553775      -3.13267828       5.41355676
750          5.22477250      -3.11718705       5.39422554
751          5.21081339      -3.13298475       5.40776993
752          5.14694394      -3.14686385       5.43865766
753          5.06517554      -3.16004836       5.47393989
754          4.99758364      -3.17377614       5.51677745
755          4.96288641      -3.17885359       5.55735265
756          4.94992249      -3.16210561       5.59528789
757          4.96154846      -3.11343124       5.62070039
758          4.99632361      -3.05695444       5.64479653
759          5.01602208      -3.02032793       5.68558132
760          5.01624437      -3.01897420       5.76786120
761          5.01535862      -3.04217282       5.86304331
762          5.03908681      -3.07363687       5.91939209
763          5.06760509      -3.08033781       5.92921363
764          5.07913971      -3.06970379       5.91336531
765          5.05601174      -3.07026571       5.90871464
766          5.03203141      -3.09047807       5.91410659
767          5.04450090      -3.09849550       5.91819237
768          5.07120888      -3.07458853       5.91770063
769          5.08558651      -3.04136477       5.91377836
770          5.05392156      -3.02957730       5.93330339
771          4.99978248      -3.04170130       5.95818955
772          4.94122071      -3.07019392       5.96742545
773          4.89452296      -3.10473575       5.94425138
774          4.87279341      -3.14107315       5.88601596
775          4.86967722      -3.16281834       5.81027140
776          4.86859865      -3.16306826       5.73909941
777          4.84358866      -3.16755418       5.68449318
778          4.78724197      -3.20161598       5.65840062
779          4.73010022      -3.25258053       5.64797385
780          4.68732895      -3.29033463       5.62787022
781          4.66868782      -3.32688210       5.60482014
782          4.67305252      -3.37473087       5.58675753
783          4.67595000      -3.43959178       5.57705035
784          4.65452138      -3.49055165       5.56131348
785          4.60351978      -3.49627023       5.55292706
786          4.55147500      -3.48528013       5.58259421
787          4.52594943      -3.48034908       5.63832952
788          4.53524629      -3.49578088       5.66792712
789          4.58151637      -3.51960212       5.65114082
790          4.62650132      -3.55018993       5.61561929
791          4.67678609      -3.59528582       5.59354794
792          4.71944536      -3.62833176       5.60644102
793          4.75782876      -3.63125057       5.61842622
794          4.78730419      -3.61288751       5.64745874
795          4.81370632      -3.59002256       5.72511560
796          4.86304440      -3.58307640       5.85413075
797          4.90881117      -3.59457253       6.00526204
798          4.92150833      -3.61691799       6.15143999
799          4.88860101      -3.63832334       6.26619137
800          4.83148382      -3.62718116       6.34327155
801          4.81217060      -3.60724683       6.39759443
802          4.84398657      -3.61144811       6.40410343
803          4.89131158      -3.62950836       6.36569923
804          4.91857329      -3.64682190       6.33738768
805          4.88900315      -3.66199563       6.36062850
806          4.83540169      -3.66834975       6.39240249
807          4.79751835      -3.65297436       6.40235500
808          4.80791213      -3.62699896       6.39826764
809          4.84165026      -3.61487008       6.40383320
810          4.83481466      -3.61218664       6.40163146
811          4.77599623      -3.61897839       6.38746651
812          4.70883410      -3.61666602       6.36266007
813          4.65994722      -3.57473663       6.32328330
814          4.63438303      -3.51928878       6.28167209
815          4.63991059      -3.48429266       6.26495144
816          4.64403475      -3.50078949       6.26541767
817          4.61302733      -3.55531152       6.26357872
818          4.57626493      -3.58207383       6.26615110
819          4.54909478      -3.55504455       6.25302215
820          4.53301671      -3.50856705       6.22167262
821          4.54382886      -3.46214174       6.18884112
822          4.58885456      -3.44461357       6.18439522
823          4.61686679      -3.49724078       6.17965771
824          4.63152767      -3.55676403       6.19676821
825          4.63838656      -3.58369366       6.22037397
826          4.62069517      -3.59843537       6.25962402
827          4.59994267      -3.63497936       6.31006265
828          4.58793356      -3.66632083       6.36428093
829          4.61632901      -3.65697393       6.41126520
830          4.66740621      -3.60136317       6.44033440
831          4.71513455      -3.55412387       6.47090192
832          4.75116923      -3.54005681       6.49701928
833          4.76108357      -3.51128166       6.51806389
834          4.74044700      -3.46674739       6.53792660
835          4.70383253      -3.40521124       6.54351929
836          4.64702588      -3.39279311       6.52573626
837          4.62234302      -3.41528606       6.50672779
838          4.64001645      -3.42781457       6.49641808
839          4.66265112      -3.43172466       6.49922594
840          4.66718682      -3.45039821       6.48617117
841          4.68687946      -3.45196448       6.47312384
842          4.73817742      -3.40561054       6.47563554
843          4.80591374      -3.34610568       6.48605412
844          4.82011933      -3.33706786       6.47762380
845          4.79963122      -3.34084858       6.46404451
846          4.76706872      -3.34434484       6.42496937
847          4.74637135      -3.33088849       6.37570678
848          4.74450028      -3.35155388       6.31841255
849          4.75769595      -3.35880827       6.27105854
850          4.78121792      -3.38372739       6.22735672
851          4.81699888      -3.42133442       6.16971622
852          4.83826359      -3.44223798       6.11048310
853          4.84983084      -3.44194950       6.04145667
854          4.83774050      -3.43966028       5.98525639
855          4.77690525      -3.43487883       5.93804422
856          4.70263118      -3.42384506       5.89435867
857          4.66006264      -3.41263045       5.83429410
858          4.63564421      -3.39301821       5.77530406
859          4.60817623      -3.39240778       5.75999970
860          4.57869991      -3.41927525       5.77538270
861          4.55864896      -3.44706424       5.80139729
862          4.54585705      -3.45576884       5.85255815
863          4.53717777      -3.46333668       5.92829370
864          4.53004802      -3.46388335       6.00259990
865          4.53250473      -3.43400703       6.04925670
866          4.55924847      -3.35614081       6.04170254
867          4.59159433      -3.27009613       6.00235934
868          4.59343978      -3.23826001       5.95395585
869          4.56882025      -3.27170572       5.91356978
870          4.55581616      -3.35577335       5.91250136
871          4.54243273      -3.42161793       5.93649264
872          4.52698691      -3.42574683       5.93894970
873          4.51717673      -3.37739979       5.93747493
874          4.51461626      -3.30353306       5.97533754
875          4.50508645      -3.23584935       6.03793823
876          4.44089389      -3.19362277       6.10591720
877          4.34912485      -3.14694293       6.18779410
878          4.31913428      -3.14262957       6.26457489
879          4.31253369      -3.15183902       6.32887315
880          4.34599411      -3.16288157       6.38389299
881          4.32321657      -3.13812346       6.41026975
882          4.32355280      -3.10390335       6.44301463
883          4.28937641      -3.04429003       6.42784284
884          4.26643706      -2.99192592       6.40398003
885          4.25509992      -2.96043111       6.38604720
886          4.21432287      -2.95381468       6.39220053
887          4.16859754      -2.97271483       6.41389788
888          4.13062900      -2.97850731       6.44321622
889          4.10710680      -2.96234635       6.49953812
890          4.06965985      -2.91896277       6.56013704
891          4.03639324      -2.86181359       6.59435830
892          4.02201136      -2.82617245       6.60078511
893          4.01717829      -2.81518213       6.56587112
894          4.02506574      -2.81328306       6.49754199
895          4.04764327      -2.81237975       6.42469055
896          4.06972178      -2.80645090       6.34572111
897          4.07573721      -2.77690807       6.29646100
898          4.05584327      -2.73734548       6.27661395
899          4.02191666      -2.68528919       6.29440614
900          3.96470553      -2.62409866       6.31740401
901          3.89103565      -2.54169658       6.34808698
902          3.82485295      -2.48071159       6.36950787
903          3.79505541      -2.45389231       6.38009580
904          3.80413202      -2.47342077       6.37029578
905          3.80377887      -2.51335938       6.34544162
906          3.78336113      -2.54990509       6.28697011
907          3.75076566      -2.57081722       6.20000736
908          3.73076712      -2.56904785       6.13368878
909          3.71428908      -2.55569813       6.11150994
910          3.68431047      -2.51638761       6.14812091
911          3.63236486      -2.48101195       6.21307343
912          3.59471017      -2.45728506       6.27264559
913          3.59081153      -2.49754442       6.29708374
914          3.59028328      -2.55533050       6.30841368
915          3.56899332      -2.59618750       6.32468846
916          3.53555676      -2.57907253       6.32503513
917          3.50233103      -2.52669039       6.29763134
918          3.45471817      -2.48718749       6.27377146
919          3.41057685      -2.46861768       6.25137953
920          3.39318269      -2.44422210       6.23187383
921          3.39890580      -2.39464291       6.20741125
922          3.39324678      -2.35758984       6.17779224
923          3.36117772      -2.30481215       6.15286740
924          3.35806385      -2.26182876       6.11753399
925          3.37912691      -2.25703189       6.10113466
926          3.40517620      -2.29561903       6.08094937
927          3.40062494      -2.34323564       6.07318289
928          3.39335085      -2.37748243       6.06023905
929          3.37625641      -2.40264444       6.03663782
930          3.34428036      -2.42966067       6.01052343
931          3.33592574      -2.44256053       6.00921291
932          3.37110417      -2.40504359       6.03709919
933          3.44365202      -2.33267881       6.06630422
934          3.50571449      -2.26833652       6.08846694
935          3.55980443      -2.26014523       6.11596661
936          3.60863869      -2.27359117       6.16922055
937          3.66561959      -2.29664240       6.23078695
938          3.70962103      -2.34475855       6.26848530
939          3.73081708      -2.40710871       6.29660024
940          3.74598454      -2.42373258       6.31722034
941          3.79396839      -2.40007728       6.33455270
942          3.83426018      -2.36955987       6.33067144
943          3.83587379      -2.34412906       6.34163556
944          3.81097225      -2.30505037       6.37001836
945          3.76888354      -2.29182309       6.37588559
946          3.73336296      -2.32363393       6.35758293
947          3.73309156      -2.36311367       6.34386306
948          3.76130610      -2.38781684       6.34624696
949          3.81770215      -2.39353192       6.35759862
950          3.86921482      -2.37763965       6.37341059
951          3.88180893      -2.36617067       6.37531582
952          3.87113809      -2.38706121       6.36817230
953          3.84125144      -2.42016514       6.35645597
954          3.81856010      -2.48274221       6.34960268
955          3.78737886      -2.54226301       6.34049067
956          3.78052829      -2.57382073       6.33073521
957          3.77836841      -2.58015652       6.32619307
958          3.76798910      -2.56099227       6.33237526
959          3.76168163      -2.50455817       6.31978785
960          3.78066506      -2.43101782       6.28725913
961          3.80856398      -2.38508440       6.23711835
962          3.82723724      -2.39490722       6.18083297
963          3.82176544      -2.46423447       6.15326972
964          3.80709209      -2.54417726       6.18997360
965          3.80685925      -2.60070198       6.25292505
966          3.81212222      -2.62694251       6.29010517
967          3.80239816      -2.65034890       6.30827352
968          3.77248905      -2.69379328       6.30689715
969          3.76371144      -2.75448417       6.30309291
970          3.78966682      -2.83523100       6.30631104
