1            0.00000000       0.00000000       0.00000000       0.00000000
2            0.00295553       0.00103805       0.00181950       0.00009798
3            0.01055657       0.00452814       0.00601339       0.00001504
4            0.01613861       0.00874015       0.00703152       0.00036695
5            0.01728933       0.01129117       0.00510400       0.00089416
6            0.01412349       0.01110932       0.00153325       0.00148092
7            0.01586743       0.01110653       0.00000157       0.00475933
8            0.03064310       0.01320376       0.00177056       0.01566877
9            0.05958068       0.01337970       0.00383308       0.04236789
10           0.10075852       0.01365992       0.00425964       0.08283896
11           0.14991367       0.01782001       0.00390468       0.12818898
12           0.19243074       0.02253158       0.00591137       0.16398779
13           0.22291869       0.02651640       0.01210846       0.18429383
14           0.21265360       0.02641417       0.02186962       0.16436981
15           0.16866520       0.02528632       0.03611294       0.10726594
16           0.13529816       0.02808938       0.04960733       0.05760144
17           0.11434094       0.04280644       0.04162640       0.02990811
18           0.10142577       0.06408083       0.01751265       0.01983229
19           0.09011678       0.06797184       0.00520744       0.01693749
20           0.07146469       0.05252267       0.00131280       0.01762922
21           0.05518365       0.03742898       0.00024114       0.01751353
22           0.05375589       0.03590767       0.00015433       0.01769388
23           0.06682553       0.04613634       0.00203039       0.01865881
24           0.08679756       0.05736753       0.01187527       0.01755476
25           0.10506471       0.05542190       0.03063719       0.01900561
26           0.11781377       0.04492099       0.04983501       0.02305777
27           0.13532733       0.03652749       0.07036650       0.02843334
28           0.16464634       0.03188289       0.09223020       0.04053325
29           0.19738837       0.03246901       0.09647114       0.06844823
30           0.20603270       0.03417343       0.07023823       0.10162103
31           0.17657865       0.02463868       0.03331222       0.11862775
32           0.15068065       0.01001774       0.01544302       0.12521989
33           0.16120462       0.00225461       0.01375983       0.14519018
34           0.22736395       0.00054895       0.02562930       0.20118570
35           0.30798925       0.00000611       0.04371478       0.26426836
36           0.37179208       0.00504416       0.05746385       0.30928407
37           0.42976922       0.02653135       0.06683486       0.33640302
38           0.48654562       0.05062914       0.07123281       0.36468366
39           0.52203311       0.05908641       0.06087786       0.40206883
40           0.54145321       0.05690931       0.05429248       0.43025142
41           0.55873330       0.06162445       0.07166110       0.42544775
42           0.57515259       0.06634008       0.11713439       0.39167812
43           0.64400363       0.07094953       0.18749900       0.38555510
44           0.80671813       0.08667861       0.27518890       0.44485062
45           1.08686562       0.11801896       0.38059552       0.58825114
46           1.39394896       0.16943645       0.47401340       0.75049911
47           1.65649853       0.24359435       0.53233072       0.88057346
48           1.74564812       0.29314042       0.49806126       0.95444645
49           1.68019855       0.28513922       0.39527028       0.99978905
50           1.57232163       0.24273956       0.32726755       1.00231452
51           1.43226558       0.18433083       0.30894512       0.93898962
52           1.35205488       0.13475792       0.31566166       0.90163531
53           1.35503285       0.09221941       0.34666838       0.91614506
54           1.46920448       0.05717871       0.41477270       0.99725307
55           1.63390327       0.03803944       0.50823720       1.08762662
56           1.78782031       0.02818393       0.62989616       1.12974021
57           1.92342712       0.02032483       0.77867317       1.12442912
58           2.07437206       0.01511499       0.91181713       1.14743994
59           2.22585173       0.01099361       1.00047432       1.21438381
60           2.37840435       0.00471384       1.07227050       1.30142001
61           2.43615706       0.00007363       1.13031457       1.30576887
62           2.43351856       0.00375834       1.17924863       1.25051158
63           2.47442758       0.01402546       1.23654044       1.22386168
64           2.62354670       0.02839397       1.35503545       1.24011728
65           2.92924520       0.05154218       1.59951463       1.27818839
66           3.24207071       0.07016825       1.88883157       1.28307089
67           3.47681092       0.07718547       2.12093962       1.27868582
68           3.56516070       0.07427056       2.22843127       1.26245887
69           3.51332336       0.06011882       2.19805416       1.25515038
70           3.29195339       0.03845040       2.06183514       1.19166785
71           2.96056036       0.01766110       1.87269999       1.07019927
72           2.62555286       0.00521732       1.66454366       0.95579188
73           2.38687091       0.00001361       1.50253352       0.88432378
74           2.28735830       0.00431744       1.43763987       0.84540099
75           2.25275875       0.01902684       1.44968179       0.78405013
76           2.24772426       0.04541750       1.52153626       0.68077050
77           2.21090014       0.06657383       1.57733746       0.56698885
78           2.21644297       0.08191612       1.64043097       0.49409588
79           2.31201829       0.11424672       1.71929312       0.47847845
80           2.45449669       0.15118217       1.82215226       0.48116227
81           2.51944647       0.17608334       1.86663466       0.47672847
82           2.37213425       0.17039354       1.77634496       0.42539574
83           2.09943807       0.15106974       1.58945110       0.35891723
84           1.95578519       0.15328753       1.46865890       0.33383876
85           1.99031394       0.17606053       1.47050976       0.34374364
86           2.04621100       0.20304605       1.48165250       0.36151246
87           2.00347929       0.21852315       1.43062887       0.35432726
88           1.90177334       0.20630325       1.35809055       0.33737954
89           1.81709352       0.16787686       1.31881186       0.33040480
90           1.76524434       0.12051568       1.30477806       0.33995060
91           1.75254202       0.08115015       1.29945794       0.37193393
92           1.82908778       0.06046355       1.31826213       0.45036210
93           1.98428453       0.04218246       1.36644700       0.57565507
94           2.10515345       0.02454720       1.39282372       0.68778253
95           2.08601109       0.01106572       1.38589555       0.68904982
96           1.97652666       0.00119480       1.38343075       0.59190112
97           1.86564656       0.00153307       1.39914777       0.46496572
98           1.78661996       0.00749850       1.41290461       0.36621686
99           1.79109686       0.01243831       1.44282181       0.33583673
100          1.92278041       0.01845792       1.53645778       0.36786472
101          2.11529215       0.02636473       1.67472105       0.41420636
102          2.28100056       0.03365454       1.80944733       0.43789869
103          2.34791837       0.03985990       1.85261022       0.45544825
104          2.29629428       0.05006188       1.79647140       0.44976100
105          2.14354475       0.06789338       1.66791049       0.40774088
106          1.93905256       0.08792135       1.50668078       0.34445042
107          1.82901269       0.10478376       1.41805118       0.30617775
108          1.85761579       0.11851053       1.40932636       0.32977890
109          1.95854914       0.12755435       1.43340304       0.39759175
110          2.02405151       0.11794595       1.40862021       0.49748534
111          2.08613952       0.10031623       1.38196508       0.60385821
112          2.14464341       0.10187059       1.34773432       0.69503850
113          2.14372196       0.13244949       1.27278470       0.73848777
114          2.07153518       0.17849584       1.15701410       0.73602523
115          2.00633606       0.20495368       1.07344882       0.72793357
116          2.02433547       0.21842436       1.07997815       0.72593297
117          2.05280504       0.20966930       1.14027541       0.70286033
118          2.05306243       0.19441401       1.20747242       0.65117600
119          2.09813682       0.20216395       1.24009111       0.65588176
120          2.27875841       0.24057394       1.26243476       0.77574972
121          2.49672165       0.30768025       1.25488373       0.93415766
122          2.56022753       0.36129351       1.22225800       0.97667601
123          2.50593184       0.41074376       1.19064643       0.90454166
124          2.42836713       0.45832629       1.15915339       0.81088744
125          2.35656332       0.50228852       1.12175568       0.73251912
126          2.32136123       0.55542007       1.08806518       0.67787598
127          2.36445118       0.64457784       1.07357680       0.64629655
128          2.38655970       0.71371537       1.04578924       0.62705509
129          2.37154045       0.73566034       1.01361384       0.62226627
130          2.37581543       0.73389684       0.98344608       0.65847251
131          2.49936295       0.73836150       1.00876888       0.75223257
132          2.77459675       0.77335627       1.06958993       0.93165056
133          3.17927707       0.83078117       1.16637859       1.18211730
134          3.60861949       0.90818396       1.26410455       1.43633099
135          3.87206561       0.97916224       1.31275147       1.58015190
136          3.90844821       1.03403832       1.32932223       1.54508766
137          3.74159398       1.03246583       1.31465551       1.39447264
138          3.49074915       1.01208867       1.22323385       1.25542662
139          3.31975101       1.00662999       1.11111882       1.20200220
140          3.39747437       1.00227637       1.08142473       1.31377327
141          3.61556625       0.97678385       1.08521287       1.55356952
142          3.81442353       0.92047309       1.08334759       1.81060284
143          3.95124841       0.86974584       1.08422868       1.99727389
144          4.08381945       0.85806858       1.10776404       2.11798684
145          4.28878502       0.87929916       1.16618999       2.24329586
146          4.54238652       0.89408201       1.26676790       2.38153661
147          4.76543282       0.92359140       1.40506918       2.43677223
148          4.86508424       0.95604741       1.57834042       2.33069640
149          4.82981267       0.98863311       1.73686853       2.10431103
150          4.77405786       1.00263876       1.82139889       1.95002021
151          4.81785548       1.01626509       1.82549326       1.97609713
152          4.96810856       1.07302226       1.77409421       2.12099208
153          5.02592370       1.13482621       1.70093683       2.19016066
154          4.89118272       1.14107767       1.64357308       2.10653197
155          4.69710922       1.08481438       1.63174210       1.98055273
156          4.53996987       1.01368746       1.65040897       1.87587344
157          4.45002251       0.98802431       1.65604613       1.80595207
158          4.44753327       0.99385617       1.63911936       1.81455774
159          4.42112399       0.98768676       1.58254672       1.85089051
160          4.39156561       1.02379578       1.54012655       1.82764329
161          4.25394030       1.08738656       1.46141972       1.70513401
162          4.13539785       1.17612819       1.37547835       1.58379132
163          4.08396780       1.22399408       1.30468213       1.55529158
164          4.08270964       1.21415774       1.26977386       1.59877804
165          4.04474491       1.16037253       1.26742490       1.61694749
166          3.97004929       1.09269121       1.30570113       1.57165695
167          3.91226840       1.05118661       1.37834848       1.48273331
168          3.84501427       1.02950174       1.43933290       1.37617963
169          3.73238691       1.06915685       1.39389319       1.26933687
170          3.57226086       1.13911123       1.23216889       1.20098074
171          3.43434605       1.20302736       1.05601273       1.17530596
172          3.35743179       1.22023227       0.93386584       1.20333368
173          3.32199771       1.19176935       0.89237203       1.23785633
174          3.27130565       1.13442338       0.89508924       1.24179304
175          3.22481156       1.04205342       0.91996976       1.26278837
176          3.24503364       0.95568033       0.94117344       1.34817987
177          3.28466600       0.88765116       0.90830062       1.48871422
178          3.32816295       0.87526205       0.81976251       1.63313839
179          3.49165467       0.97317235       0.74830221       1.77018012
180          3.81638056       1.21420494       0.71548775       1.88668787
181          4.18074521       1.50412745       0.70402037       1.97259738
182          4.42486742       1.73828712       0.70655438       1.98002593
183          4.53180607       1.88195522       0.69979464       1.95005621
184          4.50338783       1.90778054       0.67457581       1.92103148
185          4.42205690       1.82222874       0.65016344       1.94966472
186          4.30451345       1.65951855       0.64324325       2.00175165
187          4.15165775       1.50402463       0.62729641       2.02033671
188          3.97553024       1.37288267       0.56055049       2.04209707
189          3.76445531       1.22362751       0.45478833       2.08603946
190          3.54089916       1.08960034       0.37233395       2.07896487
191          3.35138887       1.04309859       0.32569630       1.98259399
192          3.35328614       1.10743295       0.31371692       1.93213628
193          3.55337777       1.23494095       0.30238996       2.01604686
194          3.90495987       1.37997443       0.29893057       2.22605487
195          4.23989867       1.50170859       0.30885656       2.42933352
196          4.35634702       1.55178361       0.31084357       2.49371984
197          4.12102783       1.44145474       0.27614052       2.40343257
198          3.76485747       1.25203176       0.21684684       2.29597887
199          3.42944570       1.04381413       0.17848311       2.20714846
200          3.31056201       0.92189897       0.15675687       2.23190617
201          3.40868159       0.89271728       0.15024844       2.36571586
202          3.58350860       0.92389191       0.15496795       2.50464875
203          3.66443579       0.96243742       0.18185786       2.52014050
204          3.54102689       0.93026584       0.23328826       2.37747279
205          3.32338221       0.84919222       0.31793094       2.15625906
206          3.13025920       0.76918934       0.40872231       1.95234755
207          3.04134998       0.68366961       0.47721010       1.88047027
208          3.06175735       0.61078814       0.49760468       1.95336453
209          3.15838469       0.55691203       0.45827029       2.14320236
210          3.27050735       0.52585910       0.42546475       2.31918351
211          3.40911432       0.53134030       0.43492444       2.44284959
212          3.48571902       0.56543980       0.46544895       2.45483028
213          3.48918767       0.60623254       0.46881228       2.41414285
214          3.46992153       0.64394918       0.45629712       2.36967524
215          3.47999055       0.72431220       0.46212319       2.29355517
216          3.55312632       0.82792414       0.50748441       2.21771777
217          3.63239076       0.91476565       0.55073733       2.16688778
218          3.64703497       0.95983213       0.53503297       2.15216986
219          3.63455887       0.99271884       0.46536160       2.17647843
220          3.70086076       1.04894283       0.40231571       2.24960222
221          3.89633032       1.17600521       0.38615566       2.33416945
222          4.18959522       1.34489317       0.41463190       2.43007016
223          4.49254013       1.48265223       0.46172656       2.54816133
224          4.70280185       1.53606226       0.50165519       2.66508439
225          4.80010488       1.56604536       0.51575880       2.71830072
226          4.81478067       1.58259281       0.51050868       2.72167919
227          4.78155637       1.59208473       0.49230353       2.69716811
228          4.69716846       1.62939049       0.40555498       2.66222298
229          4.61985677       1.65691190       0.27454895       2.68839592
230          4.60333989       1.64586974       0.17084242       2.78662773
231          4.68927948       1.62297115       0.12930239       2.93700593
232          4.86368740       1.61559220       0.11653367       3.13156153
233          5.09617858       1.62142919       0.10436969       3.37037970
234          5.34197876       1.64342444       0.09151209       3.60704223
235          5.58305854       1.68934492       0.07059347       3.82312015
236          5.80527453       1.75275487       0.04181611       4.01070355
237          6.02692681       1.80472971       0.01549014       4.20670696
238          6.11866312       1.81157392       0.00406196       4.30302724
239          6.06362233       1.76458304       0.00095519       4.29808410
240          5.96795151       1.66543008       0.00013763       4.30238380
241          5.95249459       1.51467484       0.00021060       4.43760915
242          5.97669846       1.36378571       0.00139663       4.61151612
243          5.87281303       1.27140554       0.00060304       4.60080445
244          5.58237485       1.27542657       0.00046900       4.30647928
245          5.27245690       1.33511480       0.00458129       3.93276081
246          5.17981554       1.41152411       0.00724772       3.76104371
247          5.25403362       1.49245672       0.00568290       3.75589400
248          5.25150494       1.52778227       0.00070472       3.72301795
249          5.03466299       1.51733688       0.00056777       3.51675834
250          4.72847435       1.51165621       0.00173622       3.21508191
251          4.46510554       1.52439613       0.00085916       2.93985025
252          4.21547030       1.47950513       0.00040699       2.73555818
253          3.92925094       1.39303055       0.00060866       2.53561174
254          3.72262110       1.38907465       0.00071070       2.33283575
255          3.64253945       1.50342700       0.00003704       2.13907541
256          3.63554109       1.64959725       0.00058839       1.98535545
257          3.67770683       1.73568675       0.00106644       1.94095363
258          3.67786071       1.78598081       0.00171245       1.89016746
259          3.59820177       1.81385214       0.00329496       1.78105466
260          3.34637318       1.74603572       0.00500086       1.59533660
261          3.06191719       1.63775817       0.00701984       1.41713918
262          2.81035647       1.52020706       0.01027762       1.27987180
263          2.56733225       1.41248276       0.01762648       1.13722302
264          2.33932028       1.33653872       0.02586534       0.97691622
265          2.21841817       1.32841263       0.03095312       0.85905242
266          2.26832980       1.38573246       0.03829945       0.84429789
267          2.37017140       1.46095871       0.05923813       0.84997456
268          2.38705820       1.48876119       0.09318143       0.80511558
269          2.26557980       1.43499613       0.13748766       0.69309601
270          2.15247338       1.38417260       0.18548434       0.58281643
271          2.11816897       1.35760938       0.23904681       0.52151277
272          2.13224127       1.33796780       0.28773738       0.50653609
273          2.20783401       1.36198787       0.35073625       0.49510988
274          2.39979537       1.46719110       0.45615437       0.47644991
275          2.68423166       1.63533982       0.58128682       0.46760502
276          2.89137927       1.75773702       0.67818964       0.45545261
277          2.90902010       1.78124420       0.69194938       0.43582652
278          2.86605818       1.77540488       0.68238190       0.40827140
279          2.89178968       1.82948112       0.68822234       0.37408622
280          2.95661882       1.92584954       0.69570951       0.33505977
281          3.02743556       2.05503406       0.68371552       0.28868598
282          3.11132630       2.19494320       0.68304190       0.23334120
283          3.26226552       2.35556110       0.73658942       0.17011500
284          3.39736758       2.44005575       0.83618841       0.12112343
285          3.39624030       2.38124220       0.91390373       0.10109437
286          3.31199541       2.28664178       0.92067086       0.10468277
287          3.33771336       2.28818451       0.92178692       0.12774193
288          3.58226252       2.45443205       0.95858570       0.16924478
289          3.86899681       2.59461131       1.05774314       0.21664237
290          4.07859464       2.66841768       1.16492989       0.24524707
291          4.19589410       2.68630904       1.23175619       0.27782888
292          4.22245562       2.62324128       1.29919928       0.30001507
293          4.09735493       2.39157633       1.40591496       0.29986364
294          3.94268066       2.14999358       1.48908001       0.30360707
295          3.91431092       2.02290375       1.56619491       0.32521226
296          3.89969282       1.96311304       1.60116222       0.33541755
297          3.82530211       1.90503091       1.59787254       0.32239867
298          3.86829322       1.93958382       1.63342213       0.29528727
299          4.06083872       2.05668383       1.72621252       0.27794238
300          4.20141855       2.11682509       1.81150065       0.27309281
301          4.19083438       2.09767088       1.83401619       0.25914731
302          4.05672305       2.04358856       1.78268123       0.23045326
303          3.94478920       1.97230894       1.76314056       0.20933970
304          3.90999335       1.90521964       1.81154442       0.19322929
305          3.89110030       1.82719494       1.88838002       0.17552534
306          3.85883938       1.71292836       1.99138649       0.15452454
307          3.81551704       1.55826707       2.11895439       0.13829558
308          3.78512792       1.40486331       2.24236911       0.13789550
309          3.71785264       1.28561698       2.29640537       0.13583029
310          3.55011232       1.18320837       2.23764312       0.12926083
311          3.34875078       1.11753301       2.09759687       0.13362090
312          3.21459975       1.09437260       1.97699632       0.14323084
313          3.18893285       1.11814217       1.93996967       0.13082101
314          3.19236809       1.14392820       1.96552339       0.08291651
315          3.14667083       1.12558199       1.98227167       0.03881717
316          3.07072231       1.06551626       1.98701916       0.01818689
317          3.08568271       1.04848773       2.02534118       0.01185380
318          3.19781879       1.08451275       2.10245314       0.01085290
319          3.24464906       1.09950035       2.12729585       0.01785287
320          3.24850046       1.08248281       2.13107823       0.03493943
321          3.29143142       1.07313433       2.16216133       0.05613576
322          3.41744964       1.12843831       2.20203436       0.08697697
323          3.50052099       1.21624636       2.16682280       0.11745183
324          3.36740639       1.26128519       1.98141141       0.12470979
325          3.15565009       1.24718481       1.80685875       0.10160653
326          3.00501742       1.21911116       1.71016714       0.07573911
327          2.92756094       1.20881088       1.66277533       0.05597472
328          2.84189220       1.20069291       1.59230727       0.04889202
329          2.73818278       1.19173075       1.49341393       0.05303811
330          2.66689433       1.15633816       1.44441455       0.06614161
331          2.60687957       1.09799266       1.42641333       0.08247358
332          2.54847079       1.05507741       1.39957503       0.09381835
333          2.50544875       1.05682829       1.34622385       0.10239661
334          2.49367484       1.07680103       1.31166802       0.10520578
335          2.48901076       1.09598571       1.28612159       0.10690346
336          2.47627361       1.08800043       1.30107535       0.08719783
337          2.48620559       1.05935544       1.37932721       0.04752294
338          2.57876391       1.04659061       1.51580545       0.01636786
339          2.62505319       1.07542058       1.54623532       0.00339728
340          2.56396913       1.14944520       1.41329354       0.00123039
341          2.42924990       1.21439858       1.20985234       0.00499898
342          2.32532914       1.27011561       1.03596160       0.01925192
343          2.26925328       1.28176333       0.95291525       0.03457471
344          2.25287910       1.25084527       0.95656674       0.04546710
345          2.25885379       1.19587857       1.00733934       0.05563588
346          2.23613100       1.13644992       1.03226726       0.06741382
347          2.11716288       1.03906841       1.00388118       0.07421329
348          1.94614384       0.91553228       0.96014816       0.07046341
349          1.79647309       0.79928510       0.93238940       0.06479858
350          1.66908074       0.68146255       0.92381151       0.06380667
351          1.56466724       0.58371457       0.90598562       0.07496705
352          1.45281475       0.49613393       0.87445263       0.08222819
353          1.38318017       0.44007427       0.85914038       0.08396552
354          1.32684570       0.38501937       0.86204336       0.07978298
355          1.23954345       0.31963299       0.83477524       0.08513522
356          1.16592673       0.25084011       0.80874198       0.10634463
357          1.21201052       0.22397741       0.84971211       0.13832100
358          1.37977305       0.23681344       0.95980464       0.18315497
359          1.61994245       0.25803774       1.12479027       0.23711444
360          1.89832647       0.25876152       1.33325152       0.30631343
361          2.13805438       0.22233361       1.54475005       0.37097072
362          2.27492908       0.17105335       1.70928867       0.39458707
363          2.33741552       0.12298965       1.83344978       0.38097609
364          2.39616046       0.10098355       1.94632220       0.34885471
365          2.40197847       0.09865860       1.99519961       0.30812026
366          2.40139708       0.12164576       2.02675244       0.25299888
367          2.50317909       0.16312194       2.14996777       0.19008938
368          2.69996377       0.22149284       2.34278326       0.13568767
369          2.86820737       0.28170232       2.48048410       0.10602094
370          2.92295572       0.33712887       2.47972535       0.10610150
371          2.91393660       0.37791510       2.41489745       0.12112405
372          2.85592927       0.38927308       2.33272807       0.13392812
373          2.79286804       0.40889860       2.24619299       0.13777644
374          2.66730513       0.43228436       2.11654354       0.11847723
375          2.49871896       0.46390775       1.95276337       0.08204783
376          2.35576839       0.50055025       1.80369453       0.05152362
377          2.29115313       0.57195254       1.67947925       0.03972134
378          2.31918223       0.68199924       1.59726763       0.03991536
379          2.38940859       0.79403066       1.55552375       0.03985418
380          2.48416900       0.86265909       1.58040266       0.04110724
381          2.49155687       0.85667777       1.58983535       0.04504376
382          2.31961689       0.76694922       1.49971232       0.05295535
383          1.98281531       0.60799760       1.32054848       0.05426923
384          1.63401612       0.43684326       1.13874014       0.05843272
385          1.39920271       0.29952373       1.03531189       0.06436709
386          1.35048493       0.23591887       1.05064257       0.06392350
387          1.36869179       0.23570506       1.07460422       0.05838251
388          1.34196144       0.26082259       1.01682546       0.06431338
389          1.31584387       0.27359496       0.95804004       0.08420887
390          1.33754408       0.28281975       0.94446171       0.11026262
391          1.41982708       0.28919056       0.99442176       0.13621475
392          1.45376703       0.27788901       1.03414835       0.14172967
393          1.42679794       0.23709598       1.05152896       0.13817299
394          1.40782722       0.18967441       1.09027890       0.12787391
395          1.42008840       0.16577647       1.13386649       0.12044544
396          1.40548422       0.16707184       1.12493008       0.11348230
397          1.40006909       0.18956248       1.10739369       0.10311292
398          1.45307267       0.23108704       1.13206557       0.08992007
399          1.55951376       0.29072066       1.18297961       0.08581350
400          1.68983041       0.35450098       1.24435027       0.09097916
401          1.79979387       0.39187311       1.31281412       0.09510664
402          1.84935112       0.39275625       1.35818320       0.09841168
403          1.84855298       0.37487853       1.37965563       0.09401882
404          1.82860718       0.35400026       1.39691633       0.07769059
405          1.86204965       0.37315475       1.43589674       0.05299815
406          2.02343024       0.41150980       1.57489536       0.03702508
407          2.30325645       0.47683346       1.79504574       0.03137725
408          2.52063983       0.54305067       1.95152328       0.02606588
409          2.57598103       0.58468887       1.97444425       0.01684791
410          2.52817966       0.62275616       1.89011351       0.01530999
411          2.54342683       0.69137979       1.82746506       0.02458198
412          2.68477097       0.77690132       1.86883702       0.03903262
413          2.86218685       0.81077138       2.00807514       0.04334034
414          2.91562877       0.75106459       2.12506390       0.03950028
415          2.87099143       0.66239361       2.17107040       0.03752742
416          2.81889811       0.59067064       2.18882621       0.03940125
417          2.86127811       0.53715249       2.27230556       0.05182005
418          2.99952135       0.52362094       2.39122424       0.08467617
419          3.19212710       0.55815611       2.49314733       0.14082366
420          3.32413407       0.59618214       2.54749243       0.18045949
421          3.35306304       0.59692929       2.56875195       0.18738180
422          3.41920742       0.59639975       2.64415165       0.17865602
423          3.53222444       0.59855054       2.75834091       0.17533300
424          3.65389168       0.57909070       2.89186207       0.18293891
425          3.76789697       0.55910287       3.02171359       0.18708051
426          3.88269493       0.54123349       3.12739393       0.21406750
427          3.97003006       0.50347475       3.18666302       0.27989228
428          4.03182765       0.45598946       3.19967271       0.37616547
429          4.09988054       0.41592809       3.19914287       0.48480958
430          4.20025682       0.37842217       3.20169415       0.62014050
431          4.43850533       0.36345526       3.27747020       0.79757987
432          4.74906668       0.37652949       3.40639288       0.96614431
433          4.98346950       0.38586005       3.52132892       1.07628053
434          5.12523736       0.37500814       3.59362932       1.15659991
435          5.24940021       0.35944259       3.65528315       1.23467448
436          5.46296207       0.36391149       3.77231420       1.32673638
437          5.66716068       0.38090975       3.89537998       1.39087095
438          5.74254139       0.37359936       3.90172760       1.46721443
439          5.73912386       0.36712758       3.79818147       1.57381481
440          5.75462007       0.38205777       3.68081143       1.69175088
441          5.75078356       0.39091780       3.56430510       1.79556066
442          5.67936845       0.38939521       3.43846546       1.85150778
443          5.55737551       0.39445469       3.29982131       1.86309950
444          5.41643197       0.40574101       3.16770046       1.84299049
445          5.33737033       0.43442275       3.08629772       1.81664986
446          5.34400607       0.45909135       3.06454847       1.82036625
447          5.39622215       0.47743295       3.01632703       1.90246217
448          5.45601077       0.48932350       2.97252922       1.99415805
449          5.58593809       0.51666507       2.98013620       2.08913682
450          5.81415106       0.55124476       3.07039208       2.19251422
451          6.10094212       0.59496009       3.20320191       2.30278012
452          6.33922141       0.62679798       3.34619354       2.36622989
453          6.45590640       0.65162131       3.46291249       2.34137261
454          6.45604418       0.66618549       3.51535696       2.27450173
455          6.41995307       0.65346510       3.52838855       2.23809942
456          6.53124003       0.62532894       3.59300164       2.31290944
457          6.79898635       0.58587548       3.74380883       2.46930205
458          7.07787407       0.54742836       3.94068847       2.58975724
459          7.24695064       0.50347196       4.07939172       2.66408696
460          7.18626657       0.47632073       4.04302247       2.66692337
461          6.94876254       0.46191473       3.94140144       2.54544638
462          6.76493839       0.46326869       3.90694843       2.39472128
463          6.73534743       0.44749409       3.93478821       2.35306513
464          6.75150993       0.42593572       3.88638764       2.43918657
465          6.74528848       0.42522352       3.75685253       2.56321243
466          6.76352093       0.46066017       3.67938896       2.62347179
467          6.91065589       0.52081515       3.71152212       2.67831862
468          7.16732484       0.58105212       3.79736777       2.78890494
469          7.52740878       0.67279031       3.88321198       2.97140649
470          7.89779451       0.82565073       3.94135582       3.13078797
471          8.20881606       1.08099778       3.95373814       3.17408014
472          8.43309796       1.38031110       3.94408463       3.10870222
473          8.57441560       1.66605565       3.91853320       2.98982675
474          8.69743470       1.90167947       3.82152200       2.97423323
475          8.81140519       2.08359935       3.64819680       3.07960904
476          8.90161934       2.22409300       3.46975780       3.20776854
477          8.93423278       2.31384758       3.32123467       3.29915054
478          8.94835457       2.42689525       3.14211445       3.37934487
479          8.99647596       2.58674945       2.93754055       3.47218596
480          9.17594494       2.83639726       2.75912169       3.58042599
481          9.43531323       3.08507199       2.69291057       3.65733067
482          9.65593647       3.26524748       2.66235407       3.72833492
483          9.74195563       3.37276751       2.53814260       3.83104552
484          9.72332890       3.45416714       2.40357492       3.86558684
485          9.78615423       3.63150745       2.27551583       3.87913094
486          9.94810697       3.81352157       2.17304204       3.96154336
487         10.29397071       3.91795579       2.20325746       4.17275746
488         10.63014209       3.94114919       2.30064930       4.38834361
489         11.03894320       4.07454939       2.44383989       4.52055392
490         11.59104687       4.36664586       2.60102562       4.62337539
491         12.24167309       4.75995478       2.72166216       4.76005615
492         12.62757787       4.95074840       2.82730249       4.84952699
493         12.63310436       4.89863567       2.85392910       4.88053959
494         12.41996824       4.80962436       2.76298873       4.84735515
495         12.04207235       4.73824875       2.59469922       4.70912438
496         11.66530135       4.71581994       2.44156963       4.50791178
497         11.48019536       4.83831270       2.32029407       4.32158859
498         11.51708713       5.05178757       2.21214794       4.25315161
499         11.59275505       5.16803061       2.15922185       4.26550259
500         11.57818162       5.05156299       2.18357867       4.34303995
501         11.58955997       4.80375395       2.28491207       4.50089395
502         11.67176516       4.58176970       2.43188617       4.65810928
503         11.85519790       4.51389898       2.55381190       4.78748701
504         12.21425325       4.53424492       2.67875157       5.00125676
505         12.77924272       4.61930660       2.87219600       5.28774012
506         13.35684438       4.80377017       3.04493545       5.50813877
507         13.48427280       4.96468923       3.07251681       5.44706676
508         13.09909506       5.00324870       2.95081018       5.14503618
509         12.61524428       4.91449544       2.79574689       4.90500195
510         12.33464525       4.84150254       2.70887143       4.78427127
511         12.31643496       4.84147618       2.70046108       4.77449769
512         12.63063116       4.91697620       2.80040341       4.91325154
513         13.12105605       4.95996737       2.99344626       5.16764242
514         13.53839374       4.94097557       3.17725235       5.42016583
515         13.85101742       4.85455103       3.37990881       5.61655759
516         14.14863540       4.77892653       3.58787563       5.78183324
517         14.48441487       4.80407119       3.75717308       5.92317060
518         14.55004544       4.77923425       3.83754579       5.93326540
519         14.19196691       4.67571908       3.74981808       5.76642976
520         13.63818093       4.61012893       3.46623925       5.56181274
521         13.18627331       4.61744583       3.15190313       5.41692435
522         13.01048745       4.62567635       2.99057274       5.39423836
523         13.25114534       4.73455513       2.92152736       5.59506285
524         13.71327521       4.86022249       2.95168089       5.90137183
525         14.11907083       4.85196500       3.01719273       6.24991310
526         14.33871612       4.74021922       3.08112078       6.51737612
527         14.48555924       4.66875245       3.12737773       6.68942906
528         14.59886533       4.67082071       3.17977785       6.74826677
529         14.63575837       4.74603806       3.16009307       6.72962725
530         14.66861996       4.96096490       3.07310415       6.63455091
531         14.64527128       5.31725547       2.92138696       6.40662885
532         14.68282793       5.65474156       2.81282686       6.21525951
533         14.68591588       5.79654893       2.74191115       6.14745580
534         14.79648694       5.84784243       2.69338195       6.25526256
535         15.22759437       6.05846938       2.70264344       6.46648154
536         16.01286733       6.49508116       2.81281877       6.70496740
537         16.94778883       6.99964822       3.02521239       6.92292822
538         17.51899711       7.30540629       3.15534806       7.05824277
539         17.52843971       7.44955400       3.09723826       6.98164746
540         17.09481465       7.47060686       2.90757693       6.71663086
541         16.60471831       7.41042636       2.80953233       6.38475963
542         16.19360074       7.27685887       2.81896548       6.09777639
543         16.17210670       7.26099645       2.97128017       5.93983007
544         16.58809219       7.41606317       3.20477995       5.96724907
545         17.18102090       7.70067512       3.44029769       6.04004809
546         17.79547367       7.97498340       3.69689757       6.12359270
547         18.15234970       7.97857147       3.85046384       6.32331440
548         18.30527829       7.87794936       3.83212568       6.59520325
549         18.45862416       7.94491432       3.67093000       6.84277983
550         18.79392422       8.24721106       3.56385295       6.98286021
551         19.30988479       8.65670708       3.52835267       7.12482504
552         20.04449896       9.11267014       3.61740289       7.31442594
553         21.01692720       9.64333128       3.76084066       7.61275526
554         21.94318060      10.15129477       3.81684194       7.97504389
555         22.48602395      10.49395305       3.78000389       8.21206701
556         22.82571101      10.72906730       3.78077338       8.31587034
557         23.39144798      11.10472361       3.86691192       8.41981246
558         24.02308323      11.49921285       4.00540486       8.51846552
559         24.37298118      11.68068409       4.16592086       8.52637623
560         24.50187142      11.59357704       4.36163706       8.54665731
561         24.49784945      11.39854129       4.49100779       8.60830037
562         24.50380307      11.28603089       4.46931983       8.74845235
563         24.42548412      11.20921187       4.35250019       8.86377206
564         24.20692195      11.08066031       4.29831800       8.82794363
565         23.81326284      10.87450528       4.33697123       8.60178633
566         23.52183833      10.65568563       4.47467795       8.39147475
567         23.34675640      10.41942330       4.65187739       8.27545571
568         23.12361570      10.09520028       4.80685502       8.22156040
569         22.63617122       9.56747949       4.90273801       8.16595372
570         21.77509065       8.88788167       4.87898992       8.00821906
571         21.02490379       8.36000787       4.76765238       7.89724354
572         20.78416242       8.26892537       4.70409988       7.81113717
573         20.81130148       8.30201935       4.76185111       7.74743102
574         20.96511985       8.20438389       4.90275072       7.85798524
575         21.17155114       8.09494584       5.00205454       8.07455075
576         21.09192693       7.96356378       4.99973848       8.12862466
577         20.78506065       7.72717585       4.92183379       8.13605101
578         20.41388066       7.40248078       4.86704536       8.14435452
579         20.11767489       7.16076454       4.87436415       8.08254620
580         19.88182949       7.07141048       4.86732510       7.94309390
581         19.63929434       7.14328883       4.83254404       7.66346147
582         19.33621740       7.20241552       4.79015884       7.34364305
583         19.18374798       7.28814981       4.77571389       7.11988429
584         19.38545828       7.39953026       4.84642173       7.13950630
585         19.60192337       7.41761795       4.90566329       7.27864213
586         19.50922873       7.34654359       4.82480554       7.33787959
587         19.12364581       7.24077926       4.63414635       7.24872020
588         18.79786199       7.19917930       4.48613720       7.11254549
589         18.77079446       7.27892390       4.44753049       7.04434008
590         19.20900573       7.52180117       4.56995552       7.11724904
591         19.94616754       7.82924228       4.74180231       7.37512295
592         20.61894175       7.90623004       4.88354106       7.82917065
593         21.00650391       7.74029942       4.83756033       8.42864416
594         21.07653282       7.46137556       4.70962108       8.90553618
595         21.01450873       7.32571961       4.52904226       9.15974686
596         20.95075187       7.38951453       4.28620358       9.27503376
597         20.86655170       7.57308488       3.98818861       9.30527821
598         20.78127904       7.81369331       3.65905752       9.30852820
599         20.68632712       8.07904397       3.36668432       9.24059883
600         20.74446887       8.38341204       3.22090652       9.14015031
601         21.04962122       8.70721374       3.25024476       9.09216272
602         21.78979746       9.08361358       3.37104824       9.33513564
603         22.50960164       9.36383415       3.37345484       9.77231264
604         22.83356298       9.44236545       3.17051289      10.22068464
605         22.95971907       9.45270478       2.94298485      10.56402944
606         23.07526297       9.48555394       2.81455391      10.77515512
607         23.17733132       9.52989869       2.84328622      10.80414641
608         23.26214111       9.51408590       3.06236441      10.68569080
609         23.44146361       9.54887394       3.43445976      10.45812991
610         23.67155220       9.66989066       3.83557466      10.16608689
611         23.75775006       9.70386969       4.17035069       9.88352968
612         23.50067622       9.52387205       4.37397270       9.60283147
613         23.19699699       9.28467745       4.44369925       9.46862029
614         23.17134466       9.21722854       4.48017543       9.47394069
615         23.58032275       9.25741275       4.60838641       9.71452359
616         24.04777204       9.19663729       4.82677464      10.02436012
617         24.34869849       8.97668855       5.07069628      10.30131365
618         24.54160603       8.78259725       5.23580620      10.52320258
619         24.72239413       8.73003386       5.37119884      10.62116143
620         24.77505563       8.64351856       5.56471568      10.56682138
621         24.59887602       8.53751352       5.74081413      10.32054837
622         24.22935334       8.46425691       5.77955944       9.98553699
623         23.97182927       8.34283376       5.87451302       9.75448249
624         23.64228146       8.17800111       5.96672193       9.49755842
625         23.07308763       7.98862854       5.94410750       9.14035160
626         22.33501705       7.60295040       5.87822454       8.85384210
627         21.59082805       7.12182135       5.89134984       8.57765687
628         21.18471643       6.89645610       5.87710244       8.41115789
629         21.09403139       6.94495968       5.75411349       8.39495823
630         21.05440408       7.02107347       5.60547715       8.42785346
631         20.95327761       6.95382327       5.46134241       8.53811193
632         20.95695458       6.88407309       5.29317388       8.77970761
633         21.06544294       6.71527197       5.10063213       9.24953884
634         21.11530181       6.27818531       5.01669378       9.82042272
635         21.24806643       5.72242286       5.14659519      10.37904837
636         21.56974985       5.37337615       5.34772257      10.84865112
637         22.11899691       5.29346860       5.47516140      11.35036691
638         22.69827245       5.12861974       5.57469338      11.99495933
639         23.09934615       4.78914599       5.67037299      12.63982716
640         23.22583245       4.38611867       5.65077475      13.18893903
641         23.16874164       4.12721137       5.45968246      13.58184781
642         23.07428583       4.02553924       5.15152592      13.89722067
643         22.97675852       3.99588978       4.83207023      14.14879852
644         22.93081659       3.93421124       4.59152636      14.40507900
645         22.88651322       3.74374726       4.54913337      14.59363259
646         23.11800232       3.59792441       4.71212057      14.80795734
647         23.59968583       3.59221084       4.89545224      15.11202275
648         24.21595890       3.69545086       5.00376044      15.51674760
649         24.63875009       3.73279023       5.08057722      15.82538264
650         24.63684403       3.72025841       5.07573779      15.84084783
651         13.22369169       1.03132641       9.02173455       3.17063073
652         13.09989243       1.23187204       8.65747978       3.21054061
653         12.78436910       1.35444797       8.35864806       3.07127307
654         12.38903133       1.34280562       8.30934183       2.73688388
655         12.12994469       1.25176623       8.44171861       2.43645985
656         11.91740187       1.18887608       8.42812995       2.30039585
657         11.72510495       1.22966098       8.19284269       2.30260127
658         11.43576748       1.29911345       7.79618103       2.34047300
659         11.05420586       1.33063291       7.34601745       2.37755550
660         10.72818641       1.32705831       6.91805630       2.48307180
661         10.46964867       1.34282887       6.51105128       2.61576852
662          9.89800911       1.31964476       6.00725296       2.57111139
663          9.09229258       1.23144374       5.54791896       2.31292988
664          8.37375185       1.12567362       5.23839199       2.00968624
665          7.77867837       1.01343627       4.97004418       1.79519792
666          7.34940414       0.94652326       4.69085727       1.71202361
667          7.14634720       0.92681334       4.50233365       1.71720021
668          7.12624560       0.92281728       4.44852532       1.75490300
669          7.09597980       0.88500622       4.43924378       1.77172980
670          7.08411816       0.83757707       4.51049981       1.73604127
671          7.06155790       0.79579497       4.60647581       1.65928712
672          6.80415031       0.77643399       4.50508088       1.52263544
673          6.24875676       0.73021617       4.16204404       1.35649655
674          5.63375089       0.64332238       3.76947774       1.22095077
675          5.25129993       0.60049732       3.47453157       1.17627104
676          5.12659430       0.64794883       3.27672499       1.20192048
677          5.12726170       0.76553171       3.12576336       1.23596663
678          5.23183196       0.90509245       3.07686765       1.24987186
679          5.40133479       1.03525763       3.11426446       1.25181270
680          5.47201576       1.09299901       3.12044838       1.25856838
681          5.35043966       1.02511812       3.06631836       1.25900318
682          5.07874968       0.87009884       3.00291240       1.20573844
683          4.77986425       0.74582650       2.85812467       1.17591308
684          4.51269889       0.67112070       2.65247483       1.18910336
685          4.36550058       0.61581233       2.54504555       1.20464270
686          4.34244529       0.57625621       2.59706101       1.16912807
687          4.45449470       0.58126172       2.75601269       1.11722029
688          4.62913307       0.63731757       2.91867860       1.07313690
689          4.79296960       0.72033514       3.07353952       0.99909494
690          5.03407075       0.83514630       3.29121645       0.90770800
691          5.37989162       0.98569509       3.57155158       0.82264495
692          5.68422082       1.16567083       3.76584612       0.75270387
693          5.64557687       1.24904322       3.72093861       0.67559505
694          5.24085656       1.19106052       3.44897968       0.60081636
695          4.73461326       1.04480839       3.14282505       0.54697982
696          4.31170580       0.89662469       2.90210073       0.51298038
697          3.96238491       0.77776659       2.71259652       0.47202180
698          3.73492668       0.71213231       2.57399238       0.44880200
699          3.64784640       0.69796676       2.50254780       0.44733184
700          3.70149060       0.71803498       2.54399144       0.43946417
701          3.82236796       0.76478306       2.64796466       0.40962024
702          3.96110409       0.81969502       2.77494108       0.36646799
703          4.14708337       0.92783157       2.87516062       0.34409118
704          4.36251750       1.04685923       2.98592705       0.32973123
705          4.51875538       1.09632562       3.11491250       0.30751726
706          4.51974862       1.00097242       3.22586231       0.29291389
707          4.37646860       0.87485093       3.19189447       0.30972320
708          4.11698436       0.81192010       2.95094462       0.35411965
709          3.80441240       0.78775975       2.62874362       0.38790902
710          3.56223773       0.79796506       2.35635658       0.40791609
711          3.50601821       0.85636751       2.23645858       0.41319212
712          3.61856460       0.97972261       2.24041826       0.39842373
713          3.77816264       1.08220532       2.31107505       0.38488226
714          3.87198510       1.11193400       2.37581026       0.38424085
715          3.94033399       1.07660841       2.46452651       0.39919908
716          3.99685356       1.06542788       2.50436271       0.42706297
717          4.09915349       1.13365223       2.47681169       0.48868957
718          4.17396315       1.22798366       2.35877173       0.58720777
719          4.21163299       1.27338733       2.23960659       0.69863907
720          4.20019382       1.27614213       2.13954819       0.78450350
721          4.22970495       1.33400987       2.04734171       0.84835337
722          4.28488333       1.44652777       1.96532106       0.87303450
723          4.41676745       1.57766738       1.97161220       0.86748787
724          4.52084614       1.69666102       1.99418078       0.83000434
725          4.55405536       1.82853590       1.96582959       0.75968987
726          4.51824307       1.91685238       1.87726953       0.72412116
727          4.49792594       2.00813772       1.76914954       0.72063868
728          4.51240182       2.11873153       1.69114973       0.70252055
729          4.59346110       2.26776541       1.67973534       0.64596036
730          4.82622484       2.45913168       1.76126960       0.60582355
731          5.13748673       2.63494725       1.89485921       0.60768027
732          5.35784153       2.74103133       2.00248840       0.61432181
733          5.44610049       2.71900698       2.10147158       0.62562193
734          5.42608600       2.59420273       2.18594903       0.64593424
735          5.30135035       2.42045617       2.21144984       0.66944433
736          5.05892138       2.23470861       2.11377319       0.71043958
737          4.74858624       2.05289529       1.90551435       0.79017660
738          4.52256305       1.93837190       1.68855554       0.89563562
739          4.38131966       1.87606817       1.50987387       0.99537761
740          4.27607417       1.86037840       1.38015741       1.03553835
741          4.15752399       1.86592488       1.28791140       1.00368771
742          4.12745123       1.92683433       1.25751950       0.94309740
743          4.30977376       2.10447647       1.30828830       0.89700900
744          4.59258293       2.30709063       1.43528036       0.85021194
745          4.67363537       2.33101824       1.55597752       0.78663961
746          4.55550680       2.21173279       1.61308560       0.73068841
747          4.44003809       2.14728541       1.57528926       0.71746341
748          4.46142776       2.21174712       1.50271771       0.74696293
749          4.59240752       2.36582959       1.43186635       0.79471158
750          4.78469598       2.53604988       1.38050457       0.86814153
751          5.03756329       2.71485077       1.38519814       0.93751438
752          5.30092856       2.81574458       1.52034564       0.96483834
753          5.52735618       2.79690276       1.76303574       0.96741768
754          5.63098508       2.70617180       1.95897430       0.96583898
755          5.66857133       2.63460891       2.02328187       1.01068055
756          5.73431840       2.61336798       2.03212044       1.08882997
757          5.82672764       2.61044726       2.05473484       1.16154554
758          5.89062262       2.58022867       2.06376675       1.24662720
759          5.91059807       2.49314926       2.07169517       1.34575363
760          5.90635201       2.38699997       2.10465656       1.41469548
761          5.89224803       2.29114159       2.16971412       1.43139232
762          5.89311183       2.24827941       2.21720927       1.42762315
763          5.88128783       2.23319086       2.25214845       1.39594851
764          5.93057574       2.25594257       2.32179837       1.35283481
765          6.07811645       2.25746788       2.47885571       1.34179286
766          6.28315469       2.25310037       2.68234462       1.34770971
767          6.36222669       2.30910277       2.74165622       1.31146769
768          6.41018003       2.48598765       2.65127580       1.27291658
769          6.60540236       2.77371637       2.52829840       1.30338758
770          6.90181668       3.05019002       2.42728498       1.42434169
771          7.18913696       3.28868153       2.38162995       1.51882549
772          7.47618876       3.49758386       2.45394904       1.52465587
773          7.76581099       3.77003699       2.56171683       1.43405717
774          8.06803658       4.10239354       2.63460135       1.33104169
775          8.46811022       4.47340000       2.70499066       1.28971957
776          8.74378365       4.70794603       2.74516501       1.29067261
777          8.81563577       4.72861821       2.77966301       1.30735455
778          8.86898894       4.65896714       2.88390759       1.32611420
779          9.07524256       4.61125740       3.06818282       1.39580234
780          9.48432202       4.66170547       3.31690760       1.50570896
781          9.94499464       4.78858958       3.54454830       1.61185676
782         10.40479880       5.02476419       3.67786007       1.70217453
783         10.73614789       5.28052470       3.66206160       1.79356158
784         11.08391374       5.56811000       3.58014515       1.93565859
785         11.41416372       5.76940372       3.56591546       2.07884454
786         11.77483185       5.89466894       3.73945578       2.14070714
787         12.12844573       5.98378960       3.99532840       2.14932773
788         12.41858344       6.07625921       4.19143864       2.15088558
789         12.60667952       6.12760348       4.32634301       2.15273303
790         12.67014850       6.13128297       4.38649222       2.15237331
791         12.59253219       6.14089560       4.26837889       2.18325770
792         12.29207865       6.14435302       3.91105969       2.23666594
793         11.89764263       6.07480776       3.57112377       2.25171111
794         11.55622338       5.96559581       3.41422825       2.17639933
795         11.25133222       5.90120081       3.31593728       2.03419414
796         11.05675313       5.94712746       3.23276200       1.87686367
797         11.04047250       6.10165135       3.24521875       1.69360240
798         11.06010368       6.25245809       3.27542458       1.53222100
799         11.04344648       6.40479983       3.17207399       1.46657266
800         11.09299919       6.56196255       2.97156177       1.55947487
801         11.11015446       6.70733799       2.73170447       1.67111199
802         10.98366030       6.74434584       2.52906697       1.71024749
803         10.59960901       6.58454932       2.34816536       1.66689433
804         10.00441878       6.25556009       2.16928488       1.57957381
805          9.53485088       6.02671116       2.04546638       1.46267335
806          9.34369435       6.02452612       1.97281169       1.34635654
807          9.40091617       6.14870737       1.96239453       1.28981426
808          9.60768738       6.23024479       2.05048733       1.32695526
809          9.82867852       6.32726589       2.10879176       1.39262088
810         10.16192133       6.52226051       2.16039547       1.47926535
811         10.39958918       6.60020210       2.20990990       1.58947717
812         10.43451970       6.41227593       2.31301027       1.70923350
813         10.28137087       6.05128744       2.41421184       1.81587160
814         10.06373126       5.77865881       2.42315284       1.86191961
815          9.91283421       5.68737659       2.37357614       1.85188148
816          9.78306369       5.70357060       2.29753820       1.78195489
817          9.66471114       5.68059275       2.28580968       1.69830871
818          9.47338434       5.51195678       2.35789396       1.60353360
819          9.34979800       5.32823509       2.45733201       1.56423090
820          9.37383258       5.25487448       2.53445372       1.58450438
821          9.59453005       5.23054698       2.67428216       1.68970091
822          9.83236020       5.18972189       2.83170165       1.81093667
823         10.03711956       5.21697723       2.91931075       1.90083159
824         10.27025228       5.39580044       2.95395069       1.92050115
825         10.40982120       5.60544382       2.95714539       1.84723199
826         10.36962059       5.67222633       2.95120638       1.74618787
827         10.22027221       5.60484095       2.95762990       1.65780135
828         10.15307528       5.58848446       2.93227619       1.63231463
829         10.18763685       5.77077609       2.81252615       1.60433461
830         10.35443694       6.06831177       2.72602567       1.56009950
831         10.57057467       6.32122507       2.72839412       1.52095548
832         10.71383580       6.42176879       2.78204603       1.51002098
833         10.72826866       6.45917284       2.82787307       1.44122275
834         10.58061609       6.53649174       2.80522338       1.23890096
835         10.43335965       6.68675981       2.75071635       0.99588349
836         10.51232812       6.90056999       2.73937921       0.87237892
837         10.76900398       7.10230746       2.76636377       0.90033276
838         11.10342740       7.33904824       2.82000379       0.94437538
839         11.47985133       7.68810169       2.86886579       0.92288385
840         11.80961070       8.05171775       2.87679822       0.88109472
841         12.15330727       8.33606352       2.95451518       0.86272857
842         12.50783176       8.60320132       3.07778975       0.82684069
843         12.72609737       8.88199884       3.09506964       0.74902889
844         12.76323095       9.18337404       2.92178290       0.65807401
845         12.84512152       9.58080669       2.67894241       0.58537242
846         13.08362091      10.10861450       2.45766112       0.51734529
847         13.36617859      10.61794868       2.30548885       0.44274106
848         13.45154071      10.80078962       2.26244532       0.38830577
849         13.31549911      10.75348509       2.20775626       0.35425777
850         13.50547998      11.01871557       2.14724629       0.33951813
851         13.90579229      11.51648451       2.08225725       0.30705053
852         14.30117524      12.00102183       2.03939446       0.26075895
853         14.49695141      12.26802841       1.99549258       0.23343042
854         14.52432343      12.31282428       2.01285216       0.19864699
855         14.50168395      12.32837790       2.01051094       0.16279512
856         14.57430569      12.47805711       1.95938472       0.13686385
857         14.49991490      12.57156443       1.81600843       0.11234204
858         14.26232352      12.55294176       1.62579007       0.08359170
859         14.00286594      12.47501623       1.46995600       0.05789371
860         13.75060507      12.35653880       1.35569956       0.03836671
861         13.41092123      12.10916206       1.27321793       0.02854124
862         13.16791211      11.89779480       1.23452201       0.03559530
863         13.24424958      11.90682241       1.27429392       0.06313324
864         13.53735720      12.09616430       1.33137169       0.10982121
865         13.78984241      12.31911476       1.30225249       0.16847515
866         13.94544060      12.51692533       1.20967902       0.21883624
867         13.93948427      12.56021768       1.11701066       0.26225594
868         13.72228980      12.37704541       1.06317787       0.28206652
869         13.49916150      12.23509391       0.99985459       0.26421300
870         13.29256201      12.18786795       0.87600435       0.22868971
871         13.11245521      12.16726165       0.76247840       0.18271516
872         12.96505914      12.09562272       0.70203069       0.16740572
873         12.97261673      12.15951959       0.62170847       0.19138867
874         13.18412040      12.42640806       0.51689179       0.24082056
875         13.46552332      12.71856687       0.43990990       0.30704655
876         13.86848133      13.08267345       0.40462368       0.38118420
877         14.22871066      13.39454514       0.39666258       0.43750295
878         14.47947847      13.63775747       0.39436878       0.44735223
879         14.64977711      13.81508870       0.38763710       0.44705131
880         14.86160538      14.04890961       0.37352433       0.43917144
881         15.02296750      14.28242754       0.32530200       0.41523796
882         15.05588187      14.40455182       0.26155636       0.38977369
883         15.07885871      14.47721949       0.22663491       0.37500430
884         15.24656249      14.59707659       0.23561227       0.41387363
885         15.52818455      14.74917188       0.26831084       0.51070183
886         15.68232503      14.75558700       0.31208285       0.61465518
887         15.68955644      14.62949076       0.37883363       0.68123205
888         15.63381311      14.45132865       0.44496385       0.73752061
889         15.61610080      14.38098084       0.44728899       0.78783097
890         15.76209761      14.56919502       0.38059083       0.81231177
891         15.81201227      14.71181033       0.31019154       0.79001040
892         15.79021808      14.74346289       0.30159227       0.74516293
893         15.68309663      14.61023935       0.32308985       0.74976743
894         15.74189681      14.55298378       0.35676810       0.83214493
895         15.94152322      14.61150916       0.41180025       0.91821382
896         16.07449487      14.64334658       0.48041754       0.95073075
897         15.94618558      14.48483287       0.51747936       0.94387336
898         15.62704596      14.20630153       0.49593527       0.92480915
899         15.43368539      14.05497363       0.45135857       0.92735319
900         15.35364059      14.04153190       0.39429572       0.91781297
901         15.22415790      14.03654706       0.33637448       0.85123636
902         14.85839641      13.86195367       0.26391100       0.73253174
903         14.52094714      13.65272519       0.20241869       0.66580325
904         14.40459259      13.51236866       0.19655799       0.69566594
905         14.53739362      13.50338261       0.25235960       0.78165141
906         14.69461110      13.48506503       0.33302957       0.87651650
907         14.77859153      13.46122353       0.38077176       0.93659625
908         14.83613301      13.47326964       0.38690438       0.97595900
909         14.86224153      13.49869800       0.36096411       1.00257942
910         14.98788350      13.64197593       0.32634090       1.01956667
911         15.24325416      13.90975400       0.29460528       1.03889488
912         15.42782142      14.13725686       0.25416539       1.03639917
913         15.14399220      13.96130506       0.19918701       0.98350013
914         14.55276842      13.50045683       0.15400897       0.89830262
915         14.10353535      13.09679042       0.12129785       0.88544709
916         13.94227016      12.85300755       0.10723994       0.98202267
917         13.81321297      12.54701117       0.13225064       1.13395116
918         13.70979385      12.27270213       0.19992948       1.23716224
919         13.62962442      12.10674029       0.28189207       1.24099206
920         13.56543960      12.05634096       0.31818977       1.19090887
921         13.66703993      12.19107580       0.32950164       1.14646250
922         13.83845117      12.41683196       0.33285038       1.08876883
923         13.88079297      12.57583849       0.31297790       0.99197658
924         13.61672426      12.49859257       0.25752131       0.86061037
925         13.24639957      12.29151614       0.20455780       0.75032564
926         13.04464225      12.11134435       0.18404146       0.74925644
927         13.15039608      12.14887658       0.19968781       0.80183169
928         13.29186353      12.21358329       0.23947896       0.83880128
929         13.34109018      12.20852090       0.30093739       0.83163188
930         13.47212239      12.28478281       0.37509797       0.81224161
931         13.85458926      12.56589233       0.48581805       0.80287888
932         14.30820686      12.95168569       0.59209821       0.76442296
933         14.68864988      13.38780014       0.60297030       0.69787944
934         14.96783971      13.81148030       0.50885137       0.64750804
935         15.28874960      14.19410530       0.42772874       0.66691556
936         15.66894261      14.49731082       0.42466966       0.74696213
937         15.93396812      14.61886641       0.46391455       0.85118716
938         16.15592569      14.73288735       0.50050623       0.92253211
939         16.49658341      14.99029815       0.53157924       0.97470602
940         16.92060959      15.36757736       0.56238620       0.99064604
941         17.04412212      15.54236748       0.53763226       0.96412239
942         16.85293223      15.46815210       0.47683134       0.90794879
943         16.76865445      15.46768668       0.42761108       0.87335669
944         16.99582180      15.71107283       0.40799036       0.87675861
945         17.28921300      15.96957240       0.38754985       0.93209075
946         17.48906943      16.11171079       0.33803408       1.03932457
947         17.62256172      16.24107482       0.27349559       1.10799131
948         17.56174724      16.26715888       0.20855959       1.08602877
949         17.46325532      16.26246766       0.17495163       1.02583603
950         17.35565505      16.21913095       0.16695521       0.96956888
951         17.22847268      16.15600483       0.17223704       0.90023081
952         17.03682671      15.98841554       0.18084573       0.86756544
953         16.71107934      15.64309050       0.19378355       0.87420529
954         16.35382719      15.21887301       0.20372708       0.93122710
955         16.03083719      14.87367294       0.20452061       0.95264364
956         15.80785371      14.76237720       0.17992876       0.86554775
957         15.63741691      14.73710092       0.15383552       0.74648047
958         15.36304535      14.61030081       0.14955715       0.60318740
959         14.97979950      14.34345632       0.14557341       0.49076977
960         14.69417694      14.12485670       0.14531924       0.42400100
961         14.72606021      14.15334863       0.17078354       0.40192804
962         15.02769349      14.40888012       0.22318902       0.39562436
963         15.32665463      14.65118662       0.27886801       0.39660000
964         15.51648409      14.79396553       0.33482806       0.38769049
965         15.62413763      14.85610920       0.39740558       0.37062284
966         15.68666157      14.86859125       0.43000328       0.38806705
967         15.81505597      14.96615030       0.43295200       0.41595368
968         15.99856661      15.12482362       0.44165037       0.43209262
969         16.17395952      15.30176295       0.46379848       0.40839809
970         16.16701235      15.34761663       0.46218064       0.35721507
971         16.00993872      15.25426823       0.45100798       0.30466251
972         15.85512542      15.14726375       0.45026827       0.25759340
973         15.76955279      15.08917407       0.45197567       0.22840304
974         15.77203278      15.09424856       0.45119838       0.22658584
975         15.95958919      15.26749780       0.46610303       0.22598835
976         16.31769746      15.64976977       0.48424540       0.18368229
977         16.67337361      16.05726523       0.49718550       0.11892288
978         16.87865846      16.30292140       0.50627266       0.06946440
979         17.04222371      16.45243532       0.53718634       0.05260204
980         17.23037722      16.58001609       0.59122451       0.05913662
981         17.53157081      16.79981181       0.65044127       0.08131773
982         17.88596737      17.10111193       0.67802041       0.10683503
983         18.37412053      17.57173612       0.67087203       0.13151238
984         18.92356473      18.05781434       0.69976496       0.16598543
985         19.47232591      18.47665916       0.78866150       0.20700524
986         19.99114109      18.86359845       0.87794048       0.24960216
987         20.58985415      19.41314328       0.90389913       0.27281175
988         21.04751491      19.91788343       0.83230744       0.29732404
989         21.14376066      20.09022540       0.72204126       0.33149400
990         21.09773763      20.08447943       0.63230350       0.38095469
991         21.25635460      20.24446547       0.58078434       0.43110479
992         21.71178909      20.67149263       0.56472072       0.47557574
993         22.22871716      21.14854222       0.55383629       0.52633866
994         22.51383932      21.40078918       0.53125100       0.58179914
995         22.53499477      21.40857367       0.50442731       0.62199379
996         22.56204285      21.45957429       0.47837842       0.62409014
997         22.61119023      21.56291620       0.45818189       0.59009214
998         22.65758912      21.66933912       0.46683161       0.52141839
999         22.67898235      21.75362014       0.48277703       0.44258518
1000        22.82592811      21.97622461       0.48402406       0.36567943
