1            1.10722111       2.81813063      -0.27341009
2            1.13943996       2.77547505      -0.28330857
3            1.17451257       2.74058461      -0.26953182
4            1.20070987       2.73427650      -0.25425417
5            1.21348103       2.74668834      -0.24350754
6            1.21262186       2.77897387      -0.23492743
7            1.21260863       2.81687802      -0.20442220
8            1.22212872       2.86020871      -0.14823512
9            1.22289177       2.88004253      -0.06757547
10           1.22409679       2.88339653       0.01440749
11           1.24071271       2.88061809       0.08462480
12           1.25732634       2.89501606       0.13154397
13           1.27005969       2.92816908       0.15588448
14           1.26974547       2.96601445       0.13201538
15           1.26623785       3.00816467       0.05410471
16           1.27481999       3.04085767      -0.03340708
17           1.31411828       3.02215611      -0.10047049
18           1.36036302       2.95046600      -0.13258292
19           1.36793521       2.89029324      -0.14326597
20           1.33639936       2.85436317      -0.14063502
21           1.30068682       2.83365934      -0.14107139
22           1.29671430       2.83055378      -0.14039173
23           1.32201482       2.86319046      -0.13681285
24           1.34673631       2.92710432      -0.14091570
25           1.34263968       2.99316546      -0.13554924
26           1.31916683       3.04136819      -0.12156223
27           1.29834278       3.08339747      -0.10478821
28           1.28577891       3.12182488      -0.07208137
29           1.28741269       3.12872867      -0.01178397
30           1.29208169       3.08315560       0.04537045
31           1.26418825       3.00064699       0.07101370
32           1.20730979       2.94240057       0.08045413
33           1.15470385       2.93543295       0.10762820
34           1.13065069       2.97822217       0.17512720
35           1.10474849       3.02721143       0.24066029
36           1.03619885       3.05784681       0.28272305
37           0.94433665       3.07665501       0.30659251
38           0.88221190       3.08502538       0.33048035
39           0.86414414       3.06486502       0.36067889
40           0.86866439       3.05113810       0.38252544
41           0.85897838       3.08582654       0.37885347
42           0.84965543       3.16037965       0.35243184
43           0.84085758       3.25114218       0.34752074
44           0.81280879       3.34271513       0.39356114
45           0.76368223       3.43505487       0.49356523
46           0.69559452       3.50661694       0.59290343
47           0.61366833       3.54774061       0.66497867
48           0.56579667       3.52386518       0.70354766
49           0.57323682       3.44683587       0.72648443
50           0.61453504       3.39020366       0.72774650
51           0.67788344       3.37395895       0.69560468
52           0.74012723       3.37996838       0.67613470
53           0.80354462       3.40691614       0.68374458
54           0.86810040       3.46215912       0.72521550
55           0.91218408       3.53103820       0.76948330
56           0.93934040       3.61179061       0.78948229
57           0.96465594       3.70055523       0.78698093
58           0.98427808       3.77302179       0.79777614
59           1.00237071       3.81836776       0.82858075
60           1.03856367       3.85363558       0.86738788
61           1.09864051       3.88129316       0.86929235
62           1.16852644       3.90406278       0.84485266
63           1.22565026       3.93012903       0.83287273
64           1.27572621       3.98219053       0.84019544
65           1.33425014       4.08284982       0.85715985
66           1.37211401       4.19247832       0.85931710
67           1.38504385       4.27447524       0.85737982
68           1.37974737       4.31092374       0.85018186
69           1.35241251       4.30071424       0.84692485
70           1.30330884       4.25403980       0.81822531
71           1.24011620       4.18659692       0.76109427
72           1.17945211       4.10830258       0.70423600
73           1.11090993       4.04390937       0.66697482
74           1.04151391       4.01714684       0.64604681
75           0.96928330       4.02215795       0.61205596
76           0.89410730       4.05163631       0.55167809
77           0.84920206       4.07405159       0.47957653
78           0.82101118       4.09892373       0.42950945
79           0.76921709       4.12934881       0.41831128
80           0.71839960       4.16800183       0.42024852
81           0.68759826       4.18437902       0.41704517
82           0.69443358       4.15092655       0.37881360
83           0.71854420       4.07886498       0.32568692
84           0.71570160       4.03001301       0.30437773
85           0.68762543       4.03077640       0.31288646
86           0.65661480       4.03536212       0.32784897
87           0.63975651       4.01421962       0.32184386
88           0.65301493       3.98350205       0.30743373
89           0.69749332       3.96652597       0.30139840
90           0.76006742       3.96039945       0.30964274
91           0.82235245       3.95806832       0.33645377
92           0.86132773       3.96628660       0.39768014
93           0.90183741       3.98708187       0.48530927
94           0.95054565       3.99831016       0.55591646
95           1.00202737       3.99537128       0.55668016
96           1.07265523       3.99432396       0.49594101
97           1.14637553       4.00098640       0.40847386
98           1.19381498       4.00678727       0.33174845
99           1.21874829       4.01930581       0.30610413
100          1.24308102       4.05766997       0.33310843
101          1.26959330       4.11224077       0.37017857
102          1.29067286       4.16328762       0.38832905
103          1.30687055       4.17923688       0.40145897
104          1.33096623       4.15845574       0.39723214
105          1.36778469       4.10960672       0.36513582
106          1.40373646       4.04559989       0.31348890
107          1.43092431       4.00895017       0.27992322
108          1.45147470       4.00528115       0.30085370
109          1.46436863       4.01537874       0.35713868
110          1.45065371       4.00498370       0.43191632
111          1.42394849       3.99370074       0.50367305
112          1.42639284       3.97905023       0.56027960
113          1.47115722       3.94630823       0.58594302
114          1.52970879       3.89377653       0.58450904
115          1.55993921       3.85420438       0.57978014
116          1.57458003       3.85735060       0.57860691
117          1.56511771       3.88596742       0.56495757
118          1.54814515       3.91698113       0.53354468
119          1.55684757       3.93172441       0.53645518
120          1.59770448       3.94171185       0.60735646
121          1.66191044       3.93834656       0.69310823
122          1.70829807       3.92368841       0.71485911
123          1.74811405       3.90929809       0.67766386
124          1.78421911       3.89477049       0.62708280
125          1.81594427       3.87726031       0.58246322
126          1.85248621       3.86123426       0.54992215
127          1.91007716       3.85426614       0.53051562
128          1.95203788       3.84076900       0.51845801
129          1.96492755       3.82491454       0.51542847
130          1.96389890       3.80981913       0.53805310
131          1.96650075       3.82250550       0.59390333
132          1.98662788       3.85234044       0.69181038
133          2.01869309       3.89812072       0.81384209
134          2.06020797       3.94245467       0.92506018
135          2.09674738       3.96388430       0.98363084
136          2.12409786       3.97109300       0.96960546
137          2.12332437       3.96471491       0.90746782
138          2.11324729       3.92412966       0.84704813
139          2.11053063       3.87222684       0.82294852
140          2.10835865       3.85804636       0.87278940
141          2.09554487       3.85986614       0.97301260
142          2.06663400       3.85897048       1.07217634
143          2.03982276       3.85939365       1.13983932
144          2.03354102       3.87063433       1.18192040
145          2.04493064       3.89803340       1.22435353
146          2.05278021       3.94363847       1.26981271
147          2.06825774       4.00348677       1.28760632
148          2.08499788       4.07445082       1.25325176
149          2.10152142       4.13603371       1.17721427
150          2.10853962       4.16772275       1.12302115
151          2.11532085       4.16923879       1.13232713
152          2.14308899       4.15008191       1.18295253
153          2.17250333       4.12233032       1.20650905
154          2.17543348       4.10014977       1.17797958
155          2.14876534       4.09552724       1.13391103
156          2.11404158       4.10281307       1.09621520
157          2.10121523       4.10500519       1.07044707
158          2.10414446       4.09841160       1.07364512
159          2.10104542       4.07612376       1.08706428
160          2.11904905       4.05914898       1.07849349
161          2.14999940       4.02702257       1.03239771
162          2.19171555       3.99093852       0.98507762
163          2.21356377       3.96035746       0.97370321
164          2.20910937       3.94497306       0.99101786
165          2.18442700       3.94393030       0.99818241
166          2.15253982       3.96080343       0.98024734
167          2.13249503       3.99216150       0.94426528
168          2.12186476       4.01785264       0.89969674
169          2.14122152       3.99876317       0.85323842
170          2.17451265       3.92816166       0.82248258
171          2.20404715       3.84575543       0.81070520
172          2.21186235       3.78449797       0.82355558
173          2.19890300       3.76278508       0.83917983
174          2.17231424       3.76422219       0.84094759
175          2.12803129       3.77728117       0.85032848
176          2.08481015       3.78827157       0.88770139
177          2.04937352       3.77117870       0.94671868
178          2.04277552       3.72353800       1.00453294
179          2.09371609       3.68317526       1.05707107
180          2.20913079       3.66399572       1.10015748
181          2.33364985       3.65718985       1.13108177
182          2.42566228       3.65869852       1.13372385
183          2.47906484       3.65466792       1.12303404
184          2.48844540       3.63945627       1.11260271
185          2.45712064       3.62445776       1.12289386
186          2.39544413       3.62015510       1.14142264
187          2.33360793       3.61015109       1.14797540
188          2.27892187       3.56682983       1.15560953
189          2.21339809       3.49251059       1.17090271
190          2.15106034       3.42832236       1.16845151
191          2.12854309       3.38882871       1.13463607
192          2.15956751       3.37823501       1.11660296
193          2.21850008       3.36803058       1.14646556
194          2.28194424       3.36487606       1.21858685
195          2.33266331       3.37387928       1.28522185
196          2.35292718       3.37566410       1.30574153
197          2.30782710       3.34362137       1.27689071
198          2.22616336       3.28379880       1.24183869
199          2.12889333       3.24060324       1.21223740
200          2.06737681       3.21405596       1.22054646
201          2.05205828       3.20574957       1.26467829
202          2.06841407       3.21179032       1.30919812
203          2.08826006       3.24457859       1.31408495
204          2.07172401       3.30112986       1.26849548
205          2.02873737       3.38198428       1.19501051
206          1.98425551       3.45744457       1.12385422
207          1.93406427       3.50893458       1.09789231
208          1.88875047       3.52354163       1.12421809
209          1.85348650       3.49508727       1.19055793
210          1.83238254       3.47040722       1.24947648
211          1.83615204       3.47761864       1.28955171
212          1.85917842       3.50036882       1.29337971
213          1.88583047       3.50282931       1.28034113
214          1.90968555       3.49362831       1.26596486
215          1.95828644       3.49792706       1.24103871
216          2.01712448       3.53051003       1.21579029
217          2.06365493       3.56024742       1.19862516
218          2.08693134       3.54959011       1.19361747
219          2.10357388       3.50030480       1.20187918
220          2.13140021       3.45241425       1.22645731
221          2.19165885       3.43954487       1.25438880
222          2.26691640       3.46204980       1.28545814
223          2.32486319       3.49763527       1.32288604
224          2.34660090       3.52640684       1.35909853
225          2.35863845       3.53629412       1.37531691
226          2.36523256       3.53262953       1.37634116
227          2.36899951       3.51977408       1.36889564
228          2.38369692       3.45496262       1.35822191
229          2.39443201       3.34210482       1.36622277
230          2.39013566       3.23146151       1.39590945
231          2.38117996       3.17771705       1.44035942
232          2.37828059       3.15950091       1.49621177
233          2.38057463       3.14119361       1.56244930
234          2.38918228       3.12064028       1.62581139
235          2.40696913       3.08382495       1.68186998
236          2.43113760       3.02262050       1.72926401
237          2.45062340       2.94259004       1.77761574
238          2.45316833       2.88186412       1.80096385
239          2.43559720       2.84903672       1.79977203
240          2.39773654       2.82986238       1.80080875
241          2.33794238       2.80361850       1.83315326
242          2.27503347       2.78075907       1.87403400
243          2.23478731       2.79357380       1.87153850
244          2.23656896       2.83978713       1.80179575
245          2.26269279       2.88581587       1.70970887
246          2.29529691       2.90326419       1.66593096
247          2.32888257       2.89351562       1.66460281
248          2.34325601       2.84467712       1.65610227
249          2.33902340       2.79430271       1.60189211
250          2.33671540       2.77646260       1.51965486
251          2.34188549       2.78881915       1.44118906
252          2.32357021       2.79795676       1.38054220
253          2.28748826       2.79345964       1.31895034
254          2.28581122       2.79147168       1.25395226
255          2.33336425       2.81204452       1.18914774
256          2.39158759       2.84238732       1.13561633
257          2.42467576       2.85078700       1.11977103
258          2.44362704       2.85951239       1.10142352
259          2.45401439       2.87553241       1.06115151
260          2.42859756       2.88884737       0.98965626
261          2.38697037       2.90191512       0.91702646
262          2.34018788       2.91950923       0.85790410
263          2.29570029       2.95089537       0.79299650
264          2.26330879       2.97895769       0.71498063
265          2.25978895       2.99406561       0.65344072
266          2.28439249       3.01383307       0.64544675
267          2.31592236       3.06151947       0.64853056
268          2.32736913       3.12338697       0.62387224
269          2.30513435       3.18892391       0.55911379
270          2.28372976       3.24880956       0.49001406
271          2.27238607       3.30705477       0.44874832
272          2.26392669       3.35454221       0.43830340
273          2.27426347       3.41036053       0.43023036
274          2.31849775       3.49352264       0.41684342
275          2.38602517       3.58055231       0.41040642
276          2.43301786       3.64165333       0.40146220
277          2.44185372       3.64996558       0.38676149
278          2.43966431       3.64419473       0.36555110
279          2.45980424       3.64772230       0.33821579
280          2.49497092       3.65222266       0.30543339
281          2.54076011       3.64500155       0.26388497
282          2.58875518       3.64459412       0.20964394
283          2.64200484       3.67637851       0.13903991
284          2.66928889       3.73256401       0.07461782
285          2.65034852       3.77411375       0.04454332
286          2.61938571       3.77764658       0.05013708
287          2.61989573       3.77822798       0.08399994
288          2.67388382       3.79720453       0.13798361
289          2.71800083       3.84659703       0.19203848
290          2.74075032       3.89744981       0.22181417
291          2.74621746       3.92797575       0.25368466
292          2.72686344       3.95795486       0.27432622
293          2.65369333       4.00384348       0.27418797
294          2.57350675       4.03840929       0.27759542
295          2.52950932       4.06960772       0.29686376
296          2.50833247       4.08350102       0.30574235
297          2.48744968       4.08220046       0.29439152
298          2.49991053       4.09618467       0.26999332
299          2.54133541       4.13198470       0.25379232
300          2.56215241       4.16405063       0.24917274
301          2.55555494       4.17238917       0.23565504
302          2.53676249       4.15330149       0.20664539
303          2.51161028       4.14596366       0.18412647
304          2.48751805       4.16406689       0.16616845
305          2.45895886       4.19231403       0.14554735
306          2.41601000       4.22929557       0.11968600
307          2.35552679       4.27379350       0.09847105
308          2.29249041       4.31558484       0.09793274
309          2.24107162       4.33352014       0.09514152
310          2.19497493       4.31400600       0.08611853
311          2.16435545       4.26643891       0.09213183
312          2.15334376       4.22418764       0.10504841
313          2.16464353       4.21095857       0.08828178
314          2.17676690       4.22010188       0.01454218
315          2.16815560       4.22606233      -0.07638936
316          2.13945958       4.22774730      -0.13855130
317          2.13117801       4.24127545      -0.16453495
318          2.14862053       4.26811447      -0.16923283
319          2.15579173       4.27665586      -0.13979545
320          2.14764545       4.27795193      -0.08648918
321          2.14314308       4.28855959      -0.03648022
322          2.16950088       4.30205595       0.02150850
323          2.21005671       4.29014381       0.06930237
324          2.23029065       4.22575679       0.07973264
325          2.22399540       4.16232509       0.04534770
326          2.21135478       4.12586422       0.00179731
327          2.20668047       4.10761709      -0.03682031
328          2.20298245       4.07999721      -0.05229470
329          2.19888532       4.04018379      -0.04311005
330          2.18255276       4.01996862      -0.01622997
331          2.15507256       4.01245610       0.01377204
332          2.13439072       4.00116699       0.03288772
333          2.13524265       3.97839950       0.04658462
334          2.14491135       3.96341139       0.05094432
335          2.15411447       3.95220364       0.05355086
336          2.15029370       3.95877753       0.02188270
337          2.13647105       3.99257825      -0.05541253
338          2.13025122       4.04931114      -0.14547316
339          2.14424598       4.06160774      -0.21512388
340          2.17934293       4.00695086      -0.23833316
341          2.20921865       3.91806351      -0.20270662
342          2.23421517       3.83595262      -0.13465879
343          2.23937098       3.79430441      -0.08746734
344          2.22563305       3.79617293      -0.06017994
345          2.20078344       3.82179359      -0.03753749
346          2.17326516       3.83413617      -0.01376837
347          2.12656816       3.82006934      -0.00098892
348          2.06405562       3.79800213      -0.00796065
349          2.00124857       3.78373376      -0.01885443
350          1.93272856       3.77928177      -0.02081026
351          1.87123326       3.76996340       0.00039102
352          1.81158886       3.75325235       0.01334449
353          1.77060205       3.74502889       0.01635795
354          1.72772040       3.74659353       0.00904872
355          1.67258205       3.73179098       0.01836932
356          1.60806052       3.71743146       0.05269515
357          1.58048363       3.73992893       0.09850522
358          1.59385592       3.79782683       0.15455599
359          1.61519526       3.87869193       0.21353389
360          1.61590718       3.97279574       0.28004581
361          1.57874376       4.06101037       0.33566357
362          1.52080707       4.12552830       0.35475157
363          1.45791991       4.17218003       0.34382252
364          1.42500020       4.21323715       0.31722915
365          1.42132077       4.23064598       0.28167572
366          1.45599863       4.24177119       0.22957985
367          1.51110468       4.28440747       0.16258232
368          1.57785137       4.34874595       0.09494798
369          1.63797748       4.39308590       0.05219848
370          1.68784911       4.39284500       0.05232216
371          1.72196911       4.37212466       0.07461872
372          1.73113864       4.34545773       0.09255182
373          1.74667291       4.31686109       0.09777240
374          1.76470446       4.27296517       0.07079513
375          1.78832885       4.21554373       0.01302984
376          1.81471687       4.16114758      -0.04642195
377          1.86349655       4.11407787      -0.07410795
378          1.93305356       4.08196117      -0.07362179
379          1.99830509       4.06533701      -0.07377498
380          2.03601554       4.07527130      -0.07066089
381          2.03279000       4.07901736      -0.06117494
382          1.98297748       4.04275805      -0.04328979
383          1.88696312       3.96728183      -0.04045252
384          1.76816230       3.88524831      -0.03168149
385          1.65450872       3.83563340      -0.01970338
386          1.59293591       3.84313920      -0.02057912
387          1.59271576       3.85476182      -0.03178536
388          1.61792904       3.82650827      -0.01980926
389          1.63028417       3.79692583       0.01677755
390          1.63902911       3.78996483       0.05864807
391          1.64498552       3.81533761       0.09566274
392          1.63437290       3.83506148       0.10305992
393          1.59414614       3.84357149       0.09830619
394          1.54273737       3.86229484       0.08418453
395          1.51437768       3.88296230       0.07364241
396          1.51596533       3.87875784       0.06346125
397          1.54260884       3.87045838       0.04770191
398          1.58793624       3.88211633       0.02645666
399          1.64640629       3.90577929       0.01952932
400          1.70262096       3.93363512       0.02821743
401          1.73321880       3.96391164       0.03498356
402          1.73392379       3.98354180       0.04029627
403          1.71949436       3.99271806       0.03321479
404          1.70220032       4.00004278       0.00532022
405          1.71808505       4.01641972      -0.04319682
406          1.74871141       4.07307898      -0.08099108
407          1.79775240       4.15792380      -0.09627385
408          1.84414083       4.21509995      -0.11196079
409          1.87187062       4.22327982      -0.14361059
410          1.89637012       4.19294462      -0.14967653
411          1.93871362       4.16996829      -0.11662368
412          1.98864117       4.18518477      -0.07584333
413          2.00764955       4.23519631      -0.06522667
414          1.97386094       4.27589052      -0.07466331
415          1.92109678       4.29158589      -0.07969014
416          1.87577211       4.29759885      -0.07491260
417          1.84012799       4.32554748      -0.04576991
418          1.83083768       4.36448901       0.01758161
419          1.85431957       4.39710097       0.10185469
420          1.87934943       4.41421723       0.15139515
421          1.87983310       4.42086328       0.15946611
422          1.87949033       4.44421539       0.14926712
423          1.88088159       4.47895600       0.14531774
424          1.86820120       4.51867821       0.15430349
425          1.85495293       4.55643831       0.15911795
426          1.84290684       4.58657456       0.18926420
427          1.81678066       4.60325332       0.25563838
428          1.78249103       4.60689353       0.33991321
429          1.75214598       4.60674542       0.42287260
430          1.72238139       4.60745848       0.51407991
431          1.71009362       4.62850910       0.61966318
432          1.72084110       4.66377222       0.70951631
433          1.72839745       4.69465106       0.76402932
434          1.71960019       4.71381766       0.80204326
435          1.70675642       4.73001011       0.83774898
436          1.71047188       4.76037526       0.87843034
437          1.72439997       4.79180233       0.90594183
438          1.71844886       4.79340975       0.93787618
439          1.71313165       4.76702300       0.98110767
440          1.72532933       4.73667472       1.02726315
441          1.73245531       4.70606736       1.06657523
442          1.73123650       4.67244060       1.08729112
443          1.73527739       4.63467166       1.09154394
444          1.74419914       4.59793412       1.08415777
445          1.76632865       4.57491682       1.07442145
446          1.78478391       4.56871581       1.07579940
447          1.79818634       4.55488825       1.10588762
448          1.80673773       4.54223307       1.13873652
449          1.82601529       4.54443773       1.17197457
450          1.84967970       4.57038406       1.20730400
451          1.87855767       4.60787975       1.24408130
452          1.89892685       4.64739101       1.26484538
453          1.91445175       4.67902087       1.25674435
454          1.92342298       4.69305915       1.23473504
455          1.91559299       4.69653116       1.22261779
456          1.89799854       4.71365210       1.24741516
457          1.87264614       4.75302309       1.29799121
458          1.84710513       4.80324737       1.33586218
459          1.81677869       4.83788104       1.35879301
460          1.79738104       4.82885748       1.35966167
461          1.78686420       4.80342694       1.32203542
462          1.78785955       4.79473085       1.27407861
463          1.77617110       4.80176069       1.26056029
464          1.75985862       4.78952294       1.28837945
465          1.75931276       4.75639081       1.32759348
466          1.78594062       4.73630397       1.34630340
467          1.82889635       4.74466174       1.36314685
468          1.86948886       4.76681423       1.39659139
469          1.92745907       4.78871734       1.45036672
470          2.01587436       4.80341545       1.49599319
471          2.14693154       4.80653153       1.50818474
472          2.28208753       4.80410259       1.48974113
473          2.39797889       4.79765916       1.45570146
474          2.48623506       4.77300198       1.45118645
475          2.55068893       4.72815597       1.48147140
476          2.59856044       4.68085922       1.51761435
477          2.62835476       4.64055612       1.54294630
478          2.66507067       4.59073167       1.56488936
479          2.71555859       4.53205611       1.58997016
480          2.79138181       4.47919104       1.61879127
481          2.86365841       4.45913964       1.63900479
482          2.91422069       4.44980280       1.65747958
483          2.94373071       4.41128555       1.68389559
484          2.96576009       4.36847734       1.69269948
485          3.01287256       4.32661193       1.69614086
486          3.06004511       4.29225479       1.71695253
487          3.08660379       4.30246801       1.76932275
488          3.09245389       4.33491977       1.82142728
489          3.12577242       4.38140920       1.85274934
490          3.19687320       4.43090018       1.87679348
491          3.28895317       4.46787672       1.90834520
492          3.33224884       4.49958907       1.92875407
493          3.32050728       4.50748823       1.93578424
494          3.30030669       4.48035466       1.92826090
495          3.28397299       4.42893764       1.89664161
496          3.27881498       4.38068291       1.84977426
497          3.30683760       4.34138178       1.80543300
498          3.35483931       4.30545976       1.78890696
499          3.38055140       4.28755972       1.79189923
500          3.35478935       4.29582433       1.81058606
501          3.29896789       4.32972319       1.84812095
502          3.24772799       4.37758123       1.88485525
503          3.23181495       4.41619568       1.91462259
504          3.23659776       4.45481984       1.96293889
505          3.25647833       4.51288607       2.02609858
506          3.29897159       4.56310497       2.07353234
507          3.33537937       4.57099024       2.06048510
508          3.34401540       4.53592287       1.99485713
509          3.32408724       4.49017934       1.94131381
510          3.30756257       4.46399558       1.91388762
511          3.30755658       4.46143860       1.91165231
512          3.32464669       4.49157122       1.94317547
513          3.33431953       4.54828850       1.99983482
514          3.33005164       4.60061551       2.05471487
515          3.31052568       4.65658346       2.09651767
516          3.29329671       4.71229948       2.13113420
517          3.29904026       4.75647350       2.16034639
518          3.29336709       4.77709612       2.16241942
519          3.26956222       4.75457533       2.12792907
520          3.25434219       4.67991452       2.08493949
521          3.25604540       4.59349063       2.05401861
522          3.25795967       4.54745788       2.04913988
523          3.28312440       4.52737823       2.09197843
524          3.31181234       4.53617629       2.15586384
525          3.30993875       4.55513746       2.22657253
526          3.28442556       4.57344279       2.27950513
527          3.26795072       4.58656998       2.31298297
528          3.26842927       4.60132379       2.32433254
529          3.28576146       4.59579569       2.32074242
530          3.33454347       4.57115777       2.30235211
531          3.41313860       4.52733716       2.25772184
532          3.48519116       4.49527906       2.21963213
533          3.51482343       4.47400235       2.20599625
534          3.52545237       4.45928326       2.22764220
535          3.56861693       4.46210248       2.26951766
536          3.65576602       4.49527665       2.31598509
537          3.75290594       4.55744440       2.35773571
538          3.81007262       4.59446057       2.38332527
539          3.83660822       4.57802786       2.36887064
540          3.84046220       4.52329248       2.31823627
541          3.82943094       4.49429659       2.25339810
542          3.80478647       4.49710814       2.19595752
543          3.80184473       4.54187080       2.16376657
544          3.83046608       4.60832055       2.16938525
545          3.88223014       4.67293458       2.18424084
546          3.93122242       4.74086243       2.20117931
547          3.93185763       4.78039051       2.24121004
548          3.91398960       4.77571222       2.29470269
549          3.92589355       4.73409775       2.34246067
550          3.97901690       4.70594761       2.36910012
551          4.04944936       4.69652161       2.39582670
552          4.12594106       4.72007776       2.43110945
553          4.21259247       4.75741933       2.48571210
554          4.29333077       4.77180459       2.55060193
555          4.34665826       4.76235384       2.59226034
556          4.38274661       4.76255172       2.61031499
557          4.43959618       4.78457715       2.62828122
558          4.49827004       4.81948139       2.64523095
559          4.52492269       4.85918939       2.64658584
560          4.51215533       4.90658390       2.65005657
561          4.48339369       4.93733043       2.66058043
562          4.46668995       4.93220722       2.68436819
563          4.45523722       4.90439528       2.70379868
564          4.43598369       4.89136916       2.69777547
565          4.40487259       4.90067024       2.65947012
566          4.37152588       4.93347409       2.62339414
567          4.33513426       4.97495176       2.60329909
568          4.28451560       5.01058474       2.59391626
569          4.20035536       5.03234336       2.58420320
570          4.08847616       5.02697420       2.55646960
571          3.99858893       5.00162608       2.53679338
572          3.98279503       4.98702433       2.52143108
573          3.98854361       5.00029724       2.51001065
574          3.97155068       5.03234623       2.52979972
575          3.95238294       5.05465797       2.56816531
576          3.92919981       5.05414013       2.57766421
577          3.88700093       5.03665126       2.57896629
578          3.82797115       5.02426874       2.58042146
579          3.78318160       5.02592685       2.56957183
580          3.76643349       5.02433214       2.54493941
581          3.77991429       5.01643544       2.49488568
582          3.79095275       5.00677378       2.43650560
583          3.80687846       5.00347131       2.39490104
584          3.82742887       5.01958963       2.39857537
585          3.83075153       5.03300383       2.42448578
586          3.81767192       5.01467463       2.43544199
587          3.79809072       4.97083738       2.41893465
588          3.79034975       4.93618096       2.39352551
589          3.80516920       4.92704753       2.38070748
590          3.84981134       4.95587606       2.39440719
591          3.90529943       4.99569861       2.44230767
592          3.91902303       5.02800417       2.52465543
593          3.88936047       5.01757609       2.62980264
594          3.83877297       4.98829677       2.71080441
595          3.81382777       4.94628529       2.75309728
596          3.82558726       4.88844548       2.77208392
597          3.85914496       4.81517560       2.77704532
598          3.90251954       4.73099694       2.77757798
599          3.94958702       4.65298330       2.76642524
600          4.00263335       4.61281905       2.74985806
601          4.05801994       4.62097415       2.74191124
602          4.12112449       4.65417209       2.78193533
603          4.16725937       4.65482735       2.85265975
604          4.18006433       4.59872404       2.92357046
605          4.18174624       4.53364363       2.97682520
606          4.18708376       4.49579386       3.00914305
607          4.19427451       4.50433531       3.01355605
608          4.19171230       4.56809189       2.99548740
609          4.19734634       4.67136018       2.96049311
610          4.21686589       4.77659295       2.91502007
611          4.22232459       4.86027428       2.87039806
612          4.19329824       4.90953511       2.82543348
613          4.15429798       4.92613899       2.80370224
614          4.14321000       4.93477312       2.80456663
615          4.14982078       4.96484589       2.84340296
616          4.13981691       5.01512281       2.89271690
617          4.10333335       5.06995129       2.93615587
618          4.07076582       5.10631904       2.97053852
619          4.06188418       5.13571533       2.98560225
620          4.04720726       5.17709559       2.97725467
621          4.02912349       5.21413024       2.93915094
622          4.01656071       5.22220206       2.88657994
623          3.99561751       5.24187010       2.84980660
624          3.96694157       5.26081807       2.80840081
625          3.93363731       5.25618467       2.74989135
626          3.86456592       5.24263564       2.70213055
627          3.77589519       5.24534093       2.65535362
628          3.73333156       5.24240422       2.62678954
629          3.74255025       5.21690396       2.62399534
630          3.75695194       5.18571952       2.62966646
631          3.74423140       5.15508215       2.64859469
632          3.73097283       5.11882050       2.68964705
633          3.69860529       5.07658854       2.76789536
634          3.61285183       5.05792834       2.86034528
635          3.49937973       5.08674148       2.94824296
636          3.42527550       5.13064497       3.02031897
637          3.40797503       5.15803691       3.09562047
638          3.37186672       5.17920949       3.18996389
639          3.29563286       5.19938513       3.28184337
640          3.20152736       5.19526646       3.35824780
641          3.13877504       5.15472697       3.41194577
642          3.11359576       5.08782795       3.45448753
643          3.10619329       5.01632767       3.48807878
644          3.09070573       4.96091535       3.52199226
645          3.04209766       4.95100038       3.54675124
646          3.00404066       4.98887257       3.57470079
647          3.00253397       5.03069752       3.61400843
648          3.02957666       5.05503931       3.66572022
649          3.03926413       5.07214421       3.70470286
650          3.03601825       5.07107044       3.70664617
651          2.12276353       5.82175087       1.50721641
652          2.21711842       5.76049019       1.51838806
653          2.27102864       5.70926329       1.47909471
654          2.26601601       5.70072353       1.38094292
655          2.22604470       5.72359421       1.28750626
656          2.19757705       5.72125480       1.24329550
657          2.21612191       5.68044485       1.24402237
658          2.24700769       5.61029485       1.25645036
659          2.26075174       5.52848438       1.26852230
660          2.25920128       5.44835045       1.30236648
661          2.26602604       5.36980680       1.34392368
662          2.25597903       5.26910043       1.33005846
663          2.21692546       5.17353271       1.24742188
664          2.16819878       5.10688400       1.14422394
665          2.11391683       5.04749022       1.06643987
666          2.08011538       4.98396933       1.03503311
667          2.06993256       4.94000095       1.03700977
668          2.06785490       4.92728338       1.05131743
669          2.04796880       4.92508193       1.05765332
670          2.02241348       4.94192436       1.04417910
671          1.99929452       4.96440084       1.01472310
672          1.98837603       4.94064821       0.96054106
673          1.96174798       4.85823946       0.89127723
674          1.90929491       4.75964492       0.83155632
675          1.88213873       4.68214017       0.81115021
676          1.91217380       4.62830327       0.82291125
677          1.98216780       4.58611348       0.83833027
678          2.05858458       4.57223087       0.84456659
679          2.12469722       4.58285850       0.84543427
680          2.15268704       4.58460972       0.84844925
681          2.11970228       4.56922125       0.84864302
682          2.04001200       4.55102197       0.82465113
683          1.97083358       4.50872954       0.81098517
684          1.92644068       4.44677265       0.81705007
685          1.89195822       4.41345052       0.82415207
686          1.86633652       4.42967058       0.80785217
687          1.86962633       4.47825493       0.78357633
688          1.90554283       4.52654469       0.76251312
689          1.95594671       4.57128194       0.72613728
690          2.02108450       4.63230164       0.67932702
691          2.10004289       4.70798554       0.63358768
692          2.18688348       4.75870944       0.59417499
693          2.22482713       4.74710409       0.54853580
694          2.19857830       4.67527351       0.50171336
695          2.12937980       4.59093210       0.46617075
696          2.05412379       4.52168595       0.44281640
697          1.98913187       4.46512684       0.41362834
698          1.95110043       4.42249729       0.39651677
699          1.94266516       4.40007494       0.39541862
700          1.95459056       4.41312011       0.38951085
701          1.98173987       4.44538742       0.36660572
702          2.01259121       4.48394607       0.33195591
703          2.07046125       4.51376049       0.31318277
704          2.13038250       4.54611415       0.30081219
705          2.15427680       4.58304210       0.28113230
706          2.10770720       4.61419920       0.26780511
707          2.04255577       4.60471801       0.28311772
708          2.00828720       4.53596200       0.32166944
709          1.99477942       4.43947070       0.34941334
710          2.00051001       4.35317349       0.36527300
711          2.03262238       4.31361001       0.36939013
712          2.09703049       4.31493331       0.35779806
713          2.14751209       4.33835267       0.34697871
714          2.16170392       4.35949699       0.34646155
715          2.14481853       4.38801168       0.35841194
716          2.13941677       4.40064847       0.38009046
717          2.17195217       4.39191959       0.42565326
718          2.21536535       4.35395996       0.49288474
719          2.23566576       4.31466215       0.56243623
720          2.23688572       4.28085008       0.61231193
721          2.26221456       4.24898412       0.64765091
722          2.30993794       4.22002972       0.66095306
723          2.36327341       4.22227172       0.65798020
724          2.40978052       4.23028529       0.63763565
725          2.45945478       4.22021108       0.59819181
726          2.49172549       4.18826549       0.57754300
727          2.52430887       4.14822444       0.57549431
728          2.56280743       4.11857276       0.56475490
729          2.61313127       4.11417667       0.53030650
730          2.67538299       4.14525896       0.50493659
731          2.73047317       4.19466948       0.50612841
732          2.76282714       4.23322370       0.51037675
733          2.75616228       4.26777596       0.51755257
734          2.71787400       4.29662616       0.53029025
735          2.66300264       4.30522506       0.54478569
736          2.60211529       4.27201274       0.56946569
737          2.54001394       4.19853432       0.61550869
738          2.49947536       4.11757495       0.67297018
739          2.47691749       4.04689988       0.72427604
740          2.47117800       3.99293164       0.74420396
741          2.47320972       3.95299247       0.72843207
742          2.49532569       3.93952240       0.69772193
743          2.55790249       3.96193494       0.67369550
744          2.62613211       4.01616250       0.64865929
745          2.63398836       4.06551891       0.61351697
746          2.59441067       4.08820370       0.58139305
747          2.57258298       4.07323591       0.57362203
748          2.59441549       4.04398450       0.59086008
749          2.64534646       4.01473681       0.61805588
750          2.69971911       3.99307938       0.65833104
751          2.75490153       3.99507504       0.69484317
752          2.78523916       4.05115360       0.70885176
753          2.77961543       4.14592419       0.71016384
754          2.75226573       4.21776426       0.70936098
755          2.73036895       4.24055176       0.73191600
756          2.72381258       4.24365525       0.77006007
757          2.72290897       4.25156526       0.80434013
758          2.71353013       4.25471225       0.84311452
759          2.68619206       4.25746908       0.88665613
760          2.65221301       4.26887408       0.91599963
761          2.62087285       4.29112558       0.92299800
762          2.60664747       4.30716027       0.92142176
763          2.60160756       4.31884661       0.90809256
764          2.60920066       4.34187548       0.88970418
765          2.60970834       4.39256885       0.88494774
766          2.60825421       4.45591713       0.88749891
767          2.62679433       4.47392537       0.87178321
768          2.68392262       4.44640450       0.85482596
769          2.77266891       4.40819302       0.86824992
770          2.85370043       4.37610527       0.92004778
771          2.92069334       4.36138367       0.95899629
772          2.97740395       4.38463918       0.96135947
773          3.04887942       4.41866705       0.92411117
774          3.13265774       4.44127614       0.88029771
775          3.22226248       4.46281621       0.86224812
776          3.27700129       4.47498458       0.86266764
777          3.28175973       4.48536277       0.86998597
778          3.26568518       4.51633780       0.87816023
779          3.25460496       4.56975354       0.90803070
780          3.26631941       4.63936856       0.95366324
781          3.29550573       4.70082771       0.99617912
782          3.34881969       4.73590540       1.03126402
783          3.40516034       4.73178201       1.06582909
784          3.46690541       4.71025778       1.11786939
785          3.50917942       4.70649380       1.16840978
786          3.53511504       4.75189788       1.18970547
787          3.55339968       4.81696239       1.19264848
788          3.57222805       4.86543096       1.19317969
789          3.58262077       4.89811693       1.19380940
790          3.58336387       4.91252606       1.19368681
791          3.58530416       4.88413617       1.20417500
792          3.58600166       4.79577056       1.22213862
793          3.57193362       4.70787235       1.22716017
794          3.54967803       4.66589367       1.20185237
795          3.53645984       4.63910215       1.15284169
796          3.54589441       4.61611895       1.09657665
797          3.57737320       4.61957970       1.02797471
798          3.60771268       4.62794404       0.96441906
799          3.63799171       4.59916235       0.93761124
800          3.66885390       4.54195248       0.97537927
801          3.69707400       4.47091751       1.01930488
802          3.70420895       4.40843468       1.03435422
803          3.67325878       4.35050309       1.01767253
804          3.60833288       4.29097987       0.98340088
805          3.56215719       4.24832865       0.93600024
806          3.56171212       4.22269878       0.88691596
807          3.58687983       4.21898556       0.86228981
808          3.60326694       4.25008291       0.87852535
809          3.62262682       4.27029858       0.90668350
810          3.66109278       4.28795901       0.94284044
811          3.67630696       4.30470720       0.98733460
812          3.63946832       4.33898903       1.03396648
813          3.56715758       4.37190405       1.07413271
814          3.51110522       4.37477858       1.09111166
815          3.49204324       4.35877210       1.08742843
816          3.49543605       4.33389387       1.06148874
817          3.49062052       4.33002007       1.02978165
818          3.45497680       4.35367417       0.99289698
819          3.41551812       4.38571859       0.97728208
820          3.39957241       4.41012740       0.98536089
821          3.39426002       4.45345389       1.02647487
822          3.38531722       4.50089670       1.07230038
823          3.39129143       4.52672969       1.10529640
824          3.43010734       4.53683674       1.11241138
825          3.47480296       4.53776588       1.08571904
826          3.48886473       4.53603819       1.04802393
827          3.47467564       4.53790675       1.01414626
828          3.47121867       4.53051966       1.00421060
829          3.50946508       4.49518941       0.99321322
830          3.57061547       4.46919867       0.97562934
831          3.62142577       4.46991576       0.95986015
832          3.64134202       4.48607728       0.95541902
833          3.64871139       4.49975873       0.92709928
834          3.66387747       4.49301074       0.83964919
835          3.69309810       4.47665900       0.72452953
836          3.73411471       4.47323764       0.66060218
837          3.77223658       4.48136957       0.67544857
838          3.81628889       4.49741732       0.69837969
839          3.87996374       4.51190328       0.68725835
840          3.94477600       4.51424331       0.66525637
841          3.99444530       4.53700095       0.65542174
842          4.04034254       4.57249369       0.63589772
843          4.08748936       4.57741163       0.59205446
844          4.13762934       4.52745298       0.53780752
845          4.20250893       4.45487814       0.49168626
846          4.28662585       4.38582356       0.44585710
847          4.36574051       4.33651426       0.39197781
848          4.39367659       4.32227335       0.34973176
849          4.38647180       4.30398266       0.32178548
850          4.42666618       4.28347915       0.30927175
851          4.50081574       4.26113349       0.28071131
852          4.57147021       4.24620432       0.23723553
853          4.60979565       4.23074968       0.20973629
854          4.61618453       4.23688084       0.17228823
855          4.61840010       4.23605550       0.13006868
856          4.63965046       4.21791087       0.09654106
857          4.65286131       4.16572420       0.06176455
858          4.65023420       4.09319536       0.01571220
859          4.63922001       4.03054805      -0.03279897
860          4.62240799       3.98247575      -0.07753586
861          4.58704324       3.94650022      -0.10446856
862          4.55653913       3.92922109      -0.08474292
863          4.55784749       3.94697691      -0.02214680
864          4.58517515       3.97198144       0.05798274
865          4.61708076       3.95929341       0.13704716
866          4.64514781       3.91798472       0.19438927
867          4.65126085       3.87501788       0.23869921
868          4.62532364       3.84923580       0.25768926
869          4.60509102       3.81805792       0.24060645
870          4.59833382       3.75408167       0.20480504
871          4.59538132       3.69133072       0.15404185
872          4.58509729       3.65600335       0.13574235
873          4.59427138       3.60661555       0.16406982
874          4.63233218       3.53708250       0.21732462
875          4.67353109       3.48138767       0.28070772
876          4.72421896       3.45423100       0.34399108
877          4.76707700       3.44794217       0.38802997
878          4.80015456       3.44611851       0.39543386
879          4.82408655       3.44073572       0.39520887
880          4.85540862       3.42929700       0.38929002
881          4.88643102       3.38848315       0.37097951
882          4.90255401       3.32955644       0.35090849
883          4.91211526       3.29419251       0.33896586
884          4.92783318       3.30352971       0.36992002
885          4.94768617       3.33611793       0.44122396
886          4.94852128       3.37677439       0.51058939
887          4.93207284       3.43362525       0.55195774
888          4.90871143       3.48518674       0.58538011
889          4.89944748       3.48692730       0.61418834
890          4.92418260       3.43505107       0.62787331
891          4.94281889       3.37507905       0.61541520
892          4.94694283       3.36730480       0.58981811
893          4.92955539       3.38654056       0.59248103
894          4.92205843       3.41543131       0.63880969
895          4.92972149       3.45984727       0.68482465
896          4.93388370       3.51125222       0.70164414
897          4.91311560       3.53749101       0.69812136
898          4.87634588       3.52235735       0.68825989
899          4.85621746       3.48996288       0.68958170
900          4.85442432       3.44606034       0.68461547
901          4.85375912       3.39810863       0.64921462
902          4.83038558       3.33185332       0.58247059
903          4.80218054       3.26804028       0.54255759
904          4.78313850       3.26147924       0.56065582
905          4.78191601       3.32048469       0.61070043
906          4.77942277       3.39521777       0.66281451
907          4.77617512       3.43519769       0.69436894
908          4.77781638       3.44014701       0.71449628
909          4.78127854       3.41893352       0.72787879
910          4.80072567       3.38939318       0.73632585
911          4.83679937       3.36090616       0.74585184
912          4.86717548       3.32227881       0.74462683
913          4.84370409       3.26443435       0.71830566
914          4.78151789       3.21057039       0.67437819
915          4.72616991       3.16640904       0.66757189
916          4.69233025       3.14560573       0.71756048
917          4.64939716       3.18179344       0.79146134
918          4.61046277       3.26526538       0.83886786
919          4.58669525       3.34906572       0.84058814
920          4.57944532       3.38221375       0.81787762
921          4.59879322       3.39215296       0.79731980
922          4.63097365       3.39506250       0.77003077
923          4.65346398       3.37757491       0.72257012
924          4.64255597       3.32559621       0.65428079
925          4.61314697       3.27041129       0.59280330
926          4.58735679       3.24713117       0.59218591
927          4.59274497       3.26499505       0.62204046
928          4.60201485       3.30749651       0.64245086
929          4.60129050       3.36670824       0.63852844
930          4.61218656       3.43058305       0.62783439
931          4.65206135       3.51513712       0.62262500
932          4.70606616       3.58760981       0.60090276
933          4.76615540       3.59464225       0.56198170
934          4.82360111       3.53146882       0.53126875
935          4.87472762       3.47214037       0.54323889
936          4.91475454       3.46979746       0.59085962
937          4.93068373       3.49924336       0.64918796
938          4.94556546       3.52559528       0.68707526
939          4.97895175       3.54722544       0.71386192
940          5.02737128       3.56805476       0.72190194
941          5.04960205       3.55136474       0.70848725
942          5.04017828       3.50866038       0.67945338
943          5.04011911       3.47205041       0.66112546
944          5.07094068       3.45687186       0.66294380
945          5.10341585       3.44066565       0.69203838
946          5.12116067       3.39953761       0.74606260
947          5.13724280       3.34109869       0.77920157
948          5.14047772       3.27481388       0.76871695
949          5.13989611       3.23640283       0.73942555
950          5.13451933       3.22673216       0.71125680
951          5.12667441       3.23314513       0.67539485
952          5.10577279       3.24339023       0.65802184
953          5.06235581       3.25833916       0.66157937
954          5.00835851       3.26949199       0.69159100
955          4.96386122       3.27037018       0.70262456
956          4.94940502       3.24231073       0.65693810
957          4.94611430       3.21034935       0.59058092
958          4.92956343       3.20485682       0.50324131
959          4.89449669       3.19967147       0.42713953
960          4.86552614       3.19933824       0.37774350
961          4.86931476       3.23139028       0.36056786
962          4.90312418       3.29055948       0.35557668
963          4.93490796       3.34621018       0.35635177
964          4.95351355       3.39677392       0.34923788
965          4.96158347       3.44853176       0.33537792
966          4.96320234       3.47387698       0.34954019
967          4.97583201       3.47612151       0.37153462
968          4.99628573       3.48269844       0.38392743
969          5.01896790       3.49915815       0.36565023
970          5.02482454       3.49796932       0.32426463
971          5.01289240       3.48970191       0.27855233
972          4.99916969       3.48915095       0.23412651
973          4.99169972       3.49042199       0.20450522
974          4.99235284       3.48984365       0.20260025
975          5.01458567       3.50084802       0.20197223
976          5.06320010       3.51400806       0.15517163
977          5.11437287       3.52324445       0.07144188
978          5.14490874       3.52965903      -0.00984910
979          5.16338128       3.55106060      -0.04405874
980          5.17907770       3.58704188      -0.03022987
981          5.20597846       3.62463002       0.01175255
982          5.24257018       3.64155058       0.05344619
983          5.29908658       3.63719841       0.08923627
984          5.35666982       3.65465018       0.13400301
985          5.40566957       3.70619679       0.18156820
986          5.45044554       3.75511541       0.22619191
987          5.51325598       3.76886673       0.24890375
988          5.57016671       3.73043948       0.27186419
989          5.58943322       3.66786074       0.30234507
990          5.58879220       3.61330577       0.34380518
991          5.60660612       3.58022271       0.38317562
992          5.65381243       3.56960965       0.41620991
993          5.70597553       3.56233241       0.45208192
994          5.73331981       3.54700030       0.48934750
995          5.73416110       3.52836109       0.51525574
996          5.73966909       3.50977969       0.51658367
997          5.75080983       3.49502197       0.49476446
998          5.76225485       3.50138140       0.44868297
999          5.77129874       3.51295221       0.39186067
1000         5.79510172       3.51384901       0.33130425
