1            0.00000000       0.00000000       0.00000000       0.00000000
2            0.00172262       0.00097845       0.00000118       0.00074299
3            0.00427015       0.00000001       0.00001815       0.00425200
4            0.01050988       0.00154761       0.00082979       0.00813248
5            0.01435490       0.00483852       0.00224276       0.00727362
6            0.01014785       0.00507619       0.00122778       0.00384388
7            0.00496198       0.00193923       0.00024027       0.00278247
8            0.01219156       0.00017196       0.00788599       0.00413361
9            0.03714673       0.00745034       0.02446516       0.00523123
10           0.07441403       0.02834459       0.04113409       0.00493535
11           0.11529704       0.06505092       0.04442560       0.00582052
12           0.16789564       0.12319751       0.03399739       0.01070074
13           0.24013049       0.20480735       0.01834254       0.01698060
14           0.31140812       0.27726630       0.01646483       0.01767699
15           0.35326734       0.31337177       0.02387251       0.01602306
16           0.38961703       0.33205019       0.03808375       0.01948309
17           0.47764679       0.38743552       0.06572071       0.02449056
18           0.61022591       0.47765406       0.09976777       0.03280409
19           0.77759863       0.60002061       0.12813656       0.04944147
20           0.94967484       0.73356995       0.15351501       0.06258989
21           1.14322825       0.89264169       0.18532278       0.06526378
22           1.34118272       1.07064157       0.20913362       0.06140754
23           1.51200537       1.22902032       0.22545589       0.05752915
24           1.67801475       1.37129234       0.25735586       0.04936655
25           1.83593336       1.48101048       0.32238095       0.03254193
26           1.94775933       1.53900479       0.39269230       0.01606224
27           1.96806562       1.52913403       0.43369824       0.00523335
28           1.92805060       1.48290681       0.44475857       0.00038522
29           1.91711461       1.45419770       0.46208574       0.00083116
30           1.91860709       1.42887862       0.48725053       0.00247794
31           1.87563283       1.37201645       0.50285458       0.00076180
32           1.80726964       1.31472965       0.49241452       0.00012546
33           1.72911424       1.29208839       0.43566681       0.00135904
34           1.62359601       1.27340550       0.34754811       0.00264240
35           1.49060765       1.23718497       0.24696216       0.00646052
36           1.39598091       1.22026050       0.16300869       0.01271172
37           1.38087845       1.26379972       0.10134671       0.01573203
38           1.42073721       1.34788905       0.05585648       0.01699168
39           1.52946378       1.47584281       0.02793355       0.02568742
40           1.67131856       1.60907832       0.01950833       0.04273191
41           1.87080935       1.78709846       0.02302676       0.06068413
42           2.14482227       2.04120975       0.03245983       0.07115268
43           2.45940250       2.34375585       0.04375206       0.07189459
44           2.69298900       2.56218479       0.05034690       0.08045731
45           2.75114333       2.60251248       0.03987082       0.10876002
46           2.75104811       2.56689324       0.02630362       0.15785125
47           2.80358175       2.57144322       0.02276235       0.20937617
48           2.91997682       2.64986525       0.02205082       0.24806076
49           3.02304350       2.71953747       0.01685172       0.28665431
50           3.13373031       2.81455073       0.00604710       0.31313248
51           3.24704362       2.93656243       0.00106636       0.30941483
52           3.43339736       3.12913786       0.00074357       0.30351593
53           3.62587733       3.30661587       0.00468633       0.31457512
54           3.76288036       3.43111958       0.01197457       0.31978621
55           3.87181219       3.53057046       0.01158051       0.32966121
56           4.00104817       3.63809190       0.00406092       0.35889535
57           4.19832343       3.80674146       0.00004508       0.39153689
58           4.42020467       4.00799003       0.00076895       0.41144570
59           4.69683878       4.26615413       0.00120839       0.42947626
60           5.05910391       4.58775202       0.00132510       0.47002679
61           5.42973324       4.92486000       0.00536490       0.49950834
62           5.72339973       5.22101839       0.01657935       0.48580199
63           5.98237908       5.53097594       0.02857554       0.42282760
64           6.31278110       5.91858858       0.03682404       0.35736847
65           6.68857999       6.32088204       0.04395452       0.32374343
66           7.03381474       6.66262462       0.04633870       0.32485142
67           7.22758848       6.84383601       0.04900140       0.33475108
68           7.37613487       6.97396386       0.06361981       0.33855120
69           7.55717000       7.10229264       0.09908554       0.35579183
70           7.73791821       7.20378917       0.15758204       0.37654699
71           7.89185942       7.27550497       0.22700266       0.38935179
72           7.99192768       7.33008851       0.27384052       0.38799864
73           8.05095300       7.40317328       0.27649550       0.37128422
74           8.07990760       7.49580521       0.24993001       0.33417237
75           8.01307899       7.52141688       0.22249681       0.26916530
76           7.97075648       7.55923627       0.19926271       0.21225750
77           8.02892332       7.66896007       0.17444773       0.18551552
78           8.25753143       7.92229223       0.16284953       0.17238968
79           8.70525129       8.35836855       0.18928446       0.15759829
80           9.31266525       8.90010646       0.26460190       0.14795690
81           9.90273942       9.39215624       0.35459370       0.15598948
82          10.26700964       9.65373634       0.43214806       0.18112525
83          10.37754453       9.69215888       0.47302083       0.21236481
84          10.42680992       9.69608985       0.49040022       0.24031985
85          10.61052048       9.88451988       0.48039259       0.24560801
86          10.99584901      10.32256146       0.44611387       0.22717368
87          11.46471127      10.88691637       0.39903442       0.17876048
88          11.99149480      11.52390635       0.35047588       0.11711258
89          12.60105653      12.21337590       0.32209745       0.06558317
90          13.22413647      12.87078134       0.31018495       0.04317018
91          13.67938895      13.33099512       0.29849863       0.04989520
92          13.90968608      13.57912477       0.25738508       0.07317623
93          14.21543220      13.90280189       0.22276893       0.08986138
94          14.67246284      14.37042878       0.22554874       0.07648532
95          15.40244848      15.08886417       0.25733021       0.05625411
96          16.11206657      15.79239305       0.27793510       0.04173842
97          16.67732878      16.35353031       0.29276753       0.03103093
98          16.90960112      16.60388005       0.28482142       0.02089965
99          16.94167691      16.68198223       0.24848922       0.01120545
100         17.07062203      16.84899908       0.21880026       0.00282269
101         17.21280296      16.99001419       0.22278110       0.00000767
102         17.35649383      17.09840520       0.25766870       0.00041992
103         17.50229817      17.20621601       0.29576302       0.00031914
104         17.80047829      17.45968450       0.34077831       0.00001548
105         18.33418637      17.95562681       0.37842995       0.00012962
106         18.91292884      18.48897636       0.42236228       0.00159021
107         19.38378303      18.89428372       0.48663824       0.00286107
108         19.61430147      19.03325381       0.58006563       0.00098202
109         19.56273505      18.90410850       0.65841438       0.00021218
110         19.36742302      18.65518828       0.70923822       0.00299652
111         19.24845138      18.51694165       0.72401182       0.00749791
112         19.33453557      18.57182093       0.74971673       0.01299791
113         19.59559704      18.77238834       0.80722022       0.01598848
114         19.89458195      18.98582216       0.89548687       0.01327292
115         20.21534275      19.18336537       1.02234078       0.00963659
116         20.73260242      19.58475728       1.14100813       0.00683701
117         21.43299997      20.20587474       1.22373353       0.00339170
118         22.16991643      20.89803240       1.27020960       0.00167442
119         22.74473708      21.42562928       1.31479244       0.00431536
120         23.16954371      21.79914322       1.35470874       0.01569175
121         23.73531187      22.29037833       1.41059478       0.03433876
122         24.38079712      22.90069115       1.43605487       0.04405109
123         24.89140795      23.43100959       1.41981795       0.04058041
124         25.27058643      23.84027903       1.39689406       0.03341334
125         25.78524204      24.35113184       1.40560795       0.02850225
126         26.67600376      25.15401568       1.50018188       0.02180621
127         27.64646570      25.95807214       1.67303241       0.01536115
128         28.44347266      26.57415099       1.85409080       0.01523087
129         28.93753610      26.94871006       1.96987137       0.01895468
130         28.95402866      26.91738593       2.01081600       0.02582672
131         28.63047956      26.56014110       2.04128024       0.02905822
132         28.26843203      26.13371026       2.10638005       0.02834172
133         28.10923180      25.91916073       2.16831877       0.02175229
134         27.99432487      25.77915381       2.20264699       0.01252407
135         27.81441251      25.56167019       2.24824432       0.00449801
136         27.69710289      25.30999053       2.38646324       0.00064912
137         27.72447156      25.19160131       2.53283819       0.00003206
138         27.74092857      25.19392974       2.54675178       0.00024705
139         27.52912632      25.11216092       2.41683243       0.00013296
140         27.27180900      24.98493447       2.28686431       0.00001022
141         27.12440101      24.91421502       2.21013809       0.00004789
142         27.09237312      24.90514674       2.18710907       0.00011731
143         26.95954432      24.70416341       2.25524153       0.00013938
144         26.75953253      24.34749008       2.41099390       0.00104856
145         26.67503409      24.09650123       2.57433800       0.00419486
146         26.67775314      24.02819224       2.64384826       0.00571264
147         26.55612225      23.88913679       2.66354947       0.00343598
148         26.27661307      23.62026923       2.65438599       0.00195785
149         26.22336338      23.62851816       2.59357101       0.00127421
150         26.26561649      23.80331803       2.46224619       0.00005227
151         26.03422674      23.74440175       2.28789753       0.00192746
152         25.50814890      23.36679958       2.13305304       0.00829628
153         24.95117046      22.90737885       2.03029313       0.01349847
154         24.73549625      22.67739288       2.04349129       0.01461208
155         24.80304713      22.62536048       2.16439619       0.01329046
156         24.89571388      22.54664615       2.33973361       0.00933412
157         24.95946474      22.46760616       2.48918528       0.00267329
158         25.15978618      22.55105481       2.60872635       0.00000502
159         25.17640738      22.45519344       2.72039550       0.00081844
160         25.02119263      22.22172765       2.79900178       0.00046321
161         24.70906977      21.91135638       2.79751743       0.00019596
162         24.43961705      21.63311102       2.80194600       0.00456004
163         24.23283731      21.36437018       2.85305026       0.01541687
164         24.28717639      21.27740343       2.97616422       0.03360874
165         24.47881341      21.33692392       3.09388794       0.04800155
166         24.76161092      21.52562278       3.19473631       0.04125184
167         24.94908474      21.58492109       3.33590265       0.02826099
168         25.09393505      21.57288268       3.49811471       0.02293767
169         25.61179121      21.91750375       3.66727693       0.02701052
170         26.23041772      22.37872859       3.81641797       0.03527117
171         26.56959418      22.57704770       3.94899941       0.04354707
172         26.54076636      22.52656822       3.97321308       0.04098507
173         26.41241184      22.50315932       3.87910483       0.03014769
174         26.36169316      22.58228866       3.76160742       0.01779708
175         26.34516449      22.65640659       3.68207378       0.00668412
176         26.54509204      22.83832955       3.70659422       0.00016827
177         27.14954590      23.36447510       3.78095557       0.00411522
178         28.14778655      24.28754388       3.84311605       0.01712662
179         29.16845338      25.23877242       3.89983863       0.02984233
180         29.98733548      26.02067631       3.93027334       0.03638583
181         30.63728835      26.69903774       3.89776383       0.04048678
182         31.27204323      27.38592057       3.83821250       0.04791017
183         31.67080696      27.77631549       3.84013508       0.05435639
184         31.79228190      27.72956000       4.00401249       0.05870941
185         31.97523148      27.70966294       4.19575415       0.06981439
186         32.61614073      28.19166420       4.32078836       0.10368817
187         33.30675761      28.72622062       4.41076275       0.16977424
188         33.75153507      28.90625579       4.59989320       0.24538609
189         34.08285906      28.88654380       4.85664580       0.33966945
190         34.57566540      29.01489828       5.10990623       0.45086090
191         35.03969271      29.11788377       5.35347025       0.56833869
192         35.14849894      29.00433051       5.48917816       0.65499027
193         34.87124095      28.68008691       5.45356976       0.73758428
194         34.05962918      28.01002616       5.23438469       0.81521833
195         32.99543247      27.16329151       4.92606754       0.90607342
196         32.20841715      26.48732707       4.72947650       0.99161358
197         32.12936447      26.29137593       4.79553176       1.04245678
198         32.85676638      26.59802478       5.14222260       1.11651901
199         34.17588409      27.33134817       5.61076191       1.23377400
200         35.58793775      28.08110953       6.11900354       1.38782468
201         36.52834511      28.31664907       6.65229802       1.55939802
202         37.14820989      28.26108422       7.11825762       1.76886805
203         37.31581700      28.01661353       7.31564838       1.98355510
204         37.02627315      27.61170058       7.30946226       2.10511032
205         36.24280463      26.97735573       7.16029819       2.10515071
206         35.42065394      26.36122245       7.03988223       2.01954926
207         35.07469842      26.15478440       7.03475062       1.88516341
208         35.44805371      26.54940743       7.11771917       1.78092711
209         36.20740768      27.11214648       7.33553543       1.75972578
210         36.84745020      27.29762969       7.72750909       1.82231141
211         37.20805614      27.06642308       8.23827347       1.90335959
212         37.05573072      26.51083633       8.60089962       1.94399477
213         36.49956599      25.88388693       8.66364023       1.95203882
214         35.74875922      25.33006963       8.52715349       1.89153610
215         35.16713547      25.07727823       8.30935924       1.78049801
216         35.14668833      25.20754798       8.26703013       1.67211022
217         35.89946437      25.69458764       8.60428473       1.60059200
218         37.25592654      26.47312780       9.25725235       1.52554639
219         38.83872122      27.30638733      10.11273492       1.41959897
220         39.94025161      27.73824181      10.85992071       1.34208909
221         39.95402393      27.55535500      11.11945185       1.27921708
222         39.11822087      26.91186016      10.95097897       1.25538174
223         38.06805321      26.14677672      10.68893209       1.23234439
224         37.26464593      25.56530962      10.59138277       1.10795354
225         36.85577139      25.14150918      10.78162462       0.93263758
226         37.24142341      25.11156028      11.28618818       0.84367495
227         38.59367909      25.73211353      12.01410570       0.84745986
228         40.41011713      26.83183031      12.70802455       0.87026228
229         41.88806998      27.94176534      13.06352187       0.88278277
230         42.74396846      28.68948359      13.16024320       0.89424167
231         43.06307272      28.77326091      13.38394609       0.90586571
232         43.03275169      28.38745645      13.77796212       0.86733312
233         42.79377824      27.85713833      14.16359971       0.77304021
234         42.35545875      27.30146717      14.43054669       0.62344488
235         42.14563386      27.02627062      14.66901260       0.45035063
236         42.42098512      27.23186492      14.89693031       0.29218988
237         43.13274610      27.76206256      15.17067663       0.20000690
238         43.58408873      28.09886887      15.31393967       0.17128019
239         43.63000278      28.17299339      15.29293486       0.16407454
240         43.52810523      28.03946785      15.32749952       0.16113786
241         43.58051295      27.89962964      15.50999824       0.17088507
242         43.74488398      27.88191120      15.67198145       0.19099133
243         43.76073379      27.83888276      15.72266195       0.19918908
244         43.80875089      27.78994717      15.82018010       0.19862363
245         43.82270983      27.52063802      16.12128988       0.18078193
246         43.50413687      27.01907810      16.33265119       0.15240758
247         42.62539563      26.50138951      16.00533220       0.11867392
248         41.57253968      26.11350190      15.37782241       0.08121537
249         41.03921977      26.11824473      14.87452920       0.04644584
250         41.17463924      26.41881657      14.72942022       0.02640245
251         41.64800951      26.76356254      14.86414478       0.02030219
252         42.21269725      27.00880235      15.18719106       0.01670384
253         43.00996313      27.54902542      15.45059517       0.01034253
254         43.84296657      28.36170552      15.47250800       0.00875305
255         44.22347731      28.99784837      15.20980243       0.01582651
256         44.17953905      29.11022386      15.04521868       0.02409651
257         43.95728681      28.76175527      15.17365899       0.02187255
258         43.60566293      28.06268694      15.51920445       0.02377153
259         43.33665306      27.38200139      15.91532329       0.03932838
260         43.38868537      26.96388705      16.37582249       0.04897583
261         43.60013163      26.85287558      16.70620767       0.04104838
262         43.75633551      26.98076340      16.73686266       0.03870945
263         44.14265427      27.31434371      16.78173739       0.04657318
264         44.85162119      27.73129440      17.06671817       0.05360861
265         45.39548823      28.07171670      17.26974151       0.05403002
266         45.56786599      28.46620163      17.04638292       0.05528143
267         45.62309271      28.90803811      16.64569808       0.06935651
268         45.70992844      29.23440681      16.38315950       0.09236213
269         45.37934146      29.06005802      16.21601663       0.10326681
270         44.91423324      28.67764073      16.14518933       0.09140317
271         45.09938305      28.56239288      16.45365471       0.08333546
272         46.00961884      28.87004811      17.05623086       0.08333986
273         46.89870380      29.39381617      17.41709662       0.08779101
274         47.26125823      29.76111290      17.41374172       0.08640361
275         47.10531960      29.74407100      17.27422271       0.08702589
276         46.93603638      29.77248724      17.07022193       0.09332720
277         47.07015437      29.96540821      16.98974709       0.11499908
278         23.28119468      12.10222769      10.72903717       0.44992982
279         23.22037294      11.87067125      10.89600353       0.45369816
280         23.55471706      11.80899410      11.27845380       0.46726916
281         24.01992989      11.84781601      11.69973296       0.47238092
282         24.57694459      12.00893360      12.07382530       0.49418569
283         25.16142823      12.22868805      12.41402045       0.51871973
284         25.92287902      12.54914067      12.85850246       0.51523589
285         26.80060769      12.88519485      13.45236842       0.46304442
286         27.64835869      13.07875277      14.19939326       0.37021266
287         28.22091937      13.06301948      14.88692939       0.27097050
288         28.06133157      12.67206832      15.20513046       0.18413279
289         27.58062925      12.27051375      15.19665635       0.11345915
290         27.08266207      11.99694288      15.02199276       0.06372642
291         27.06000252      12.02473135      14.99837861       0.03689257
292         27.56395587      12.29896301      15.23863861       0.02635425
293         28.49439935      12.83294752      15.63508862       0.02636321
294         29.45641356      13.36891470      16.06409983       0.02339903
295         30.13776603      13.73079369      16.38793425       0.01903809
296         30.46242035      13.86412399      16.58504798       0.01324838
297         30.67110523      13.93711397      16.72838655       0.00560471
298         30.94885823      14.01873875      16.92887054       0.00124894
299         31.10562005      14.07599754      17.02959157       0.00003094
300         30.84251498      13.92054136      16.92153910       0.00043452
301         30.35991591      13.59175910      16.76760554       0.00055127
302         30.38369524      13.57022050      16.81346656       0.00000817
303         31.03292454      14.08116566      16.95132077       0.00043811
304         31.85713887      14.84241157      17.01330749       0.00141981
305         32.36597708      15.50842258      16.85565256       0.00190194
306         32.38620257      15.87872444      16.50537870       0.00209943
307         31.89660803      15.91295615      15.98250566       0.00114622
308         31.18027995      15.86358824      15.31668865       0.00000306
309         30.61640001      15.89149395      14.72158974       0.00331632
310         30.49853924      16.09474537      14.38951765       0.01427622
311         30.95197848      16.50445355      14.42381752       0.02370740
312         31.58637207      16.92808855      14.63365861       0.02462490
313         32.41169869      17.45131726      14.93897907       0.02140236
314         32.95084426      17.81664624      15.11236111       0.02183690
315         32.87483901      17.95789610      14.89143575       0.02550716
316         32.28925170      17.91702166      14.34238901       0.02984103
317         31.78112949      17.80868494      13.94024388       0.03220068
318         31.70139015      17.76237894      13.90315208       0.03585913
319         32.08434009      18.02275014      14.02013064       0.04145932
320         32.64429317      18.47483873      14.11943804       0.05001639
321         32.79497107      18.56315855      14.17197915       0.05983337
322         32.44827886      18.18238848      14.19128117       0.07460921
323         32.03055879      17.82028939      14.10961765       0.10065176
324         32.00007285      17.79219163      14.06270603       0.14517520
325         32.21645841      17.87944090      14.13309407       0.20392344
326         32.38372612      18.02331783      14.08937738       0.27103091
327         32.34467904      18.10247328      13.89947994       0.34272583
328         32.17544838      17.99971288      13.75506148       0.42067402
329         31.91617532      17.70052023      13.71322438       0.50243071
330         31.81355780      17.44032212      13.81596589       0.55726979
331         31.97187742      17.28185380      14.07939575       0.61062788
332         32.28202962      17.11341672      14.46332279       0.70529011
333         32.49572470      16.98508352      14.65673301       0.85390817
334         32.48837879      16.90525818      14.53837547       1.04474514
335         32.41626140      16.86571187      14.26447333       1.28607621
336         32.39030497      16.83970613      13.99661425       1.55398458
337         32.54036256      16.85478999      13.86712935       1.81844322
338         32.61199736      16.86386863      13.71256767       2.03556106
339         32.11254298      16.59102072      13.35369143       2.16783084
340         31.28635227      16.18757053      12.85794522       2.24083652
341         30.81942944      16.22888758      12.37007759       2.22046426
342         30.86953786      16.76727722      11.98444454       2.11781610
343         31.03656612      17.42267362      11.59555240       2.01834010
344         31.39633443      18.22910306      11.16337721       2.00385417
345         31.97164155      19.10560044      10.82405058       2.04199053
346         32.38525727      19.62928984      10.63258904       2.12337839
347         32.31059141      19.66564372      10.42862766       2.21632002
348         32.11486145      19.52116652      10.28579541       2.30789952
349         31.91073793      19.36130013      10.16998926       2.37944853
350         31.84249491      19.36566031      10.04272794       2.43410665
351         31.72212663      19.38832435       9.87771255       2.45608973
352         31.36438257      19.41368223       9.52478722       2.42591313
353         30.78986429      19.37934890       9.03301059       2.37750480
354         30.08974062      19.28059998       8.50467871       2.30446193
355         29.54990873      19.30469038       7.99026641       2.25495194
356         29.21449633      19.40857378       7.58649053       2.21943202
357         29.22987380      19.64709091       7.36657928       2.21620360
358         29.23823524      19.76932198       7.16291323       2.30600002
359         29.07176117      19.64605930       6.88567482       2.54002705
360         28.85893788      19.37232390       6.58485161       2.90176238
361         28.91890663      19.29202591       6.36033419       3.26654652
362         29.30073778      19.53133846       6.26835631       3.50104301
363         29.78108479      20.14668082       6.17305971       3.46134427
364         30.39432371      21.15899648       5.97257477       3.26275246
365         30.94589320      22.11008024       5.80089195       3.03492102
366         30.91593708      22.26866153       5.81280373       2.83447182
367         30.16217314      21.57921001       5.90952845       2.67343468
368         29.29066004      20.83590574       5.88973120       2.56502310
369         28.53164608      20.26639727       5.72459089       2.54065792
370         27.73044990      19.67982688       5.50277107       2.54785195
371         26.93085277      19.04498390       5.32019315       2.56567572
372         26.38899990      18.69479210       5.12864981       2.56555799
373         26.02832211      18.63656118       4.87576298       2.51599795
374         25.77900034      18.84036979       4.56710063       2.37152993
375         25.79591009      19.29670704       4.27383340       2.22536965
376         25.91891287      19.79154971       4.05653484       2.07082832
377         25.91685516      20.15858277       3.88784042       1.87043198
378         25.61740899      20.36624348       3.59566576       1.65549975
379         25.17170901      20.40856484       3.25488156       1.50826262
380         24.69989536      20.22984826       3.01258409       1.45746302
381         24.25715680      19.89264892       2.86723207       1.49727581
382         23.75320660      19.44613795       2.69909429       1.60797436
383         23.18256859      18.92687400       2.49236420       1.76333039
384         22.66953689      18.47024111       2.29540356       1.90389222
385         22.36834135      18.30431654       2.09461891       1.96940590
386         22.15804628      18.29733348       1.89865631       1.96205650
387         21.92061643      18.30430550       1.74724084       1.86907008
388         21.46865047      18.08422241       1.68769290       1.69673516
389         20.85871536      17.70143850       1.60109341       1.55618345
390         20.42320469      17.40140524       1.49036421       1.53143523
391         20.24412783      17.23881120       1.40575290       1.59956373
392         20.17080517      17.12470843       1.34671771       1.69937903
393         20.34653958      17.24100392       1.32236693       1.78316873
394         20.64770936      17.48504068       1.33107678       1.83159190
395         20.77797024      17.59454970       1.34495440       1.83846614
396         20.93407987      17.91042893       1.26149643       1.76215451
397         20.91158629      18.17563821       1.10351550       1.63243258
398         21.07710922      18.62928247       0.94830410       1.49952265
399         21.54187292      19.29168174       0.81694515       1.43324603
400         22.07650730      19.93063030       0.70924278       1.43663422
401         22.47193252      20.36237196       0.66085849       1.44870207
402         22.75649586      20.65553954       0.67312293       1.42783340
403         22.92060034      20.86690694       0.66540037       1.38829302
404         22.93904873      21.00800024       0.64658016       1.28446833
405         22.84931214      21.10558915       0.63490925       1.10881374
406         22.64964733      21.07300112       0.60705859       0.96958761
407         22.45623593      21.00309523       0.57095673       0.88218397
408         22.38933672      20.97979538       0.57460151       0.83493983
409         22.43195756      21.00210460       0.60892596       0.82092700
410         22.70106232      21.19426611       0.65510081       0.85169540
411         23.13855600      21.50064074       0.70692833       0.93098693
412         23.69350334      21.93027143       0.74403247       1.01919944
413         24.13699954      22.27834317       0.79871492       1.05994145
414         24.39945532      22.51646921       0.86042896       1.02255715
415         24.57423617      22.71355679       0.90652379       0.95415559
416         24.84048152      22.98552114       0.94902589       0.90593449
417         25.28079491      23.36922415       1.00671566       0.90485510
418         25.81638725      23.83472475       1.04145925       0.94020324
419         26.27045724      24.24631026       1.05530358       0.96884340
420         26.48754805      24.42081222       1.09530460       0.97143123
421         26.65489773      24.53228637       1.16524561       0.95736575
422         26.54602714      24.38165849       1.22017196       0.94419669
423         26.28276675      24.09743401       1.23025727       0.95507548
424         26.07368795      23.81127193       1.23435480       1.02806122
425         26.01126375      23.63062950       1.22070742       1.15992682
426         26.00486652      23.50402484       1.15368716       1.34715452
427         25.99468553      23.45658818       1.00893760       1.52915975
428         25.98946916      23.48759170       0.81752285       1.68435461
429         25.99917647      23.54378196       0.64594256       1.80945196
430         25.86943313      23.45096934       0.51631333       1.90215046
431         25.56079920      23.17906341       0.44972239       1.93201340
432         25.11783858      22.72391050       0.43290928       1.96101880
433         24.62620718      22.09532128       0.45658640       2.07429950
434         24.36757083      21.55179197       0.49898159       2.31679727
435         24.34327469      21.17158135       0.51649006       2.65520328
436         24.61568685      21.08108757       0.47008085       3.06451843
437         24.92345306      20.99014198       0.40416137       3.52914972
438         24.93483725      20.67109472       0.35187466       3.91186788
439         24.92855236      20.27978546       0.33752644       4.31124045
440         25.13365411      20.10085413       0.33762273       4.69517725
441         25.56307852      20.23296469       0.33818151       4.99193231
442         26.03266310      20.47960375       0.33561169       5.21744766
443         26.64010442      20.81590511       0.32401114       5.50018818
444         27.24452733      21.09820655       0.31232516       5.83399562
445         27.57887827      21.18979751       0.32400975       6.06507102
446         27.63957044      20.93944095       0.37176166       6.32836783
447         27.92087749      20.74202695       0.43534489       6.74350564
448         28.67530347      20.87629384       0.51446806       7.28454157
449         29.47713701      21.06901076       0.59593774       7.81218851
450         29.69442756      20.84538830       0.68138758       8.16765168
451         29.33304272      20.24067482       0.75967209       8.33269580
452         29.04231245      19.69928999       0.82245936       8.52056310
453         28.94425923      19.31276624       0.85253886       8.77895413
454         29.11315240      19.16774534       0.86109478       9.08431228
455         29.55077799      19.32541492       0.85605340       9.36930967
456         30.25066850      19.79474485       0.86941502       9.58650862
457         31.16520746      20.50573537       0.87438040       9.78509169
458         32.10506421      21.27636151       0.86108220       9.96762050
459         32.84769814      21.96585634       0.85811300      10.02372880
460         33.25110879      22.28408428       0.90442069      10.06260382
461         33.28942671      22.17993533       1.00927716      10.10021422
462         33.05419921      21.78566052       1.16679568      10.10174300
463         32.94199164      21.47178391       1.38447477      10.08573295
464         33.00816401      21.30571423       1.63012481      10.07232497
465         33.21094511      21.31021452       1.80714940      10.09358119
466         33.50528234      21.48056422       1.85174510      10.17297302
467         33.96637733      21.87902290       1.84881825      10.23853618
468         34.55564825      22.33184731       1.89157566      10.33222528
469         35.29158619      22.78119317       2.03993494      10.47045807
470         36.03297775      23.15951773       2.25200625      10.62145377
471         36.76566589      23.55949909       2.46139095      10.74477585
472         37.39633186      23.96726369       2.64800791      10.78106025
473         37.87085368      24.28232870       2.82161150      10.76691348
474         38.22131979      24.60473918       2.95501646      10.66156415
475         38.62499321      24.97352511       3.07522081      10.57624729
476         39.25930824      25.58005486       3.12588878      10.55336460
477         39.86941479      26.25262397       3.08731512      10.52947569
478         40.26643154      26.84898747       2.99453878      10.42290529
479         40.66696813      27.35624082       2.97368890      10.33703841
480         41.35977077      27.91497874       3.08540762      10.35938442
481         42.16146248      28.47758056       3.26542038      10.41846154
482         42.80553714      29.03534954       3.38804466      10.38214294
483         43.20787255      29.43768877       3.46189398      10.30828980
484         43.32918066      29.50203468       3.50882148      10.31832450
485         43.46926330      29.47761632       3.54455541      10.44709156
486         43.48248989      29.38883490       3.51603987      10.57761511
487         43.19664028      29.14436996       3.47057257      10.58169776
488         42.72643662      28.84014217       3.43939086      10.44690358
489         42.60094902      28.78978602       3.46316929      10.34799370
490         42.98803553      29.13288599       3.46678508      10.38836446
491         43.64989904      29.77950384       3.41071231      10.45968288
492         44.43480417      30.62527255       3.28855713      10.52097450
493         45.29853917      31.61159406       3.07120865      10.61573646
494         46.08226898      32.50476627       2.81937134      10.75813137
495         46.33081744      33.00071605       2.56901031      10.76109108
496         46.05850237      33.08209672       2.39090765      10.58549800
497         45.72290156      33.02787406       2.27898174      10.41604576
498         45.74756789      33.22465894       2.18516172      10.33774723
499         46.18828587      33.74189140       2.04225090      10.40414358
500         46.71650185      34.35660419       1.82474266      10.53515500
501         47.08550492      34.83244084       1.62900655      10.62405752
502         47.36938350      35.24501065       1.56208358      10.56228927
503         47.65056832      35.70674163       1.59031069      10.35351600
504         47.79104858      36.12095775       1.59481614      10.07527469
505         47.77389941      36.47736330       1.50992071       9.78661539
506         47.83737187      36.68566281       1.33328884       9.81842023
507         48.22135216      36.75569932       1.18281209      10.28284075
508         48.89149521      36.79695496       1.15429986      10.94024038
509         49.63484239      36.92666366       1.24756705      11.46061168
510         50.31661609      37.13460197       1.38658133      11.79543279
511         50.87283132      37.32115290       1.54793839      12.00374003
512         51.35963429      37.39173528       1.70459757      12.26330144
513         51.82389314      37.47214729       1.77892531      12.57282054
514         52.19761467      37.48767669       1.74249557      12.96744241
515         52.52233012      37.54343202       1.65803719      13.32086091
516         52.66438706      37.65293399       1.59439725      13.41705582
517         52.48627546      37.63120284       1.54803837      13.30703426
518         52.20088025      37.39685764       1.53845676      13.26556584
519         51.87776890      36.93458802       1.54008701      13.40309387
520         51.55683996      36.45497619       1.53124439      13.57061938
521         51.39955288      36.11588399       1.49586314      13.78780575
522         51.83799041      36.28368251       1.48528673      14.06902118
523         52.63902633      36.80902909       1.51836909      14.31162816
524         53.37639573      37.42121737       1.52073745      14.43444091
525         53.83796165      37.90142878       1.44436869      14.49216418
526         53.98743679      38.18821761       1.29530732      14.50391185
527         53.86658569      38.22398571       1.13714941      14.50545057
528         53.46395403      38.06149216       1.01936283      14.38309903
529         53.09908513      37.97505766       0.96765937      14.15636810
530         53.14295243      38.15917379       0.96451684      14.01926181
531         53.78745575      38.69306838       0.97559194      14.11879543
532         54.40367919      39.13636313       0.99474087      14.27257518
533         54.52715598      39.24189988       1.02040100      14.26485509
534         54.27073994      39.06584132       1.02670333      14.17819529
535         54.06765906      38.92199545       1.00721798      14.13844564
536         54.12503011      38.92732390       0.93861973      14.25908648
537         54.15377593      38.90612631       0.82421530      14.42343432
538         54.02768608      38.69010480       0.72473507      14.61284622
539         53.75924217      38.37422136       0.69324764      14.69177317
540         53.50579525      38.06797759       0.73316338      14.70465428
541         53.42598723      37.86553874       0.77479654      14.78565194
542         53.56478724      37.77925487       0.77068151      15.01485086
543         53.61570821      37.65493774       0.75828851      15.20248196
544         53.52410423      37.51799725       0.77158412      15.23452286
545         53.49409254      37.48167630       0.79802609      15.21439016
546         53.55856709      37.55748071       0.85190377      15.14918262
547         54.10728517      38.07883756       0.94704111      15.08140650
548         55.20090251      39.08282239       1.05061161      15.06746850
549         56.22312903      39.97303613       1.11418886      15.13590404
550         56.47301731      40.19507923       1.12283095      15.15510712
551         56.19361693      39.79117234       1.09750123      15.30494336
552         56.08414415      39.29814582       1.06882355      15.71717478
553         56.58661208      39.24767556       1.05282929      16.28610723
554         57.42695212      39.63408201       1.05442940      16.73844071
555         58.34150274      40.28836125       1.08907823      16.96406326
556         59.37139213      41.12275541       1.13648271      17.11215402
557         60.06208284      41.79421712       1.20519066      17.06267505
558         60.19292409      42.29666520       1.32801327      16.56824563
559         59.95095212      42.59462988       1.45777395      15.89854829
560         59.53627102      42.62092015       1.46895767      15.44639320
561         59.22504159      42.53758649       1.45034904      15.23710607
562         59.16452371      42.68405083       1.48875780      14.99171508
563         59.70685656      43.55019678       1.58156918      14.57509060
564         60.50647860      44.62614716       1.72041426      14.15991718
565         60.89856556      45.25820986       1.81088115      13.82947456
566         60.97287962      45.45310814       1.81751212      13.70225936
567         61.00344163      45.52760770       1.81011440      13.66571954
568         60.93543036      45.62148640       1.83342670      13.48051725
569         61.08305867      45.97539316       1.87010819      13.23755732
570         61.16052984      46.38976868       1.86168696      12.90907420
571         61.06684148      46.72386790       1.86397400      12.47899958
572         60.99887397      47.03892417       1.94477740      12.01517240
573         61.38527476      47.62783306       2.04686246      11.71057924
574         62.32419497      48.50124341       2.14114575      11.68180581
575         63.26808421      49.26929035       2.22688560      11.77190826
576         63.36665018      49.37413162       2.30470822      11.68781033
577         62.72517219      48.86543785       2.39506245      11.46467189
578         62.15280372      48.37865807       2.49465134      11.27949431
579         62.08510177      48.26293105       2.60112329      11.22104742
580         62.62146155      48.69399531       2.69587029      11.23159595
581         63.53716057      49.56540435       2.79768500      11.17407123
582         64.21832521      50.34675388       2.87697835      10.99459297
583         64.32299142      50.68577634       2.90867847      10.72853661
584         64.12652952      50.65966647       2.91880403      10.54805901
585         64.27252305      50.77523679       2.95700858      10.54027767
586         65.03349137      51.32438885       2.97261619      10.73648634
587         65.36292281      51.25047118       2.96590667      11.14654496
588         64.87523080      50.29763390       2.89480980      11.68278710
589         64.05281192      49.05627935       2.78278838      12.21374419
590         63.78594507      48.49897531       2.65768044      12.62928932
591         63.77627066      48.34812932       2.57214795      12.85599340
592         63.79435045      48.20388360       2.51229271      13.07817414
593         63.70914925      48.05967230       2.44697949      13.20249746
594         63.54725772      48.09567304       2.32890564      13.12267904
595         63.19463595      48.04128475       2.17924610      12.97410511
596         62.72558454      47.68690807       2.07827125      12.96040522
597         62.52400229      47.52161177       1.99886171      13.00352881
598         62.38492403      47.53870707       1.85214486      12.99407210
599         62.34277195      47.58121507       1.55576413      13.20579276
600         62.82259728      47.90724088       1.25559385      13.65976256
601         63.73086497      48.75938509       1.06572534      13.90575454
602         64.49565489      49.84363389       0.96645686      13.68556413
603         64.81996085      50.53257413       0.90401214      13.38337458
604         64.84177571      50.73372056       0.85002743      13.25802772
605         64.50913676      50.47432009       0.79437114      13.24044553
606         64.27607275      50.33286205       0.73966067      13.20355004
607         64.37862409      50.47994306       0.70007727      13.19860377
608         64.96352780      50.89087573       0.69599048      13.37666159
609         65.69687791      51.29989411       0.74121689      13.65576690
610         66.29833773      51.61345913       0.77988993      13.90498868
611         66.53538156      51.86106430       0.77055658      13.90376069
612         66.47639878      51.95109137       0.74031456      13.78499285
613         66.67128477      52.17458357       0.75754291      13.73915829
614         67.22476435      52.69457506       0.83152771      13.69866159
615         67.91503932      53.34361241       0.91591107      13.65551584
616         68.18945422      53.68790087       0.96867647      13.53287688
617         68.28102236      53.91500025       0.94655305      13.41946907
618         68.50825893      54.21488833       0.90858599      13.38478461
619         69.35014503      55.00613578       0.92662933      13.41737992
620         69.92434569      55.35560629       0.94038386      13.62835555
621         69.74629632      54.90077027       0.86828370      13.97724234
622         69.11645446      54.07405976       0.74389336      14.29850134
623         68.24065423      53.15208037       0.66335382      14.42522004
624         67.75651411      52.67295618       0.67995629      14.40360164
625         68.40210604      53.20923350       0.80382390      14.38904864
626         69.74837961      54.43266428       0.95410692      14.36160841
627         70.90952410      55.51378598       1.06566844      14.33006968
628         71.46986991      56.01100994       1.12115352      14.33770645
629         71.69176401      56.13030554       1.15597541      14.40548306
630         71.41205332      55.84464408       1.16315869      14.40425055
631         70.53028833      55.06731774       1.14798522      14.31498538
632         69.37533345      54.12180382       1.11404424      14.13948540
633         68.59100816      53.49254313       1.08582860      14.01263643
634         68.41357076      53.31016860       1.08619856      14.01720361
635         68.72854289      53.43506798       1.12328982      14.17018509
636         69.26123320      53.75826007       1.16186324      14.34110989
637         69.73249408      54.11825144       1.19496579      14.41927684
638         69.86135249      54.25736864       1.22848211      14.37550175
639         69.57582220      53.93398599       1.24019109      14.40164512
640         69.04880504      53.23209827       1.22761294      14.58909382
641         68.67845458      52.69225856       1.18326481      14.80293121
642         68.09318267      52.09101014       1.10656752      14.89560501
643         67.05194227      51.18187396       1.03760846      14.83245985
644         65.87383514      50.08040075       1.03632481      14.75710957
645         64.87461542      48.92433473       1.09331079      14.85696989
646         64.02164665      47.80248294       1.16080903      15.05835468
647         63.39641674      47.01471612       1.20147112      15.18022950
648         63.10191463      46.63772310       1.22201395      15.24217757
649         63.00269206      46.54143031       1.18588138      15.27538037
650         62.89386468      46.57960863       1.07236973      15.24188632
651         62.69546709      46.70675464       0.88763181      15.10108064
652         62.81720971      47.16085834       0.70746046      14.94889090
653         63.31159143      48.04152277       0.60948717      14.66058150
654         63.75321513      48.81442376       0.60311677      14.33567460
655         63.56028403      48.80130733       0.65396928      14.10500742
656         62.92297125      48.11950085       0.69829548      14.10517493
657         61.92361680      47.02856334       0.70493012      14.19012333
658         60.83609966      45.95646892       0.68026883      14.19936191
659         59.86404566      45.08976571       0.65202839      14.12225156
660         58.99326461      44.35411763       0.63678415      14.00236283
661         57.95572800      43.46485520       0.60565040      13.88522241
662         56.96135634      42.60265218       0.53919285      13.81951131
663         56.73088205      42.33118184       0.47860166      13.92109855
664         57.69323333      43.17652548       0.43525647      14.08145138
665         59.23010581      44.56440746       0.41482329      14.25087506
666         60.40673201      45.60286584       0.38264962      14.42121656
667         60.98187119      45.92083854       0.33468803      14.72634462
668         61.10978964      45.55868511       0.28834919      15.26275534
669         61.25668491      45.12651600       0.25376696      15.87640194
670         61.63521299      44.93745121       0.24572095      16.45204082
671         62.59871291      45.20259050       0.25341080      17.14271160
672         63.73221176      45.51208484       0.24002888      17.98009804
673         64.56713986      45.63892785       0.19612743      18.73208458
674         65.28288196      45.87950637       0.17136001      19.23201558
675         66.31114538      46.55555755       0.15950086      19.59608697
676         67.55103328      47.36238909       0.14936677      20.03927742
677         68.79860763      48.09587541       0.12471626      20.57801597
678         69.77222232      48.77108057       0.10353183      20.89760991
679         70.54790480      49.40235744       0.10708401      21.03846334
680         71.22300064      49.95818986       0.12897163      21.13583914
681         72.05043953      50.45757241       0.15288037      21.43998675
682         72.82460920      50.98551780       0.15853024      21.68056116
683         73.21324883      51.44269360       0.15374645      21.61680877
684         73.15499384      51.74989461       0.15247756      21.25262167
685         72.83948616      51.89074923       0.16113691      20.78760002
686         72.33900271      51.82299672       0.15708971      20.35891628
687         71.92719933      51.84814107       0.14201981      19.93703844
688         71.90413943      52.17197921       0.14434013      19.58782009
689         72.06436329      52.55668233       0.16842809      19.33925287
690         71.95318941      52.58445921       0.20367677      19.16505343
691         71.40255260      52.36520983       0.23663503      18.80070773
692         70.40100948      52.04980428       0.25975161      18.09145358
693         69.55216920      52.04090349       0.26153436      17.24973135
694         69.14711733      52.48050753       0.21686928      16.44974052
695         68.83536281      52.97836297       0.14469190      15.71230795
696         68.14356726      52.95354358       0.08550963      15.10451405
697         66.92235648      52.28948419       0.05503233      14.57783996
698         65.60753842      51.50790409       0.04607074      14.05356360
699         64.74607847      51.10923161       0.05067298      13.58617388
700         64.25551765      51.15950051       0.05387796      13.04213918
701         63.67748748      51.19083721       0.05277075      12.43387952
702         63.23412844      51.26561074       0.05378141      11.91473629
703         63.13136964      51.41368766       0.05769247      11.65998951
704         63.02545829      51.41060705       0.05623649      11.55861475
705         62.55725833      50.99090125       0.04256399      11.52379310
706         61.77617276      50.27846909       0.02701035      11.47069331
707         61.17109186      49.84351034       0.02133559      11.30624593
708         60.97081502      49.92928306       0.03213853      11.00939342
709         61.19854530      50.49082313       0.05143440      10.65628777
710         61.79166616      51.38975874       0.05835471      10.34355270
711         62.58958854      52.39488768       0.04540508      10.14929577
712         63.21283889      53.11761552       0.03185960      10.06336376
713         63.28037715      53.32958255       0.02377006       9.92702455
714         63.02105897      53.19857244       0.01942585       9.80306068
715         62.46572047      52.79181128       0.01479393       9.65911526
716         61.72820517      52.23216096       0.00579486       9.49024934
717         60.85805451      51.65500927       0.00014118       9.20290406
718         60.31102294      51.39167136       0.00216384       8.91718774
719         59.88980657      51.22206485       0.00708596       8.66065576
720         59.28295325      50.82153373       0.00778296       8.45363656
721         58.58263204      50.28390684       0.00710187       8.29162334
722         58.22886294      50.03256768       0.01184048       8.18445477
723         58.35508074      50.17680754       0.02047016       8.15780304
724         58.82037650      50.67983908       0.03061028       8.10992714
725         59.45251564      51.35961907       0.04993324       8.04296333
726         59.78279339      51.61780267       0.07847916       8.08651156
727         59.88900131      51.50120682       0.09048998       8.29730450
728         59.71990896      51.13139384       0.08070047       8.50781464
729         59.49701008      50.84798191       0.06022731       8.58880086
730         59.12246362      50.56504202       0.04313634       8.51428526
731         58.89704383      50.45079207       0.03227974       8.41397202
732         58.86511098      50.44098533       0.02302352       8.40110214
733         58.88124223      50.43842332       0.01363039       8.42918852
734         58.52861352      50.04762703       0.00923207       8.47175442
735         57.79383996      49.19398802       0.01586754       8.58398440
736         57.33783458      48.47410615       0.02159674       8.84213169
737         57.21731383      48.22458122       0.01992977       8.97280284
738         57.19487468      48.11216488       0.02481666       9.05789314
739         57.14644672      48.04569405       0.04152441       9.05922826
740         57.44625325      48.26093293       0.06784513       9.11747518
741         57.62699820      48.32017088       0.09330431       9.21352300
742         57.60085312      48.22923894       0.11425066       9.25736352
743         57.00161157      47.72251418       0.10828773       9.17080966
744         55.95022623      46.80637922       0.07774492       9.06610209
745         54.73847535      45.56908675       0.05252866       9.11685994
746         53.89086296      44.50395159       0.05059174       9.33631962
747         53.43717627      43.73585090       0.07079892       9.63052644
748         53.11912435      43.19719627       0.09045319       9.83147488
749         52.97455088      42.87513467       0.11428661       9.98512961
750         52.66246298      42.38387732       0.15417728      10.12440838
751         52.10326562      41.65778363       0.18946889      10.25601310
752         51.34347957      40.80053771       0.17900803      10.36393383
753         50.78428652      40.05909910       0.13651906      10.58866835
754         50.45978352      39.40802221       0.10065699      10.95110432
755         50.37535473      38.97915176       0.07895679      11.31724618
756         50.27559766      38.65526992       0.07055797      11.54976976
757         49.93898693      38.30741270       0.07965237      11.55192186
758         49.54607397      38.10256627       0.11322769      11.33028001
759         48.98937054      37.92294370       0.14192035      10.92450648
760         48.46617866      37.63941287       0.14678637      10.67997943
761         47.93748848      37.01915782       0.12996506      10.78836560
762         47.08583430      35.96558011       0.09873132      11.02152287
763         45.96563644      34.63910554       0.07269211      11.25383879
764         44.88470375      33.36604441       0.05892695      11.45973239
765         44.18565490      32.60775941       0.05901545      11.51888004
766         44.01484060      32.55252428       0.06307959      11.39923672
767         44.04799223      32.85125151       0.07286550      11.12387522
768         44.00866608      33.15546605       0.08482992      10.76837010
769         43.90419206      33.33324602       0.10226105      10.46868499
770         43.85027578      33.38694462       0.11409907      10.34923209
771         43.99535118      33.44878052       0.11454777      10.43202288
772         44.05006288      33.43748840       0.09911933      10.51345516
773         43.69507509      33.18056117       0.06964728      10.44486664
774         43.05274788      32.74145040       0.03550530      10.27579218
775         42.52768128      32.38269550       0.00836309      10.13662268
776         42.40762589      32.24997233       0.00006059      10.15759296
777         42.57832820      32.30017271       0.00303121      10.27512428
778         42.69609372      32.27962838       0.01125498      10.40521036
779         42.74960417      32.21843520       0.02710301      10.50406596
780         42.76011474      32.16125476       0.05038317      10.54847681
781         42.68787760      32.08888636       0.07354242      10.52544881
782         42.50199158      31.91903111       0.07992642      10.50303405
783         42.18370811      31.59095247       0.06995926      10.52279638
784         41.70891535      31.13682676       0.05437308      10.51771551
785         41.24872529      30.72167948       0.04757051      10.47947530
786         41.37136267      30.79425836       0.05529093      10.52181338
787         42.18196637      31.43330501       0.07468236      10.67397900
788         43.44067908      32.43855759       0.10686449      10.89525701
789         44.60961966      33.37051891       0.13607026      11.10303049
790         45.30760362      33.87601653       0.15978035      11.27180674
791         45.35457334      33.83014346       0.17662598      11.34780390
792         44.94548215      33.48314641       0.18980292      11.27253282
793         44.36504403      33.00946006       0.18907701      11.16650696
794         44.00515636      32.76689541       0.17845244      11.05980851
795         43.93650682      32.79367841       0.17926938      10.96355903
796         43.98953646      32.82890643       0.20733085      10.95329919
797         43.96617258      32.71795098       0.25022011      10.99800149
798         43.73875836      32.36633818       0.28227880      11.09014139
799         43.50429292      32.05138316       0.27407353      11.17883624
800         43.38000835      31.92694467       0.23593844      11.21712523
801         43.29698081      31.84557250       0.19599512      11.25541319
802         43.05295291      31.52362693       0.15587460      11.37345138
803         42.56417972      30.88888096       0.11859578      11.55670298
804         41.91693290      30.10123357       0.08764842      11.72805091
805         41.47064636      29.62537617       0.06800653      11.77726366
806         41.54208712      29.74760671       0.04721840      11.74726201
807         42.06083925      30.31574749       0.02529727      11.71979450
808         42.61904207      30.91103333       0.00722231      11.70078642
809         42.71296469      31.05920185       0.00025143      11.65351141
810         42.30453869      30.78612990       0.00135571      11.51705308
811         41.88683795      30.53063605       0.00773262      11.34846929
812         41.68262227      30.47950051       0.02324200      11.17987977
813         41.47155270      30.38483965       0.05659483      11.03011823
814         41.22992537      30.21662806       0.10569394      10.90760337
815         40.98155059      30.11201235       0.15522499      10.71431325
816         40.81120122      30.19790950       0.18366391      10.42962781
817         40.64458691      30.39910767       0.19587726      10.04960198
818         40.42116348      30.57768085       0.20929543       9.63418720
819         40.28542487      30.79104198       0.23821732       9.25616557
820         40.47550744      31.19537748       0.28017280       8.99995716
821         40.93122105      31.62874218       0.34118492       8.96129395
822         41.10666792      31.69845457       0.40979439       8.99841895
823         40.88989018      31.46171136       0.44170241       8.98647640
824         40.31939186      31.02106217       0.43603951       8.86229019
825         39.75940293      30.59987781       0.42300811       8.73651700
826         39.64743821      30.49311738       0.43280644       8.72151439
827         39.95801267      30.59085326       0.45278173       8.91437768
828         40.29372411      30.64496661       0.44412856       9.20462894
829         40.19019603      30.36833095       0.38794535       9.43391973
830         39.85142044      29.95944276       0.29592176       9.59605593
831         39.57925394      29.57306473       0.20272776       9.80346145
832         39.64937761      29.39830728       0.13551413      10.11555621
833         39.95505992      29.38190037       0.08374161      10.48941794
834         40.38703752      29.49033633       0.04932180      10.84737938
835         40.94241538      29.72040388       0.02953326      11.19247824
836         41.58472559      29.89008219       0.02566350      11.66897989
837         42.21333306      30.05271125       0.03295208      12.12766974
838         42.74195829      30.10251511       0.04261757      12.59682561
839         43.26927491      30.12528530       0.05910471      13.08488490
840         43.75896720      30.08837775       0.07617123      13.59441823
841         44.03063011      29.94715519       0.08164127      14.00183365
842         44.19041567      29.76101492       0.07908068      14.35032006
843         44.41363516      29.56542305       0.07790996      14.77030215
844         44.75367705      29.40614186       0.08195576      15.26557943
845         45.00333685      29.22776904       0.08412978      15.69143802
846         45.17001429      29.12697173       0.07584853      15.96719403
847         45.41275814      29.25274973       0.05812241      16.10188600
848         45.64894904      29.45908057       0.04863810      16.14123037
849         45.79500412      29.52783586       0.05314794      16.21402031
850         45.74628261      29.35452299       0.06353019      16.32822942
851         45.43358253      28.88311113       0.08538150      16.46508989
852         45.01809976      28.29394513       0.13330701      16.59084761
853         44.73428923      27.92875136       0.19832921      16.60720866
854         44.78878885      28.09893863       0.23139516      16.45845505
855         45.13073581      28.68463938       0.22871980      16.21737663
856         45.63139612      29.40155928       0.22317855      16.00665829
857         46.06087096      29.92683634       0.21940995      15.91462467
858         46.06130850      29.98360655       0.20144656      15.87625539
859         45.60504368      29.71241056       0.17813172      15.71450140
860         44.93908442      29.37852219       0.15839936      15.40216287
861         44.55593276      29.27763904       0.14376797      15.13452575
862         44.71389905      29.33948081       0.14032449      15.23409375
863         45.23678154      29.43046941       0.17891057      15.62740156
864         45.98079554      29.61831734       0.26696664      16.09551155
865         46.90559841      30.05548687       0.37880496      16.47130658
866         47.75114084      30.61048347       0.48494991      16.65570745
867         48.18436863      31.01570940       0.55298849      16.61567074
868         48.36802952      31.25360762       0.56820224      16.54621966
869         48.33175630      31.38435588       0.55976930      16.38763112
870         47.96753394      31.25511025       0.54446239      16.16796130
871         47.61346105      30.97514800       0.51049736      16.12781569
872         47.60083981      30.89211622       0.46497820      16.24374539
873         48.01137328      31.20059323       0.42874091      16.38203914
874         48.70472833      31.81692610       0.41191784      16.47588439
875         49.65683258      32.58296101       0.41418999      16.65968158
876         50.69340914      33.20440208       0.41899890      17.07000816
877         51.51799253      33.33921943       0.40759472      17.77117839
878         51.85700012      33.09658972       0.35659808      18.40381231
879         51.89386786      32.79143478       0.27567037      18.82676271
880         52.10043802      32.82804756       0.19524850      19.07714196
881         52.83311749      33.31533685       0.13414693      19.38363371
882         53.37489452      33.68214985       0.09579785      19.59694683
883         53.31379226      33.55370721       0.06834323      19.69174182
884         53.23340699      33.46592406       0.04929170      19.71819123
885         53.82903603      34.03831390       0.03785966      19.75286247
886         54.86197610      34.88038585       0.03129945      19.95029080
887         55.50911053      35.23590795       0.02718687      20.24601572
888         55.64133336      35.10299068       0.02643638      20.51190631
889         55.85193258      35.14323239       0.03744925      20.67125094
890         56.42186784      35.64039195       0.06228949      20.71918639
891         57.17370974      36.27733548       0.09474305      20.80163121
892         57.51187487      36.39036457       0.11483923      21.00667106
893         57.80279313      36.46547921       0.11947868      21.21783525
894         58.08080699      36.48720860       0.11560034      21.47799806
895         58.65817701      36.96004923       0.12276358      21.57536421
896         59.01111553      37.37650846       0.14249920      21.49210788
897         58.44541935      37.12713279       0.17178586      21.14650069
898         57.91181918      36.95166963       0.19819121      20.76195835
899         57.99642149      37.19990421       0.23625075      20.56026653
900         58.37363955      37.50414861       0.30963857      20.55985237
901         58.43724442      37.28843507       0.39797828      20.75083107
902         57.95089544      36.62435865       0.51499863      20.81153816
903         57.57460176      36.22984602       0.65007891      20.69467683
904         57.73717762      36.53813926       0.74944013      20.44959824
905         58.11413587      37.15232783       0.77025230      20.19155573
906         58.10984820      37.57624091       0.74802027      19.78558703
907         58.14136386      37.93770994       0.73252991      19.47112401
908         58.32122059      38.29597697       0.75447534      19.27076827
909         58.31085298      38.37415979       0.80618212      19.13051107
910         57.83321787      38.08425349       0.84349375      18.90547063
911         57.31393651      37.64040369       0.88658384      18.78694898
912         56.77725119      37.10086111       0.98016627      18.69622380
913         56.48691681      36.68691538       1.15360740      18.64639403
914         56.31743880      36.40882956       1.32848503      18.58012421
915         56.51451637      36.69021130       1.45386463      18.37044045
916         56.85946538      37.20708694       1.53347897      18.11889947
917         56.63525119      37.26026706       1.54302909      17.83195505
918         55.82235745      36.80706570       1.46805382      17.54723793
919         54.65821573      36.12991512       1.37457227      17.15372834
920         54.23068650      36.01806755       1.32000076      16.89261819
921         54.28539526      36.21819767       1.34637757      16.72082002
922         54.53637783      36.37327027       1.44335739      16.71975016
923         54.27495381      36.05107991       1.56534137      16.65853254
924         53.87403239      35.51782122       1.69467697      16.66153420
925         53.34258169      34.93085057       1.82072254      16.59100858
926         52.83440357      34.42135188       2.03864859      16.37440310
927         52.49853778      33.97899893       2.32147501      16.19806383
928         52.26434675      33.45930384       2.63903420      16.16600871
929         51.92469294      32.86621877       2.95937560      16.09909857
930         51.31499364      32.33507536       3.14074498      15.83917331
931         50.70919259      32.00649587       3.12506405      15.57763266
932         50.33892739      31.90862612       2.96465719      15.46564408
933         50.39352649      32.15154057       2.82227158      15.41971434
934         50.56675769      32.58411315       2.72543043      15.25721410
935         50.59081551      32.86548026       2.66731506      15.05802018
936         50.37221259      32.84255553       2.65071788      14.87893918
937         49.93381942      32.55916546       2.70556514      14.66908882
938         49.38344815      32.19928282       2.86305205      14.32111328
939         48.89496209      31.94959094       3.01920254      13.92616861
940         48.59707840      31.84613975       3.11876935      13.63216930
941         48.30424424      31.72465161       3.17756351      13.40202912
942         47.96850924      31.67734980       3.21627180      13.07488764
943         47.69681862      31.87453439       3.12675184      12.69553239
944         47.63023330      32.20713389       2.94069279      12.48240662
945         47.86134106      32.48883846       2.76851339      12.60398920
946         48.48230271      32.74726445       2.71033764      13.02470062
947         49.26395135      32.96875208       2.74867751      13.54652177
948         50.00593334      33.17072407       2.79395377      14.04125550
949         50.61638881      33.27677596       2.80543442      14.53417844
950         51.09305151      33.18372835       2.80096012      15.10836304
951         51.42648967      32.88669027       2.85594996      15.68384944
952         51.64207391      32.54281211       2.91904356      16.18021824
953         52.12226763      32.52634412       2.99884114      16.59708237
954         53.04181886      32.72231317       3.12133942      17.19816628
955         54.16754288      32.89171635       3.21334711      18.06247943
956         54.95471981      32.81036881       3.19426056      18.95009044
957         55.07068774      32.53185204       3.07116926      19.46766644
958         54.84984130      32.20011640       2.88693999      19.76278490
959         54.84330321      31.85894600       2.73399730      20.25035991
960         55.04751202      31.35818484       2.71368690      20.97564028
961         55.16168691      30.72110249       2.81833180      21.62225262
962         55.11602416      30.07229375       3.02694190      22.01678851
963         55.22486497      29.59038048       3.16170536      22.47277913
964         55.78187740      29.61760408       3.06696567      23.09730766
965         56.69685045      30.10464196       2.81029889      23.78190961
966         57.67541051      30.65300632       2.61075884      24.41164535
967         58.35635555      31.01478114       2.49482284      24.84675157
968         58.72895883      31.15693801       2.38017528      25.19184554
969         59.00862118      31.12004784       2.29060491      25.59796843
970         59.03929782      30.89202352       2.29156522      25.85570908
971         58.71879889      30.54030459       2.39275479      25.78573951
972         58.17550976      30.10504458       2.44857234      25.62189284
973         57.52863281      29.65124450       2.41748392      25.45990439
974         56.84922046      29.17590463       2.32703355      25.34628228
975         56.35762901      28.91687257       2.24571160      25.19504485
976         56.22857993      29.09406756       2.15659948      24.97791288
977         56.29237068      29.62179701       2.00448151      24.66609215
978         56.43418111      30.14012174       1.86871705      24.42534232
979         56.50239049      30.40286725       1.79531245      24.30421079
980         56.31834713      30.55880899       1.74193460      24.01760354
981         55.71772697      30.58680079       1.63206573      23.49886045
982         54.75591912      30.34913080       1.50202962      22.90475869
983         53.61828510      29.81337311       1.36668859      22.43822341
984         52.64589222      29.27688715       1.25458136      22.11442372
985         52.20952519      29.07541718       1.18995994      21.94414807
986         52.19489117      29.16363421       1.13023436      21.90102260
987         52.32706886      29.26459756       1.08648370      21.97598760
988         52.27094117      29.23564640       1.04271681      21.99257795
989         51.91038610      29.07277185       0.99618670      21.84142755
990         51.32360593      28.80899414       0.97157086      21.54304093
991         50.60739666      28.40016299       0.95493360      21.25230007
992         49.87659813      27.97238197       0.93194391      20.97227225
993         49.25179561      27.61735858       0.95725449      20.67718254
994         48.74393779      27.31349632       1.06505290      20.36538857
995         48.42801658      27.22687979       1.20334136      19.99779543
996         48.04750301      27.26578036       1.24898012      19.53274253
997         47.99236670      27.57872667       1.18487163      19.22876839
998         48.60395191      28.28978024       1.13361931      19.18055236
999         49.44798185      29.14674105       1.10745515      19.19378565
1000        50.04510726      29.76024146       1.05626869      19.22859711
