0      306          3.41771944      -4.19378478       1.40371316
1      306          3.38643918      -4.19269873       1.43097093
2      306          3.41760519      -4.19804449       1.46892049
3      306          3.45705911      -4.22259086       1.49389345
4      306          3.48727888      -4.24114257       1.48899869
5      306          3.48896685      -4.22882448       1.46571220
6      306          3.46175614      -4.17828406       1.45646231
7      306          3.40460614      -4.10498167       1.46800632
8      306          3.33140408      -4.03737134       1.47604039
9      306          3.24936092      -3.99096937       1.47396518
10     306          3.16266863      -3.98301097       1.48000551
11     306          3.06672441      -4.00940096       1.50715753
12     306          2.96516298      -4.05835015       1.53402280
13     306          2.89115862      -4.06546943       1.53666800
14     306          2.85792325      -4.03927746       1.53029538
15     306          2.84148148      -3.99863419       1.54329501
16     306          2.79527625      -3.93742428       1.56020777
17     306          2.72659423      -3.87792442       1.58483215
18     306          2.64310947      -3.83582311       1.62606754
19     306          2.56123246      -3.80197487       1.65389287
20     306          2.47292227      -3.76329346       1.65918093
21     306          2.38300133      -3.73647349       1.65151860
22     306          2.30910755      -3.71896282       1.64356552
23     306          2.24669752      -3.68648225       1.62589901
24     306          2.20075170      -3.62599877       1.58410697
25     306          2.17715312      -3.56713312       1.53045004
26     306          2.18113785      -3.53522708       1.47605504
27     306          2.19997283      -3.52688256       1.42334021
28     306          2.21181824      -3.51401589       1.37488334
29     306          2.22236233      -3.49575145       1.35393426
30     306          2.24638838      -3.48466238       1.37611247
31     306          2.27110283      -3.49206224       1.41491413
32     306          2.28101878      -3.53373417       1.44057833
33     306          2.28926674      -3.60425267       1.45511747
34     306          2.30543127      -3.69683191       1.48409053
35     306          2.31306542      -3.79004143       1.51645941
36     306          2.29353097      -3.87543480       1.52914053
37     306          2.25673320      -3.95744503       1.53406531
38     306          2.20287673      -4.02665145       1.56398613
39     306          2.14922493      -4.05411256       1.61043013
40     306          2.08089542      -4.04203907       1.65005465
41     306          1.98901032      -4.01361865       1.67045776
42     306          1.88678644      -3.98461485       1.67184483
43     306          1.81703684      -3.96940362       1.68736313
44     306          1.80448899      -3.99410798       1.73350100
45     306          1.81556675      -4.03160088       1.80101814
46     306          1.81414742      -4.04291281       1.86128957
47     306          1.78987877      -4.04528960       1.90177014
48     306          1.76861742      -4.06397060       1.93911423
49     306          1.74005716      -4.11602169       1.96329558
50     306          1.70407933      -4.16112958       1.95996385
51     306          1.64878251      -4.16651631       1.95463596
52     306          1.59930918      -4.12532800       1.96458313
53     306          1.56539129      -4.08435638       1.96920959
54     306          1.53873821      -4.08617199       1.97787447
55     306          1.51034116      -4.13005944       2.00279191
56     306          1.46663219      -4.18707037       2.02944225
57     306          1.41572293      -4.22151476       2.04515349
58     306          1.35225239      -4.22854670       2.05905754
59     306          1.27581561      -4.23018665       2.08929816
60     306          1.19851688      -4.26703027       2.11047220
61     306          1.13276465      -4.32254559       2.10070813
62     306          1.06591674      -4.36282780       2.05396511
63     306          0.98490449      -4.38568070       2.00151620
64     306          0.90358300      -4.40343812       1.97269772
65     306          0.83651340      -4.40904904       1.97367054
66     306          0.80164681      -4.41514738       1.98228993
67     306          0.77689308      -4.44601445       1.98556469
68     306          0.75270675      -4.50856333       2.00019604
69     306          0.73373189      -4.59075083       2.01734741
70     306          0.72040504      -4.67023274       2.02769376
71     306          0.71030582      -4.71708252       2.02660853
72     306          0.69684214      -4.71961317       2.01304412
73     306          0.67987262      -4.69371479       1.98178960
74     306          0.67519927      -4.66548045       1.92252459
75     306          0.66831291      -4.64017330       1.86442728
76     306          0.64843071      -4.61145418       1.83442829
77     306          0.60306276      -4.59733097       1.81891152
78     306          0.52663512      -4.62885312       1.80069967
79     306          0.43441482      -4.70817947       1.78836482
80     306          0.35305694      -4.78926249       1.79866819
81     306          0.31067320      -4.85116447       1.82930128
82     306          0.30449621      -4.88154988       1.86454373
83     306          0.30386494      -4.89407059       1.89393745
84     306          0.27375381      -4.88688837       1.89930171
85     306          0.20484511      -4.86170234       1.88034056
86     306          0.11818669      -4.82547649       1.82651392
87     306          0.02303148      -4.78579481       1.74593031
88     306         -0.07704463      -4.76132108       1.65980527
89     306         -0.16986768      -4.75072728       1.61148751
90     306         -0.23344409      -4.74013506       1.62708550
91     306         -0.26726696      -4.70111611       1.67422422
92     306         -0.31092668      -4.66576882       1.70348203
93     306         -0.37311540      -4.66870450       1.68027295
94     306         -0.46671928      -4.70106203       1.64089264
95     306         -0.55624496      -4.72098028       1.60801300
96     306         -0.62623040      -4.73486475       1.57986915
97     306         -0.65706645      -4.72747141       1.54828027
98     306         -0.66663880      -4.69227171       1.50956898
99     306         -0.68703379      -4.66154568       1.45684216
100    306         -0.70417505      -4.66578171       1.40648228
101    306         -0.71730235      -4.70139556       1.38322113
102    306         -0.73031817      -4.73762577       1.38584875
103    306         -0.76075929      -4.77754698       1.39977829
104    306         -0.81968859      -4.80895138       1.39232830
105    306         -0.88216153      -4.84367883       1.36383570
106    306         -0.92903610      -4.89137939       1.35022423
107    306         -0.94499231      -4.95540518       1.37237593
108    306         -0.93016608      -5.00521215       1.41827960
109    306         -0.90144579      -5.03594760       1.45845361
110    306         -0.88541217      -5.04467362       1.49030362
111    306         -0.89178412      -5.05964662       1.51772153
112    306         -0.91499199      -5.09223913       1.53015873
113    306         -0.93955289      -5.14008646       1.51892131
114    306         -0.96216245      -5.20489347       1.50187931
115    306         -1.00774746      -5.26196460       1.48639939
116    306         -1.07737508      -5.30000968       1.46195145
117    306         -1.15371714      -5.32082054       1.44463281
118    306         -1.21106326      -5.34042877       1.46940454
119    306         -1.25123582      -5.35770434       1.52897988
120    306         -1.30354928      -5.38146941       1.58902037
121    306         -1.36774722      -5.39213985       1.61359668
122    306         -1.42283937      -5.38534592       1.60515896
123    306         -1.46493138      -5.37568751       1.58650632
124    306         -1.51696716      -5.37936816       1.57253925
125    306         -1.59765848      -5.41860390       1.55138241
126    306         -1.67718705      -5.48724232       1.52765328
127    306         -1.73729278      -5.55543481       1.52712658
128    306         -1.77349526      -5.59730584       1.54138914
129    306         -1.77047735      -5.61181722       1.56442011
130    306         -1.73593374      -5.62251857       1.57417787
131    306         -1.69439463      -5.64512211       1.57206315
132    306         -1.67336696      -5.66630601       1.55119974
133    306         -1.65959814      -5.67791651       1.51562415
134    306         -1.63813560      -5.69319944       1.47078033
135    306         -1.61318411      -5.73860297       1.42919101
136    306         -1.60140412      -5.78527408       1.39805134
137    306         -1.60163607      -5.78963934       1.38799525
138    306         -1.59348410      -5.74840127       1.39218212
139    306         -1.58077378      -5.70602296       1.40051697
140    306         -1.57369469      -5.68043810       1.39679258
141    306         -1.57278622      -5.67267256       1.39288205
142    306         -1.55260886      -5.69553094       1.39190737
143    306         -1.51659815      -5.74652233       1.37133175
144    306         -1.49109928      -5.79825915       1.33894545
145    306         -1.48413656      -5.81977625       1.32813117
146    306         -1.46993202      -5.82582322       1.34509591
147    306         -1.44234941      -5.82301343       1.35946553
148    306         -1.44319798      -5.80424155       1.36801708
149    306         -1.46114498      -5.76293939       1.39648346
150    306         -1.45510333      -5.70636454       1.44761600
151    306         -1.41620232      -5.65428231       1.49479710
152    306         -1.36844592      -5.61866833       1.51989609
153    306         -1.34435919      -5.62329214       1.52459360
154    306         -1.33889285      -5.66497348       1.51899743
155    306         -1.33061144      -5.72340356       1.50032643
156    306         -1.32228121      -5.77149999       1.45541706
157    306         -1.33107565      -5.80893999       1.40595450
158    306         -1.32097167      -5.84314693       1.37510474
159    306         -1.29627331      -5.86680653       1.38219089
160    306         -1.26323734      -5.86636286       1.41771169
161    306         -1.23342139      -5.86768621       1.47124120
162    306         -1.20444133      -5.88288225       1.52787783
163    306         -1.19502415      -5.91894107       1.58704003
164    306         -1.20147139      -5.95272990       1.62280573
165    306         -1.22185196      -5.98116731       1.60681865
166    306         -1.22823806      -6.02023014       1.57182322
167    306         -1.22694230      -6.06410954       1.55516502
168    306         -1.26389393      -6.10879834       1.56806195
169    306         -1.31289665      -6.14735023       1.59151935
170    306         -1.33381165      -6.18099373       1.61239250
171    306         -1.32849676      -6.18707680       1.60616085
172    306         -1.32603006      -6.16332910       1.57734407
173    306         -1.33436312      -6.13327116       1.53711886
174    306         -1.34215520      -6.11265783       1.48546964
175    306         -1.36122705      -6.11903651       1.41668489
176    306         -1.41596188      -6.13825272       1.33956315
177    306         -1.51051999      -6.15417149       1.27284445
178    306         -1.60610106      -6.16858569       1.23096382
179    306         -1.68332715      -6.17627648       1.21296247
180    306         -1.74939172      -6.16806030       1.20249989
181    306         -1.81543645      -6.15292043       1.18482925
182    306         -1.85260460      -6.15341104       1.17056859
183    306         -1.84816700      -6.19478765       1.16141291
184    306         -1.84627742      -6.24213879       1.13948904
185    306         -1.89186286      -6.27243539       1.08170668
186    306         -1.94196531      -6.29396638       0.99167646
187    306         -1.95873439      -6.33852094       0.90834856
188    306         -1.95690090      -6.39756467       0.82090148
189    306         -1.96882846      -6.45429495       0.73225140
190    306         -1.97837950      -6.50754152       0.64983075
191    306         -1.96784743      -6.53668430       0.59439847
192    306         -1.93765981      -6.52907272       0.54488589
193    306         -1.87473048      -6.48166255       0.50081874
194    306         -1.79412203      -6.41325939       0.45183427
195    306         -1.72886458      -6.36852074       0.40791520
196    306         -1.70979223      -6.38365504       0.38270543
197    306         -1.73960785      -6.46143171       0.34705853
198    306         -1.81021975      -6.56248947       0.29295936
199    306         -1.88144177      -6.66744675       0.22565345
200    306         -1.90361959      -6.77298970       0.15495457
201    306         -1.89839608      -6.86179108       0.07372517
202    306         -1.87535278      -6.89853031      -0.00467425
203    306         -1.83696424      -6.89738650      -0.04718667
204    306         -1.77625358      -6.86965813      -0.04720059
205    306         -1.71659867      -6.84706242      -0.01739530
206    306         -1.69645541      -6.84609521       0.03070063
207    306         -1.73489227      -6.86169017       0.06919935
208    306         -1.78921310      -6.90220414       0.07716660
209    306         -1.80699392      -6.97362454       0.05378301
210    306         -1.78482062      -7.06402405       0.02409017
211    306         -1.73114804      -7.12651382       0.00944103
212    306         -1.66990151      -7.13719101       0.00655933
213    306         -1.61517929      -7.11391380       0.02838189
214    306         -1.59000242      -7.07638070       0.06936013
215    306         -1.60299246      -7.06902914       0.11061215
216    306         -1.65126346      -7.12709089       0.13856811
217    306         -1.72748491      -7.23635809       0.16858305
218    306         -1.80783195      -7.37383744       0.21224391
219    306         -1.84899128      -7.48922416       0.24522747
220    306         -1.83160004      -7.52836899       0.27268837
221    306         -1.76994479      -7.50301112       0.28327497
222    306         -1.69567246      -7.46317801       0.29360308
223    306         -1.63849551      -7.44822525       0.35111944
224    306         -1.59641151      -7.47732321       0.43798153
225    306         -1.59342417      -7.55327703       0.48519536
226    306         -1.65496363      -7.65992178       0.48313733
227    306         -1.76222557      -7.75861641       0.47083467
228    306         -1.86827766      -7.80813422       0.46414796
229    306         -1.93853705      -7.82148973       0.45806964
230    306         -1.94635186      -7.85219237       0.45194338
231    306         -1.91026859      -7.90565252       0.47240595
232    306         -1.86026676      -7.95724060       0.52448611
233    306         -1.80736115      -7.99254072       0.61412790
234    306         -1.78096026      -8.02379948       0.73263147
235    306         -1.80069650      -8.05343895       0.86316725
236    306         -1.85125224      -8.08874006       0.95649185
237    306         -1.88311718      -8.10708769       0.98985305
238    306         -1.89010435      -8.10440300       0.99865201
239    306         -1.87751123      -8.10881984       1.00229336
240    306         -1.86429056      -8.13205829       0.99033068
241    306         -1.86261305      -8.15257013       0.96668761
242    306         -1.85853707      -8.15896598       0.95740712
243    306         -1.85389769      -8.17124378       0.95804105
244    306         -1.82829219      -8.20891739       0.97852858
245    306         -1.78026845      -8.23515227       1.01331903
246    306         -1.73023059      -8.19445125       1.05922235
247    306         -1.69241773      -8.11524145       1.11873006
248    306         -1.69288177      -8.05053590       1.18820018
249    306         -1.72220435      -8.03167746       1.24122484
250    306         -1.75563175      -8.04918940       1.26122741
251    306         -1.77927992      -8.09085946       1.27446981
252    306         -1.83099711      -8.12450929       1.30201491
253    306         -1.90785147      -8.12729568       1.31015541
254    306         -1.96724559      -8.09375945       1.27790971
255    306         -1.97766969      -8.07260144       1.24848266
256    306         -1.94527928      -8.08912289       1.25581945
257    306         -1.87970323      -8.13322693       1.24953296
258    306         -1.81506198      -8.18318615       1.20539931
259    306         -1.77495685      -8.24048992       1.18240833
260    306         -1.76425659      -8.28110758       1.20110916
261    306         -1.77658161      -8.28485587       1.20696598
262    306         -1.80859319      -8.29033667       1.18790496
263    306         -1.84833168      -8.32497325       1.17217782
264    306         -1.88055544      -8.34947263       1.17126958
265    306         -1.91765324      -8.32251133       1.16859313
266    306         -1.95890014      -8.27369876       1.14035691
267    306         -1.98916569      -8.24139636       1.09980177
268    306         -1.97301873      -8.22069633       1.08236162
269    306         -1.93743142      -8.21189246       1.10138358
270    306         -1.92666012      -8.25009526       1.11503434
271    306         -1.95536609      -8.32370377       1.11502672
272    306         -2.00388698      -8.36716430       1.10741768
273    306         -2.03765524      -8.36676234       1.10976825
274    306         -2.03609308      -8.35001176       1.10871165
275    306         -2.03869763      -8.32539729       1.09821815
276    306         -2.05634744      -8.31564687       1.06459802
277    312         -0.06110618      -7.46930568       2.07448124
278    312         -0.02766461      -7.49469428       2.07728436
279    312         -0.01870226      -7.55212571       2.08728405
280    312         -0.02434622      -7.61427202       2.09101289
281    312         -0.04767139      -7.66852582       2.10669658
282    312         -0.07923467      -7.71713836       2.12393516
283    312         -0.12475719      -7.77966019       2.12151250
284    312         -0.17187592      -7.86153183       2.08418683
285    312         -0.19873639      -7.96199301       2.01216419
286    312         -0.19656050      -8.05214316       1.92426143
287    312         -0.14206543      -8.09316043       1.83282013
288    312         -0.08520987      -8.09207368       1.74055014
289    312         -0.04594089      -8.06960634       1.65615409
290    312         -0.04995000      -8.06655880       1.59578754
291    312         -0.08926830      -8.09745467       1.56605308
292    312         -0.16459092      -8.14790777       1.56608068
293    312         -0.23863321      -8.20178925       1.55668056
294    312         -0.28778912      -8.24198614       1.54169176
295    312         -0.30573648      -8.26625921       1.51881476
296    312         -0.31552499      -8.28381981       1.47857777
297    312         -0.32644118      -8.30825565       1.43905357
298    312         -0.33407980      -8.32047735       1.39815041
299    312         -0.31330473      -8.30736462       1.38286794
300    312         -0.26898086      -8.28861146       1.38023396
301    312         -0.26605858      -8.29420751       1.40085488
302    312         -0.33476849      -8.31098295       1.42464413
303    312         -0.43486561      -8.31850386       1.44139354
304    312         -0.52035402      -8.29934839       1.44732445
305    312         -0.56709228      -8.25646600       1.44953271
306    312         -0.57138524      -8.19159739       1.43756906
307    312         -0.56519259      -8.10743891       1.40196380
308    312         -0.56869423      -8.03065717       1.34612566
309    312         -0.59410625      -7.98713655       1.28423003
310    312         -0.64484792      -7.99165491       1.24974109
311    312         -0.69665640      -8.01918131       1.24678992
312    312         -0.75975794      -8.05888233       1.25741771
313    312         -0.80325749      -8.08124682       1.25594001
314    312         -0.81995635      -8.05272709       1.24400356
315    312         -0.81513086      -7.98091945       1.23096761
316    312         -0.80231432      -7.92744838       1.22426769
317    312         -0.79682430      -7.92247786       1.21434809
318    312         -0.82760153      -7.93813127       1.20009755
319    312         -0.88051726      -7.95136885       1.18006971
320    312         -0.89077897      -7.95835370       1.15910456
321    312         -0.84636176      -7.96091647       1.13056629
322    312         -0.80368902      -7.95006188       1.08645655
323    312         -0.80035970      -7.94381225       1.02269453
324    312         -0.81068935      -7.95318554       0.95213433
325    312         -0.82766839      -7.94736672       0.88310687
326    312         -0.83698070      -7.92198541       0.81828526
327    312         -0.82488741      -7.90256645       0.75511928
328    312         -0.78947918      -7.89692188       0.69488969
329    312         -0.75844173      -7.91076822       0.65720811
330    312         -0.73942547      -7.94603687       0.62228634
331    312         -0.71911712      -7.99685233       0.56389764
332    312         -0.70357690      -8.02219607       0.47964164
333    312         -0.69388100      -8.00670695       0.38158541
334    312         -0.68906907      -7.97061855       0.26966016
335    312         -0.68590166      -7.93498970       0.15712398
336    312         -0.68773912      -7.91764425       0.05521651
337    312         -0.68884465      -7.89683321      -0.02301774
338    312         -0.65548823      -7.84805508      -0.06864238
339    312         -0.60565856      -7.77958249      -0.09322923
340    312         -0.61078991      -7.71089689      -0.08640907
341    312         -0.67706715      -7.65564043      -0.05155867
342    312         -0.75632819      -7.59900906      -0.01696981
343    312         -0.85183593      -7.53494883      -0.01186240
344    312         -0.95327592      -7.48377727      -0.02526918
345    312         -1.01277600      -7.45454988      -0.05346850
346    312         -1.01687679      -7.42312336      -0.08501785
347    312         -1.00055698      -7.40093233      -0.11546409
348    312         -0.98242830      -7.38282684      -0.13883296
349    312         -0.98292373      -7.36281112      -0.15644922
350    312         -0.98549806      -7.33666762      -0.16347851
351    312         -0.98837659      -7.28001018      -0.15382115
352    312         -0.98447875      -7.19928151      -0.13820279
353    312         -0.97324856      -7.11006301      -0.11433227
354    312         -0.97599088      -7.02049071      -0.09793658
355    312         -0.98779685      -6.94814324      -0.08606267
356    312         -1.01478447      -6.90792908      -0.08497875
357    312         -1.02855113      -6.87014672      -0.11483879
358    312         -1.01466810      -6.81784172      -0.19003307
359    312         -0.98368078      -6.75988135      -0.29974285
360    312         -0.97454944      -6.71575508      -0.40364583
361    312         -1.00170795      -6.69745335      -0.46739427
362    312         -1.07078597      -6.67834907      -0.45675567
363    312         -1.18217148      -6.63766996      -0.40259591
364    312         -1.28441627      -6.60228887      -0.33838931
365    312         -1.30124883      -6.60476046      -0.27987581
366    312         -1.22762339      -6.62473695      -0.23135096
367    312         -1.14691699      -6.62066162      -0.19785579
368    312         -1.08410211      -6.58639651      -0.19023098
369    312         -1.01847565      -6.53958338      -0.19248606
370    312         -0.94633646      -6.50033917      -0.19805952
371    312         -0.90602802      -6.45843703      -0.19802277
372    312         -0.89928892      -6.40189777      -0.18247660
373    312         -0.92283004      -6.33086237      -0.13626409
374    312         -0.97508229      -6.26110996      -0.08805413
375    312         -1.03105002      -6.20786890      -0.03532413
376    312         -1.07211160      -6.16554552       0.03607579
377    312         -1.09517802      -6.09000886       0.11705091
378    312         -1.09986452      -5.99791381       0.17559972
379    312         -1.08004092      -5.92946450       0.19645883
380    312         -1.04239815      -5.88707509       0.18008094
381    312         -0.99205810      -5.83667683       0.13565387
382    312         -0.93278329      -5.77250711       0.07580865
383    312         -0.87998240      -5.70884371       0.02389715
384    312         -0.86063498      -5.64106461       0.00035793
385    312         -0.85981881      -5.57170216       0.00297889
386    312         -0.86063369      -5.51561716       0.03657378
387    312         -0.83483537      -5.49289713       0.10112529
388    312         -0.78958831      -5.45912798       0.15624234
389    312         -0.75377972      -5.41458952       0.16620145
390    312         -0.73424530      -5.37942929       0.13897456
391    312         -0.72048167      -5.35426645       0.10011083
392    312         -0.73450935      -5.34372692       0.06835975
393    312         -0.76379233      -5.34750779       0.05034998
394    312         -0.77686632      -5.35350647       0.04781267
395    312         -0.81435203      -5.31694836       0.07625148
396    312         -0.84557016      -5.24426824       0.12604631
397    312         -0.89844581      -5.16759385       0.17916318
398    312         -0.97451026      -5.09763496       0.20653062
399    312         -1.04665401      -5.03595031       0.20511639
400    312         -1.09474906      -5.00671681       0.20009276
401    312         -1.12711714      -5.01422547       0.20879333
402    312         -1.15031153      -5.00950555       0.22545469
403    312         -1.16572907      -4.99788686       0.27036929
404    312         -1.17636253      -4.99059671       0.35071091
405    312         -1.17281442      -4.97292443       0.41903676
406    312         -1.16519396      -4.94940157       0.46446667
407    312         -1.16265122      -4.95180952       0.48996274
408    312         -1.16508588      -4.97412186       0.49766294
409    312         -1.18600363      -5.00316776       0.48083971
410    312         -1.21915890      -5.03457508       0.43883652
411    312         -1.26525733      -5.05635795       0.39415908
412    312         -1.30227454      -5.08749330       0.37417858
413    312         -1.32743274      -5.12137788       0.39249748
414    312         -1.34815475      -5.14590021       0.42690428
415    312         -1.37660232      -5.16796438       0.45190725
416    312         -1.41645310      -5.19713699       0.45247444
417    312         -1.46436257      -5.21430389       0.43407238
418    312         -1.50633481      -5.22106448       0.41941473
419    312         -1.52402238      -5.24035279       0.41810105
420    312         -1.53528837      -5.27325021       0.42526247
421    312         -1.52005926      -5.29839872       0.43201532
422    312         -1.49119429      -5.30295441       0.42643353
423    312         -1.46196005      -5.30479999       0.38977962
424    312         -1.44341515      -5.29864107       0.32671417
425    312         -1.43037553      -5.26788308       0.24304330
426    312         -1.42548076      -5.19824364       0.16712117
427    312         -1.42868043      -5.09795448       0.10588628
428    312         -1.43447408      -4.99749030       0.05855445
429    312         -1.42490065      -4.91233424       0.02452845
430    312         -1.39674454      -4.86439822       0.01374431
431    312         -1.34924086      -4.85174320       0.00334935
432    312         -1.28284662      -4.86949655      -0.03652970
433    312         -1.22467132      -4.90017107      -0.11838975
434    312         -1.18353923      -4.91245721      -0.22576629
435    312         -1.17369511      -4.87940920      -0.34686344
436    312         -1.16378053      -4.82952165      -0.47488997
437    312         -1.12882812      -4.78697502      -0.57413109
438    312         -1.08558884      -4.77475504      -0.67263952
439    312         -1.06567817      -4.77483790      -0.76312261
440    312         -1.08038735      -4.77531854      -0.83055010
441    312         -1.10772018      -4.77310480      -0.88046014
442    312         -1.14472564      -4.76300454      -0.94153484
443    312         -1.17555897      -4.75264537      -1.01165340
444    312         -1.18551828      -4.76300332      -1.05902333
445    312         -1.15824395      -4.80350739      -1.11191158
446    312         -1.13662211      -4.85359149      -1.19311291
447    312         -1.15133887      -4.91104907      -1.29527583
448    312         -1.17237977      -4.96575482      -1.39131609
449    312         -1.14795557      -5.01924682      -1.45419721
450    312         -1.08124431      -5.06537648      -1.48292776
451    312         -1.02066878      -5.10068023      -1.51528720
452    312         -0.97690981      -5.11711509      -1.55921683
453    312         -0.96037893      -5.12173671      -1.61030613
454    312         -0.97834868      -5.11901632      -1.65721965
455    312         -1.03140911      -5.12620905      -1.69249559
456    312         -1.11060645      -5.12886788      -1.72439996
457    312         -1.19491121      -5.12172993      -1.75344070
458    312         -1.26905518      -5.12012867      -1.76231413
459    312         -1.30288267      -5.14479513      -1.76844759
460    312         -1.29183843      -5.19841265      -1.77437026
461    312         -1.24979173      -5.27396795      -1.77461077
462    312         -1.21604619      -5.37042184      -1.77209114
463    312         -1.19809189      -5.47054819      -1.76997948
464    312         -1.19857935      -5.53808735      -1.77332653
465    312         -1.21699352      -5.55457319      -1.78579668
466    312         -1.25978234      -5.55349734      -1.79605811
467    312         -1.30793896      -5.56913043      -1.81066474
468    312         -1.35524538      -5.62204769      -1.83209556
469    312         -1.39471422      -5.69445338      -1.85534403
470    312         -1.43609340      -5.76266685      -1.87420933
471    312         -1.47791777      -5.82105486      -1.87973933
472    312         -1.50999085      -5.87355009      -1.87758437
473    312         -1.54259700      -5.91280091      -1.86149191
474    312         -1.57963237      -5.94741553      -1.84840112
475    312         -1.63995343      -5.96180310      -1.84488109
476    312         -1.70601201      -5.95086051      -1.84120220
477    312         -1.76388142      -5.92425835      -1.82473930
478    312         -1.81259994      -5.91822350      -1.81141334
479    312         -1.86574332      -5.95031762      -1.81488660
480    312         -1.91871950      -6.00083220      -1.82405101
481    312         -1.97072649      -6.03444897      -1.81842013
482    312         -2.00793156      -6.05440134      -1.80693939
483    312         -2.01385811      -6.06696963      -1.80850173
484    312         -2.01160983      -6.07648375      -1.82848293
485    312         -2.00342757      -6.06889541      -1.84861141
486    312         -1.98083314      -6.05673206      -1.84923900
487    312         -1.95258243      -6.04834426      -1.82845385
488    312         -1.94789199      -6.05474402      -1.81311660
489    312         -1.97976942      -6.05571525      -1.81938542
490    312         -2.03934056      -6.04059617      -1.83043014
491    312         -2.11629109      -6.00722271      -1.83989201
492    312         -2.20469944      -5.94627120      -1.85446677
493    312         -2.28357570      -5.87288315      -1.87624589
494    312         -2.32690553      -5.79659803      -1.87669704
495    312         -2.33398437      -5.74004079      -1.84982307
496    312         -2.32926882      -5.70341445      -1.82367677
497    312         -2.34636409      -5.67201403      -1.81152357
498    312         -2.39105766      -5.62285822      -1.82183231
499    312         -2.44373125      -5.54461514      -1.84207719
500    312         -2.48418202      -5.47011019      -1.85574347
501    312         -2.51903141      -5.44361820      -1.84625442
502    312         -2.55779239      -5.45485999      -1.81397483
503    312         -2.59235192      -5.45664508      -1.77044416
504    312         -2.62192983      -5.42257309      -1.72464350
505    312         -2.63914962      -5.34846605      -1.72972269
506    312         -2.64492844      -5.28135643      -1.80297372
507    312         -2.64832993      -5.26816826      -1.90389026
508    312         -2.65901189      -5.31073019      -1.98163936
509    312         -2.67609726      -5.37131666      -2.03073480
510    312         -2.69138466      -5.43794650      -2.06092824
511    312         -2.69715875      -5.49938716      -2.09818653
512    312         -2.70373033      -5.52754837      -2.14210417
513    312         -2.70499864      -5.51382098      -2.19732036
514    312         -2.70955010      -5.48143271      -2.24606230
515    312         -2.71847922      -5.45647922      -2.25921679
516    312         -2.71670823      -5.43798668      -2.24416763
517    312         -2.69757758      -5.43413020      -2.23847929
518    312         -2.65966388      -5.43478720      -2.25731045
519    312         -2.62007620      -5.43121938      -2.28011900
520    312         -2.59192980      -5.41683962      -2.30948031
521    312         -2.60587438      -5.41250818      -2.34715623
522    312         -2.64932507      -5.42600598      -2.37935810
523    312         -2.69956896      -5.42696662      -2.39555531
524    312         -2.73869419      -5.39560369      -2.40314436
525    312         -2.76194217      -5.33190047      -2.40468701
526    312         -2.76483551      -5.26015686      -2.40488902
527    312         -2.75168022      -5.20341978      -2.38879248
528    312         -2.74467114      -5.17748157      -2.35878177
529    312         -2.75959177      -5.17588296      -2.34051731
530    312         -2.80265582      -5.18150536      -2.35378540
531    312         -2.83818682      -5.19115175      -2.37419303
532    312         -2.84661611      -5.20393378      -2.37317115
533    312         -2.83254786      -5.20704848      -2.36168128
534    312         -2.82103007      -5.19738728      -2.35639929
535    312         -2.82145710      -5.16260867      -2.37240740
536    312         -2.81975812      -5.10164782      -2.39410652
537    312         -2.80241760      -5.04509851      -2.41896211
538    312         -2.77697356      -5.02639972      -2.42927173
539    312         -2.75220581      -5.05003438      -2.43095166
540    312         -2.73577865      -5.07401006      -2.44149840
541    312         -2.72876369      -5.07166946      -2.47118695
542    312         -2.71864249      -5.06458241      -2.49532287
543    312         -2.70747421      -5.07218339      -2.49942953
544    312         -2.70450861      -5.08710784      -2.49684964
545    312         -2.71069640      -5.11677111      -2.48848193
546    312         -2.75308582      -5.16694515      -2.47976550
547    312         -2.83390614      -5.21877825      -2.47797056
548    312         -2.90470384      -5.24933623      -2.48677576
549    312         -2.92223949      -5.25342196      -2.48924293
550    312         -2.89030500      -5.24140171      -2.50844013
551    312         -2.85110388      -5.22762401      -2.56077606
552    312         -2.84707709      -5.21985948      -2.63189178
553    312         -2.87784106      -5.22063891      -2.68755079
554    312         -2.92959190      -5.23737389      -2.71503219
555    312         -2.99498322      -5.25984421      -2.73297078
556    312         -3.04712527      -5.29159654      -2.72698594
557    312         -3.08586920      -5.34617936      -2.66669783
558    312         -3.10873671      -5.40116788      -2.58358521
559    312         -3.11075053      -5.40579042      -2.52647681
560    312         -3.10436508      -5.39808916      -2.49976043
561    312         -3.11558377      -5.41393141      -2.46820046
562    312         -3.18153785      -5.45138932      -2.41402054
563    312         -3.26256103      -5.50543041      -2.35925338
564    312         -3.30970279      -5.53947462      -2.31508699
565    312         -3.32417259      -5.54193615      -2.29794314
566    312         -3.32969545      -5.53918970      -2.29300424
567    312         -3.33664851      -5.54782566      -2.26786923
568    312         -3.36279626      -5.56130377      -2.23463225
569    312         -3.39328406      -5.55822128      -2.18920685
570    312         -3.41776649      -5.55905911      -2.12884959
571    312         -3.44077341      -5.58833754      -2.06257771
572    312         -3.48357269      -5.62447079      -2.01835920
573    312         -3.54656397      -5.65705022      -2.01415252
574    312         -3.60148923      -5.68606009      -2.02730830
575    312         -3.60895343      -5.71191133      -2.01503081
576    312         -3.57266237      -5.74138371      -1.98223898
577    312         -3.53775740      -5.77323131      -1.95478268
578    312         -3.52943329      -5.80658461      -1.94607003
579    312         -3.56038885      -5.83569534      -1.94764417
580    312         -3.62255075      -5.86641295      -1.93905085
581    312         -3.67782521      -5.88995056      -1.91209639
582    312         -3.70167494      -5.89926960      -1.87173133
583    312         -3.69984099      -5.90223555      -1.84406439
584    312         -3.70795504      -5.91338025      -1.84286622
585    312         -3.74638475      -5.91791244      -1.87294464
586    312         -3.74122400      -5.91596557      -1.93493102
587    312         -3.67436304      -5.89519884      -2.01429607
588    312         -3.58629936      -5.86195395      -2.09110360
589    312         -3.54640113      -5.82402416      -2.15005798
590    312         -3.53556247      -5.79757652      -2.18181238
591    312         -3.52518223      -5.77880614      -2.21266267
592    312         -3.51478893      -5.75806720      -2.22981095
593    312         -3.51738496      -5.71986002      -2.21881069
594    312         -3.51346262      -5.67001176      -2.19824535
595    312         -3.48785136      -5.63540583      -2.19634312
596    312         -3.47587264      -5.60759584      -2.20232744
597    312         -3.47711247      -5.55472007      -2.20101597
598    312         -3.48019438      -5.44108752      -2.23026438
599    312         -3.50378624      -5.31431762      -2.29219844
600    312         -3.56507263      -5.22612452      -2.32532888
601    312         -3.64228296      -5.17687016      -2.29568735
602    312         -3.69090730      -5.14458031      -2.25461632
603    312         -3.70504130      -5.11575410      -2.23744431
604    312         -3.68680870      -5.08505979      -2.23502914
605    312         -3.67684623      -5.05382005      -2.22995579
606    312         -3.68720442      -5.03049098      -2.22927511
607    312         -3.71606467      -5.02804522      -2.25369871
608    312         -3.74467500      -5.05472432      -2.29165785
609    312         -3.76653133      -5.07689855      -2.32522619
610    312         -3.78374321      -5.07159830      -2.32506153
611    312         -3.78999111      -5.05420012      -2.30910152
612    312         -3.80547816      -5.06415419      -2.30292390
613    312         -3.84138347      -5.10566619      -2.29745714
614    312         -3.88595172      -5.15081721      -2.29162388
615    312         -3.90948336      -5.17799841      -2.27499271
616    312         -3.92496401      -5.16669436      -2.25954619
617    312         -3.94535657      -5.14698255      -2.25480903
618    312         -3.99889271      -5.15640066      -2.25926103
619    312         -4.02241539      -5.16351869      -2.28794711
620    312         -3.99178596      -5.12560220      -2.33490187
621    312         -3.93578719      -5.05627731      -2.37762276
622    312         -3.87282789      -5.00825014      -2.39434161
623    312         -3.83989423      -5.01837940      -2.39149456
624    312         -3.87674651      -5.09034705      -2.38957679
625    312         -3.96013013      -5.17056875      -2.38595812
626    312         -4.03303797      -5.22609696      -2.38179469
627    312         -4.06633093      -5.25263015      -2.38280324
628    312         -4.07429668      -5.26894775      -2.39174242
629    312         -4.05520797      -5.27228313      -2.39158005
630    312         -4.00301622      -5.26522550      -2.37980179
631    312         -3.93903282      -5.24926772      -2.35653755
632    312         -3.89614022      -5.23581578      -2.33963246
633    312         -3.88366184      -5.23599328      -2.34024245
634    312         -3.89220997      -5.25363846      -2.36061747
635    312         -3.91428302      -5.27168238      -2.38325263
636    312         -3.93879138      -5.28692969      -2.39355913
637    312         -3.94824069      -5.30215390      -2.38779073
638    312         -3.92625673      -5.30742345      -2.39123679
639    312         -3.87831361      -5.30176174      -2.41585407
640    312         -3.84122391      -5.28156454      -2.44374460
641    312         -3.79969077      -5.24571991      -2.45576932
642    312         -3.73643138      -5.21241546      -2.44758011
643    312         -3.65903128      -5.21178518      -2.43778519
644    312         -3.57687381      -5.23939981      -2.45076085
645    312         -3.49621453      -5.27119326      -2.47679643
646    312         -3.43900836      -5.28990116      -2.49246824
647    312         -3.41146229      -5.29923218      -2.50040999
648    312         -3.40440855      -5.28276659      -2.50465995
649    312         -3.40720610      -5.22933764      -2.50037269
650    312         -3.41651458      -5.13592692      -2.48229773
651    312         -3.44965694      -5.03489147      -2.46266640
652    312         -3.51347979      -4.97448137      -2.42520072
653    312         -3.56901254      -4.97039071      -2.38253493
654    312         -3.56807381      -5.00246845      -2.35195022
655    312         -3.51910266      -5.02942554      -2.35197252
656    312         -3.44001804      -5.03338595      -2.36326485
657    312         -3.36140063      -5.01856889      -2.36449091
658    312         -3.29717190      -5.00126753      -2.35424527
659    312         -3.24216927      -4.99177234      -2.33825996
660    312         -3.17506868      -4.97202022      -2.32257486
661    312         -3.10935128      -4.92808230      -2.31374717
662    312         -3.08852232      -4.88559520      -2.32738568
663    312         -3.15316524      -4.85352448      -2.34881284
664    312         -3.25793839      -4.83785255      -2.37131996
665    312         -3.33526996      -4.81237157      -2.39381453
666    312         -3.35877217      -4.77230706      -2.43377881
667    312         -3.33199797      -4.73076633      -2.50304449
668    312         -3.29990782      -4.69753766      -2.58080713
669    312         -3.28582076      -4.68948726      -2.65239838
670    312         -3.30556774      -4.69718403      -2.73666262
671    312         -3.32854507      -4.68371220      -2.83658141
672    312         -3.33793951      -4.63664755      -2.92434467
673    312         -3.35572181      -4.60774131      -2.98171904
674    312         -3.40544387      -4.59316037      -3.02303361
675    312         -3.46431435      -4.58026476      -3.07281199
676    312         -3.51739955      -4.54693667      -3.13258665
677    312         -3.56591003      -4.51554841      -3.16767721
678    312         -3.61096162      -4.52102171      -3.18305731
679    312         -3.65039133      -4.55291099      -3.19365991
680    312         -3.68562994      -4.58478397      -3.22662017
681    312         -3.72269496      -4.59194334      -3.25252579
682    312         -3.75463677      -4.58588993      -3.24567484
683    312         -3.77602052      -4.58426853      -3.20634342
684    312         -3.78580395      -4.59520340      -3.15562890
685    312         -3.78109968      -4.59013022      -3.10837242
686    312         -3.78284589      -4.57063994      -3.06137793
687    312         -3.80529788      -4.57370600      -3.02209977
688    312         -3.83187933      -4.60418469      -2.99392858
689    312         -3.83379483      -4.64509041      -2.97407777
690    312         -3.81866155      -4.68023625      -2.93226513
691    312         -3.79683559      -4.70344311      -2.84969178
692    312         -3.79621870      -4.70518908      -2.74956643
693    312         -3.82662370      -4.65947704      -2.65211481
694    312         -3.86090426      -4.57416866      -2.56016221
695    312         -3.85919911      -4.48620508      -2.48273947
696    312         -3.81342737      -4.42837449      -2.41438060
697    312         -3.75918129      -4.40842573      -2.34509513
698    312         -3.73135264      -4.41889138      -2.28222958
699    312         -3.73486754      -4.42590105      -2.20767704
700    312         -3.73705779      -4.42350363      -2.12245750
701    312         -3.74228131      -4.42569298      -2.04805976
702    312         -3.75261442      -4.43397734      -2.01095952
703    312         -3.75239960      -4.43092713      -1.99608312
704    312         -3.72307192      -4.40009519      -1.99095812
705    312         -3.67301177      -4.35813305      -1.98312804
706    312         -3.64227421      -4.33985186      -1.95876300
707    312         -3.64834616      -4.37305700      -1.91432744
708    312         -3.68797005      -4.42057631      -1.86068384
709    312         -3.75094562      -4.43535198      -1.81242625
710    312         -3.82071186      -4.40686946      -1.78208278
711    312         -3.87046384      -4.37227736      -1.76856737
712    312         -3.88499119      -4.34796019      -1.74700494
713    312         -3.87601571      -4.33316144      -1.72727082
714    312         -3.84807792      -4.31541509      -1.70419856
715    312         -3.80946265      -4.26990876      -1.67691167
716    312         -3.76942250      -4.20566669      -1.62991570
717    312         -3.75107902      -4.14726769      -1.58245290
718    312         -3.73923975      -4.10960665      -1.53918605
719    312         -3.71120290      -4.10556368      -1.50380065
720    312         -3.67339520      -4.10951219      -1.47580474
721    312         -3.65565088      -4.08497079      -1.45713545
722    312         -3.66583952      -4.05071081      -1.45247364
723    312         -3.70125795      -4.01882684      -1.44408022
724    312         -3.74884313      -3.97032731      -1.43229871
725    312         -3.76683362      -3.91364346      -1.43996607
726    312         -3.75871469      -3.89296925      -1.47679105
727    312         -3.73290248      -3.90970650      -1.51310268
728    312         -3.71305765      -3.94837225      -1.52695244
729    312         -3.69319063      -3.98609188      -1.51421166
730    312         -3.68515266      -4.01411915      -1.49697159
731    312         -3.68446229      -4.04204975      -1.49475232
732    312         -3.68428192      -4.07703551      -1.49959332
733    312         -3.65671531      -4.09770114      -1.50691468
734    312         -3.59612316      -4.06781834      -1.52613059
735    312         -3.54461538      -4.04682647      -1.56985905
736    312         -3.52667263      -4.05261194      -1.59175055
737    312         -3.51857387      -4.03625175      -1.60592023
738    312         -3.51378069      -3.99000940      -1.60614203
739    312         -3.52928948      -3.93331380      -1.61580256
740    312         -3.53355173      -3.88832723      -1.63166540
741    312         -3.52700798      -3.85577493      -1.63887842
742    312         -3.49042895      -3.86471377      -1.62462131
743    312         -3.42379934      -3.91495702      -1.60728370
744    312         -3.33276845      -3.96459346      -1.61570068
745    312         -3.25340877      -3.96885870      -1.65182601
746    312         -3.19558918      -3.92770411      -1.69959579
747    312         -3.15473796      -3.89303041      -1.73180512
748    312         -3.13019127      -3.85572176      -1.75621241
749    312         -3.09257067      -3.80113063      -1.77817439
750    312         -3.03656469      -3.75850454      -1.79878791
751    312         -2.96981042      -3.77069137      -1.81559326
752    312         -2.91150635      -3.82429992      -1.85031025
753    312         -2.85986148      -3.87651993      -1.90553212
754    312         -2.82560914      -3.91279227      -1.96039834
755    312         -2.79961680      -3.92815727      -1.99478206
756    312         -2.77157880      -3.91155726      -1.99509867
757    312         -2.75500818      -3.85729156      -1.96233497
758    312         -2.74044130      -3.81706160      -1.90151096
759    312         -2.71737737      -3.81065769      -1.86431062
760    312         -2.66661765      -3.83327811      -1.88085159
761    312         -2.57941155      -3.87956938      -1.91615474
762    312         -2.46778016      -3.92417003      -1.95096101
763    312         -2.35861542      -3.95103605      -1.98150949
764    312         -2.29260099      -3.95085382      -1.99023440
765    312         -2.28776251      -3.94262827      -1.97256241
766    312         -2.31388169      -3.92384868      -1.93153424
767    312         -2.34035889      -3.90252901      -1.87780632
768    312         -2.35577569      -3.87400196      -1.83182157
769    312         -2.36042426      -3.85599924      -1.81330908
770    312         -2.36577263      -3.85533571      -1.82615106
771    312         -2.36479631      -3.87895256      -1.83873270
772    312         -2.34253760      -3.92987706      -1.82813873
773    312         -2.30429510      -4.00535627      -1.80187449
774    312         -2.27286010      -4.10233484      -1.78009316
775    312         -2.26118647      -4.18600081      -1.78338473
776    312         -2.26560465      -4.24884124      -1.80177031
777    312         -2.26379694      -4.29987428      -1.82199767
778    312         -2.25840910      -4.35841469      -1.83728452
779    312         -2.25336994      -4.41824673      -1.84412871
780    312         -2.24698588      -4.46497184      -1.84058165
781    312         -2.23197357      -4.47649739      -1.83712532
782    312         -2.20286349      -4.45828291      -1.84017284
783    312         -2.16231880      -4.42696513      -1.83938960
784    312         -2.12499465      -4.41189143      -1.83348861
785    312         -2.13153802      -4.42892502      -1.84002132
786    312         -2.18882183      -4.46706551      -1.86339244
787    312         -2.27776628      -4.52068612      -1.89708326
788    312         -2.35900272      -4.56266180      -1.92840786
789    312         -2.40259125      -4.59351012      -1.95363799
790    312         -2.39864914      -4.61405372      -1.96493700
791    312         -2.36874290      -4.62944855      -1.95374612
792    312         -2.32766654      -4.62861464      -1.93791922
793    312         -2.30651810      -4.61622109      -1.92191588
794    312         -2.30885706      -4.61718693      -1.90741339
795    312         -2.31193207      -4.64912075      -1.90586373
796    312         -2.30224131      -4.69400484      -1.91261033
797    312         -2.27142269      -4.72508394      -1.92647323
798    312         -2.24367466      -4.71730510      -1.93976351
799    312         -2.23267388      -4.67951973      -1.94548454
800    312         -2.22546871      -4.63649814      -1.95119566
801    312         -2.19687110      -4.58859435      -1.96874164
802    312         -2.14005718      -4.53816216      -1.99580195
803    312         -2.06873967      -4.48983954      -2.02091104
804    312         -2.02520038      -4.45456540      -2.02808865
805    312         -2.03641722      -4.41108274      -2.02371474
806    312         -2.08825436      -4.35283592      -2.01970538
807    312         -2.14204974      -4.27876896      -2.01692807
808    312         -2.15535887      -4.20964126      -2.01001082
809    312         -2.13080558      -4.15696479      -1.98996524
810    312         -2.10773403      -4.10584949      -1.96503576
811    312         -2.10310482      -4.04133152      -1.93991956
812    312         -2.09452508      -3.95588811      -1.91744902
813    312         -2.07924591      -3.86867873      -1.89895294
814    312         -2.06972189      -3.79979875      -1.86955940
815    312         -2.07754302      -3.76522451      -1.82578027
816    312         -2.09581914      -3.75120455      -1.76639756
817    312         -2.11198949      -3.73629661      -1.70018555
818    312         -2.13124821      -3.70570966      -1.63868155
819    312         -2.16756278      -3.66447126      -1.59627970
820    312         -2.20622421      -3.60967441      -1.58982888
821    312         -2.21241862      -3.55363293      -1.59602332
822    312         -2.19135458      -3.52917782      -1.59403206
823    312         -2.15193604      -3.53345190      -1.57324673
824    312         -2.11399619      -3.54339404      -1.55204681
825    312         -2.10433791      -3.53590452      -1.54950786
826    312         -2.11318042      -3.52089420      -1.58198235
827    312         -2.11807017      -3.52735507      -1.63019998
828    312         -2.09302742      -3.57093219      -1.66775550
829    312         -2.05580253      -3.64979787      -1.69403698
830    312         -2.02039280      -3.74353179      -1.72733482
831    312         -2.00430115      -3.82566234      -1.77678306
832    312         -2.00278795      -3.90440335      -1.83502393
833    312         -2.01278112      -3.97169966      -1.88982284
834    312         -2.03392287      -4.02193235      -1.94180298
835    312         -2.04946285      -4.03358645      -2.01227570
836    312         -2.06431588      -4.01225771      -2.07876724
837    312         -2.06885646      -3.98734454      -2.14548754
838    312         -2.07093115      -3.95067018      -2.21359038
839    312         -2.06756795      -3.91779343      -2.28334776
840    312         -2.05467996      -3.90805542      -2.33818925
841    312         -2.03764626      -3.91257190      -2.38446847
842    312         -2.01969015      -3.91466122      -2.43950192
843    312         -2.00502358      -3.90750561      -2.50340591
844    312         -1.98855183      -3.90373344      -2.55752882
845    312         -1.97922152      -3.91837866      -2.59218399
846    312         -1.99086168      -3.95269889      -2.60900238
847    312         -2.00990256      -3.97324431      -2.61390185
848    312         -2.01623270      -3.96324640      -2.62295051
849    312         -2.00026201      -3.94173282      -2.63710723
850    312         -1.95658155      -3.90158365      -2.65400663
851    312         -1.90148587      -3.82867245      -2.66947326
852    312         -1.86704653      -3.74844310      -2.67148115
853    312         -1.88312376      -3.71274927      -2.65318899
854    312         -1.93808483      -3.71553819      -2.62336725
855    312         -2.00460103      -3.72136701      -2.59711904
856    312         -2.05282316      -3.72537262      -2.58560065
857    312         -2.05800942      -3.74495679      -2.58078874
858    312         -2.03318971      -3.77172824      -2.56043888
859    312         -2.00247633      -3.79579061      -2.52084578
860    312         -1.99316210      -3.81461731      -2.48659862
861    312         -1.99887366      -3.81918567      -2.49937456
862    312         -2.00726622      -3.77080657      -2.54943768
863    312         -2.02455190      -3.67709663      -2.60820802
864    312         -2.06456903      -3.57831345      -2.65477259
865    312         -2.11495473      -3.49740133      -2.67742730
866    312         -2.15145549      -3.45015282      -2.67251926
867    312         -2.17277317      -3.43999287      -2.66399131
868    312         -2.18445477      -3.44560746      -2.64445076
869    312         -2.17290756      -3.45590783      -2.61722719
870    312         -2.14781270      -3.47929380      -2.61223202
871    312         -2.14034823      -3.51189168      -2.62663985
872    312         -2.16802968      -3.53900168      -2.64376002
873    312         -2.22293000      -3.55197652      -2.65533653
874    312         -2.29042921      -3.55020884      -2.67791416
875    312         -2.34460666      -3.54648354      -2.72787348
876    312         -2.35629298      -3.55535333      -2.81187439
877    312         -2.33524412      -3.59662644      -2.88625331
878    312         -2.30866116      -3.66874157      -2.93526860
879    312         -2.31185712      -3.75191545      -2.96402561
880    312         -2.35422450      -3.82752404      -2.99897167
881    312         -2.38591303      -3.88427251      -3.02313073
882    312         -2.37483675      -3.93235939      -3.03382465
883    312         -2.36725455      -3.97176744      -3.03680384
884    312         -2.41651692      -3.99920919      -3.04070609
885    312         -2.48824245      -4.01686828      -3.06286168
886    312         -2.51826472      -4.02890038      -3.09584412
887    312         -2.50705825      -4.03119210      -3.12529405
888    312         -2.51045333      -4.00026669      -3.14285158
889    312         -2.55223801      -3.94420615      -3.14812014
890    312         -2.60534751      -3.88598119      -3.15716737
891    312         -2.61472323      -3.85490540      -3.17959035
892    312         -2.62094591      -3.84812790      -3.20256899
893    312         -2.62274483      -3.85378428      -3.23072295
894    312         -2.66175827      -3.84340844      -3.24121571
895    312         -2.69591356      -3.81629412      -3.23224498
896    312         -2.67548438      -3.77931420      -3.19481929
897    312         -2.66106906      -3.74859807      -3.15281604
898    312         -2.68145298      -3.70772846      -3.13062985
899    312         -2.70634364      -3.63733301      -3.13058418
900    312         -2.68870628      -3.56292958      -3.15159485
901    312         -2.63408679      -3.47615073      -3.15825332
902    312         -2.60140392      -3.38751007      -3.14542707
903    312         -2.62695915      -3.32808268      -3.11841004
904    312         -2.67755150      -3.31614459      -3.08978834
905    312         -2.71222680      -3.32890313      -3.04438610
906    312         -2.74164010      -3.33790517      -3.00889650
907    312         -2.77065490      -3.32517938      -2.98613516
908    312         -2.77696859      -3.29590833      -2.97013081
909    312         -2.75352464      -3.27536562      -2.94432900
910    312         -2.71745812      -3.25219897      -2.93067826
911    312         -2.67332818      -3.20375131      -2.92019986
912    312         -2.63925302      -3.11972361      -2.91443390
913    312         -2.61625351      -3.04118553      -2.90675366
914    312         -2.63952509      -2.98802169      -2.88236202
915    312         -2.68204178      -2.95544760      -2.85291690
916    312         -2.68639942      -2.95159756      -2.81907680
917    312         -2.64916326      -2.98215207      -2.78522918
918    312         -2.59309707      -3.02136324      -2.73799281
919    312         -2.58378600      -3.04487192      -2.70634988
920    312         -2.60043623      -3.03344967      -2.68539677
921    312         -2.61330620      -2.99238668      -2.68526595
922    312         -2.58653571      -2.94264875      -2.67777340
923    312         -2.54196354      -2.89198719      -2.67814110
924    312         -2.49251326      -2.84444326      -2.66949302
925    312         -2.44925183      -2.76597226      -2.64281660
926    312         -2.41143135      -2.67014604      -2.62096867
927    312         -2.36668233      -2.56927433      -2.61698438
928    312         -2.31518722      -2.47350120      -2.60865504
929    312         -2.26867444      -2.42157007      -2.57613273
930    312         -2.23970894      -2.42599971      -2.54313782
931    312         -2.23105265      -2.47196679      -2.52892515
932    312         -2.25251341      -2.51382300      -2.52308125
933    312         -2.29053013      -2.54289701      -2.50233524
934    312         -2.31512281      -2.56059310      -2.47675333
935    312         -2.31312304      -2.56568224      -2.45360964
936    312         -2.28834448      -2.54892456      -2.42631149
937    312         -2.25672175      -2.50172921      -2.38061152
938    312         -2.23467748      -2.45619952      -2.32806505
939    312         -2.22551897      -2.42778100      -2.28846361
940    312         -2.21474464      -2.41121262      -2.25716503
941    312         -2.21054404      -2.40038806      -2.21220825
942    312         -2.22803422      -2.42552240      -2.15936590
943    312         -2.25741350      -2.47893995      -2.12933179
944    312         -2.28217867      -2.52989975      -2.14649658
945    312         -2.30480312      -2.54747447      -2.20526185
946    312         -2.32412278      -2.53587118      -2.27684682
947    312         -2.34168366      -2.52227236      -2.34345317
948    312         -2.35088316      -2.51884167      -2.40865860
949    312         -2.34281251      -2.52017786      -2.48323462
950    312         -2.31697238      -2.50382917      -2.55657085
951    312         -2.28691132      -2.48526391      -2.61875104
952    312         -2.28546775      -2.46206854      -2.67023853
953    312         -2.30262261      -2.42705350      -2.74335403
954    312         -2.31741058      -2.40120365      -2.84628442
955    312         -2.31031415      -2.40653534      -2.94945700
956    312         -2.28595061      -2.44130960      -3.00850470
957    312         -2.25679520      -2.49468502      -3.04182223
958    312         -2.22665351      -2.54030442      -3.09632683
959    312         -2.18211849      -2.54645758      -3.17620390
960    312         -2.12494260      -2.51499599      -3.24626024
961    312         -2.06610165      -2.45397390      -3.28849192
962    312         -2.02198464      -2.41566629      -3.33683313
963    312         -2.02448637      -2.44250934      -3.40225268
964    312         -2.06905028      -2.51739017      -3.47295677
965    312         -2.11879628      -2.57800050      -3.53710108
966    312         -2.15137215      -2.61428396      -3.58093844
967    312         -2.16412058      -2.65100311      -3.61543473
968    312         -2.16081512      -2.68031033      -3.65573033
969    312         -2.14033989      -2.67999311      -3.68113778
970    312         -2.10860887      -2.64693159      -3.67425292
971    312         -2.06908697      -2.62899331      -3.65809411
972    312         -2.02757619      -2.63895877      -3.64206769
973    312         -1.98375301      -2.66832303      -3.63079598
974    312         -1.95972164      -2.69521493      -3.61575343
975    312         -1.97617225      -2.72524827      -3.59407764
976    312         -2.02487158      -2.77798765      -3.56278381
977    312         -2.07228254      -2.82677452      -3.53848699
978    312         -2.09616007      -2.85389208      -3.52621694
979    312         -2.11028282      -2.87396108      -3.49706265
980    312         -2.11281406      -2.91626150      -3.44384916
981    312         -2.09128508      -2.96821160      -3.38217847
982    312         -2.04244293      -3.02473021      -3.33318703
983    312         -1.99309262      -3.07370382      -3.29888439
984    312         -1.97444313      -3.10293193      -3.28074498
985    312         -1.98261705      -3.13065997      -3.27613968
986    312         -1.99195685      -3.15143949      -3.28414217
987    312         -1.98928032      -3.17264972      -3.28591134
988    312         -1.97419783      -3.19569325      -3.26976815
989    312         -1.94968162      -3.20810184      -3.23773499
990    312         -1.91146089      -3.21657774      -3.20630854
991    312         -1.87117288      -3.22841236      -3.17583619
992    312         -1.83750259      -3.21539095      -3.14350385
993    312         -1.80851212      -3.16177078      -3.10908958
994    312         -1.80021883      -3.09681561      -3.06817631
995    312         -1.80394508      -3.07620699      -3.01587308
996    312         -1.83382573      -3.10526669      -2.98134880
997    312         -1.90109436      -3.12906918      -2.97584759
998    312         -1.98105274      -3.14142783      -2.97735813
999    312         -2.03757537      -3.16603545      -2.98132927
