1            0.00000000       0.00000000       0.00000000       0.00000000
2            0.01831371       0.00011107       0.01794022       0.00026242
3            0.05750328       0.00072799       0.05132531       0.00544998
4            0.09895013       0.00153446       0.07466840       0.02274727
5            0.13423423       0.00001260       0.07799327       0.05622835
6            0.19456454       0.01166654       0.07325388       0.10964412
7            0.29015839       0.04176995       0.08894698       0.15944146
8            0.40454100       0.05551493       0.15302376       0.19600231
9            0.54957879       0.04587577       0.28139123       0.22231180
10           0.70305747       0.03600476       0.42466408       0.24238863
11           0.83068878       0.03116280       0.53370365       0.26582233
12           0.91561180       0.03690064       0.59150437       0.28720680
13           0.96495617       0.05751155       0.60157331       0.30587132
14           0.97455414       0.09416207       0.54811112       0.33228095
15           0.94866372       0.12916402       0.45083218       0.36866752
16           0.88598434       0.14752404       0.35310862       0.38535168
17           0.80057034       0.12510537       0.30559547       0.36986951
18           0.74602554       0.09948635       0.32726984       0.31926935
19           0.76069694       0.07907248       0.40771968       0.27390478
20           0.84994661       0.06828594       0.52100166       0.26065901
21           0.94622431       0.06346680       0.62472832       0.25802919
22           0.95252832       0.08009748       0.63468212       0.23774873
23           0.89203931       0.13152604       0.55787010       0.20264317
24           0.81779485       0.20256466       0.45463085       0.16059934
25           0.76182825       0.26278937       0.34932244       0.14971643
26           0.73524634       0.30200472       0.25887128       0.17437033
27           0.75453671       0.32989905       0.21618584       0.20845182
28           0.78405710       0.36400241       0.20078307       0.21927162
29           0.83145310       0.41938002       0.19054616       0.22152692
30           0.90178992       0.49321761       0.18267281       0.22589950
31           1.01923624       0.61018646       0.18619773       0.22285205
32           1.12286759       0.71820576       0.19886938       0.20579245
33           1.11297262       0.74332202       0.17396358       0.19568701
34           0.99340758       0.68463630       0.12114991       0.18762137
35           0.87586807       0.62987866       0.07817667       0.16781275
36           0.84231999       0.64024674       0.05711872       0.14495453
37           0.89269211       0.70777534       0.04924243       0.13567433
38           1.02439085       0.83911816       0.04985579       0.13541689
39           1.16623646       0.98672324       0.05098838       0.12852484
40           1.27591630       1.11714151       0.04816759       0.11060719
41           1.33168740       1.17711620       0.04686600       0.10770520
42           1.37774600       1.20770521       0.04043027       0.12961052
43           1.37431590       1.21109968       0.02225192       0.14096429
44           1.34360187       1.22158444       0.00260840       0.11940903
45           1.32868511       1.23699449       0.00341910       0.08827152
46           1.28591851       1.20781036       0.01110118       0.06700696
47           1.17486347       1.12026517       0.00595187       0.04864642
48           1.03531554       1.01220389       0.00000832       0.02310333
49           0.90776932       0.89780275       0.00574098       0.00422559
50           0.78518831       0.76890884       0.01623092       0.00004855
51           0.69312431       0.66225053       0.02676465       0.00410912
52           0.62890204       0.57922939       0.03909034       0.01058232
53           0.61101617       0.53760913       0.05334660       0.02006043
54           0.62939203       0.53946371       0.06027985       0.02964847
55           0.67687495       0.58737494       0.05046249       0.03903752
56           0.72509094       0.63747066       0.03495249       0.05266779
57           0.69497061       0.60502810       0.02886746       0.06107506
58           0.55732180       0.48802234       0.02973662       0.03956284
59           0.43387215       0.38851582       0.02963956       0.01571677
60           0.37214421       0.33656584       0.02767019       0.00790818
61           0.35441585       0.32092268       0.02759996       0.00589321
62           0.34944117       0.31423395       0.02561175       0.00959546
63           0.33852993       0.29261749       0.02543631       0.02047614
64           0.31579062       0.26155670       0.02557102       0.02866290
65           0.27611263       0.23268982       0.02187138       0.02155142
66           0.25865462       0.23156474       0.01180221       0.01528767
67           0.26075783       0.24700520       0.00188179       0.01187084
68           0.26559737       0.26113831       0.00072544       0.00373362
69           0.26340710       0.25817698       0.00501159       0.00021853
70           0.25001547       0.22724430       0.00898725       0.01378392
71           0.24561561       0.18668383       0.01425471       0.04467708
72           0.25162215       0.16075026       0.02235037       0.06852151
73           0.26576654       0.15430487       0.03345844       0.07800322
74           0.29186718       0.17107466       0.04078371       0.08000881
75           0.32156136       0.20162967       0.03363259       0.08629910
76           0.36075986       0.23958616       0.02055596       0.10061775
77           0.44001244       0.29567685       0.01278231       0.13155328
78           0.56996627       0.38303900       0.01040274       0.17652453
79           0.70350503       0.47613665       0.00913856       0.21822981
80           0.79384531       0.53462337       0.00638611       0.25283583
81           0.84872028       0.56103331       0.00514144       0.28254553
82           0.88463560       0.59121830       0.00728728       0.28613002
83           0.89832319       0.64530625       0.01021629       0.24280066
84           0.89650734       0.70602008       0.01107597       0.17941129
85           0.92320692       0.77821694       0.01175980       0.13323018
86           0.97076864       0.84877364       0.01422980       0.10776520
87           0.99874116       0.89520154       0.01412632       0.08941330
88           1.00019160       0.90867639       0.01072598       0.08078923
89           0.99717560       0.90417544       0.00640708       0.08659309
90           1.00614708       0.89796687       0.00319408       0.10498613
91           1.02093634       0.90327744       0.00140900       0.11624990
92           1.06635708       0.95432906       0.00000186       0.11202616
93           1.16563349       1.05949126       0.00264188       0.10350034
94           1.27171797       1.15375034       0.01768883       0.10027880
95           1.33450258       1.18875426       0.05299336       0.09275496
96           1.38795674       1.20355541       0.10343574       0.08096560
97           1.42887036       1.20829725       0.14154933       0.07902378
98           1.42436599       1.18038788       0.15648976       0.08748835
99           1.36806236       1.11907100       0.15328090       0.09571047
100          1.31309137       1.06139180       0.14558077       0.10611880
101          1.33237838       1.02457449       0.15580409       0.15199980
102          1.44958930       1.01538978       0.18118957       0.25300996
103          1.61149860       1.00914664       0.22039479       0.38195716
104          1.71424722       0.98490734       0.25054775       0.47879213
105          1.71554823       0.93781115       0.25103278       0.52670430
106          1.63885936       0.88363706       0.21457010       0.54065221
107          1.53819991       0.83791494       0.16701341       0.53327156
108          1.42652363       0.77653046       0.13993038       0.51006279
109          1.32245329       0.69900182       0.15752175       0.46592971
110          1.28111599       0.64334155       0.22355852       0.41421593
111          1.32058152       0.63001374       0.31785089       0.37271689
112          1.38379390       0.64776284       0.38724834       0.34878272
113          1.40510542       0.67198057       0.39930738       0.33381747
114          1.37947419       0.67357126       0.38457345       0.32132949
115          1.28746450       0.61371268       0.36541162       0.30834021
116          1.17372482       0.51550561       0.34800654       0.31021267
117          1.12131675       0.45237875       0.35101677       0.31792124
118          1.16859343       0.47056759       0.40406000       0.29396584
119          1.28588856       0.55601722       0.50186563       0.22800572
120          1.46998487       0.65794009       0.65373501       0.15830978
121          1.72123750       0.75001492       0.85108669       0.12013588
122          1.98221138       0.84382069       1.04730757       0.09108313
123          2.20937437       0.93302569       1.21828960       0.05805907
124          2.38728910       0.98947753       1.36896948       0.02884210
125          2.51325811       0.99745550       1.49786517       0.01793744
126          2.62017681       1.00044877       1.60233037       0.01739766
127          2.75328917       1.02527713       1.70770133       0.02031071
128          2.77666102       1.01060300       1.74415562       0.02190240
129          2.67408148       0.93210573       1.71904559       0.02293015
130          2.54785704       0.85048073       1.67479254       0.02258377
131          2.49290313       0.81148024       1.65912337       0.02229951
132          2.47541130       0.78125291       1.67426219       0.01989620
133          2.46828007       0.78338564       1.66496023       0.01993421
134          2.54228061       0.83874499       1.68112395       0.02241166
135          2.74344461       0.98536552       1.73412108       0.02395802
136          2.94975376       1.13893379       1.78225087       0.02856910
137          2.98861567       1.19579767       1.76324216       0.02957584
138          2.95363124       1.15383105       1.77269703       0.02710316
139          2.89837658       1.05160172       1.82173325       0.02504160
140          2.87172799       0.94372829       1.90149494       0.02650476
141          2.88701796       0.87274121       1.98112643       0.03315033
142          2.97198020       0.86027207       2.06773166       0.04397646
143          3.12238002       0.90295003       2.16451810       0.05491189
144          3.31937476       1.01755207       2.24311739       0.05870530
145          3.53039094       1.16241786       2.32101169       0.04696139
146          3.60275978       1.26090212       2.31416283       0.02769483
147          3.50524211       1.26259869       2.22811063       0.01453278
148          3.38716456       1.20716826       2.16689985       0.01309646
149          3.45787886       1.21232628       2.20901569       0.03653689
150          3.74792908       1.26884315       2.40127869       0.07780724
151          4.15042790       1.37221772       2.67305895       0.10515123
152          4.52626996       1.52843635       2.89989661       0.09793700
153          4.81879855       1.67746054       3.07070939       0.07062863
154          4.96028687       1.73584377       3.18170274       0.04274036
155          4.86088130       1.72733999       3.11446656       0.01907475
156          4.66611007       1.74447666       2.91494612       0.00668729
157          4.53183097       1.77534647       2.75077069       0.00571381
158          4.48062577       1.75754667       2.70680692       0.01627218
159          4.47728251       1.74903598       2.69361825       0.03462828
160          4.55650948       1.86337461       2.63333136       0.05980352
161          4.69438806       2.07712457       2.55116274       0.06610075
162          4.89945538       2.29639076       2.55673656       0.04632806
163          5.08395189       2.39108770       2.66667669       0.02618751
164          5.14880098       2.34823333       2.78349516       0.01707249
165          5.07729347       2.26297171       2.79886211       0.01545965
166          4.90763631       2.12503153       2.76363091       0.01897386
167          4.71608416       1.98625119       2.70248204       0.02735093
168          4.55564388       1.92359455       2.59688887       0.03516047
169          4.43202516       1.95815666       2.43204677       0.04182173
170          4.42339143       2.07753854       2.30175899       0.04409390
171          4.54723064       2.21614694       2.27647741       0.05460629
172          4.72417319       2.32621497       2.30955329       0.08840493
173          4.80032114       2.36805661       2.29921094       0.13305359
174          4.62612900       2.28247654       2.18242451       0.16122795
175          4.35462299       2.12659179       2.07541938       0.15261183
176          4.26595396       2.06941537       2.07071562       0.12582297
177          4.40273338       2.13029776       2.16262860       0.10980702
178          4.55214402       2.20955302       2.23149831       0.11109270
179          4.58541827       2.24648366       2.21716433       0.12177028
180          4.55080472       2.23869042       2.17468420       0.13743011
181          4.57370197       2.29414799       2.11637341       0.16318056
182          4.64778229       2.42609549       2.03654759       0.18513921
183          4.59652132       2.46089671       1.95079908       0.18482553
184          4.39761946       2.33743614       1.89905570       0.16112762
185          4.26868897       2.24609836       1.87428219       0.14830842
186          4.36234567       2.29728341       1.90701083       0.15805143
187          4.55890005       2.40473429       1.98595788       0.16820788
188          4.71293831       2.49096990       2.06401534       0.15795306
189          4.76621541       2.52328898       2.10781981       0.13510662
190          4.80650338       2.56406984       2.11720085       0.12523268
191          4.77195780       2.57169146       2.07237229       0.12789405
192          4.54466399       2.44061110       1.96358712       0.14046577
193          4.27707848       2.23140262       1.88158127       0.16409459
194          4.11973140       2.09557086       1.82827363       0.19588691
195          4.14928364       2.14610672       1.77400537       0.22917155
196          4.24940895       2.28564594       1.72110344       0.24265957
197          4.42731514       2.50206742       1.70990874       0.21533898
198          4.62016808       2.68643016       1.76590504       0.16783288
199          4.71003904       2.74279453       1.82098834       0.14625617
200          4.71708254       2.71624004       1.83438985       0.16645265
201          4.73521250       2.70017555       1.84689573       0.18814121
202          4.84998448       2.76388301       1.90746293       0.17863854
203          4.97686139       2.81472631       2.01453418       0.14760090
204          5.00803733       2.76029322       2.12096336       0.12678075
205          4.99359357       2.64813260       2.23140277       0.11405821
206          5.07649417       2.60281720       2.37210398       0.10157299
207          5.20658724       2.61782100       2.49083945       0.09792680
208          5.24626054       2.57047636       2.55621599       0.11956819
209          5.21270282       2.41441306       2.62144038       0.17684938
210          5.33598881       2.27626009       2.78550275       0.27422597
211          5.61954563       2.24212830       3.01149661       0.36592072
212          5.86692028       2.26864085       3.18616338       0.41211604
213          5.92268683       2.26741819       3.26500101       0.39026763
214          5.84340400       2.24572107       3.25109997       0.34658296
215          5.69317386       2.24958995       3.12965233       0.31393159
216          5.58279390       2.33954933       2.93473796       0.30850662
217          5.55963184       2.57029144       2.68608496       0.30325545
218          5.52670385       2.78481030       2.44164982       0.30024373
219          5.37425595       2.84635648       2.22476961       0.30312986
220          5.11217646       2.77079835       2.04238946       0.29898865
221          4.98360892       2.73190030       1.95873399       0.29297463
222          5.10483694       2.76310761       2.03924609       0.30248324
223          5.36914415       2.86243313       2.17878483       0.32792619
224          5.58702269       3.00324983       2.25183827       0.33193459
225          5.82237294       3.26812757       2.22317255       0.33107282
226          6.14739209       3.61997630       2.18762197       0.33979381
227          6.37678561       3.86138287       2.17718188       0.33822086
228          6.40985459       3.89919183       2.19148868       0.31917408
229          6.43084912       3.86358937       2.25134861       0.31591113
230          6.37416213       3.78860913       2.28507408       0.30047891
231          6.20408712       3.66230499       2.26792507       0.27385706
232          6.11923436       3.58470303       2.27149181       0.26303951
233          6.16976233       3.55253313       2.36292078       0.25430842
234          6.24323940       3.57484137       2.43625940       0.23213863
235          6.22881684       3.64546991       2.37683624       0.20651070
236          6.25103416       3.81625235       2.25916354       0.17561827
237          6.42002479       4.04680271       2.23904824       0.13417384
238          6.57037501       4.19111882       2.28625492       0.09300127
239          6.59882731       4.23722052       2.29302956       0.06857723
240          6.61392115       4.27803011       2.28107085       0.05482019
241          6.64068383       4.30861867       2.28401363       0.04805153
242          6.57846562       4.23571490       2.29962048       0.04313024
243          6.41623932       4.09136246       2.28465136       0.04022550
244          6.22677512       3.91385954       2.27213212       0.04078346
245          6.11985590       3.79341792       2.29231858       0.03411941
246          6.13570459       3.73202792       2.37712920       0.02654746
247          6.20211994       3.72501711       2.45098306       0.02611977
248          6.17295602       3.68772327       2.45249704       0.03273571
249          6.09496397       3.65611865       2.40153913       0.03730620
250          6.05530740       3.68779593       2.33333128       0.03418019
251          6.13163142       3.84413066       2.26321858       0.02428218
252          6.22235371       3.99442994       2.21215077       0.01577301
253          6.32052254       4.07159130       2.23725613       0.01167511
254          6.47629841       4.13037161       2.33643860       0.00948820
255          6.67030932       4.20002679       2.46332943       0.00695309
256          6.88033551       4.26956767       2.60776009       0.00300775
257          7.03806871       4.29161912       2.74487938       0.00157021
258          7.10937468       4.33408268       2.77350480       0.00178720
259          7.11664849       4.41679977       2.69652453       0.00332419
260          7.31282947       4.60845223       2.70096537       0.00341187
261          7.70596630       4.85628408       2.84768339       0.00199883
262          8.09234485       5.03117102       3.06111150       0.00006233
263          8.11371671       4.93393935       3.17826702       0.00151035
264          7.80395387       4.60359957       3.19283296       0.00752133
265          7.49071231       4.29221225       3.18642053       0.01207953
266          7.40875919       4.15336900       3.24513455       0.01025563
267          7.53894443       4.19217656       3.34193648       0.00483139
268          7.73918161       4.32774599       3.40879906       0.00263656
269          7.88235088       4.45091046       3.42807106       0.00336935
270          7.91462630       4.43848716       3.47153924       0.00459989
271          8.00595911       4.38422830       3.61367052       0.00806030
272          8.19190527       4.30346271       3.86932032       0.01912224
273          8.34736923       4.18400410       4.12717468       0.03619045
274          8.39678871       4.02178245       4.32350475       0.05150150
275          8.42870113       3.92206445       4.43720651       0.06943018
276          8.47456736       3.96421547       4.41864111       0.09171078
277          8.63885402       4.09409637       4.42562029       0.11913736
278          8.85606317       4.28749319       4.44912831       0.11944167
279          8.94948534       4.50829137       4.35570516       0.08548881
280          8.98123618       4.71548617       4.20901771       0.05673230
281          9.07793571       4.82768569       4.20454028       0.04570973
282          9.48606459       4.95518779       4.47277832       0.05809848
283         10.13650889       5.15477124       4.90019545       0.08154220
284         10.80135888       5.44732778       5.24326716       0.11076393
285         11.13161220       5.69886779       5.29059125       0.14215315
286         11.16760414       5.89439648       5.10759751       0.16561015
287         10.97689389       5.92447084       4.87961955       0.17280351
288         10.68768887       5.89650534       4.62672692       0.16445661
289         10.40271170       5.95318155       4.29518189       0.15434827
290         10.32398851       6.19649520       3.96880609       0.15868722
291         10.65544659       6.69501140       3.78253437       0.17790081
292         11.27462526       7.29043730       3.79016130       0.19402667
293         11.72895028       7.73178163       3.78317138       0.21399727
294         11.64919783       7.83294816       3.58199241       0.23425726
295         11.38394654       7.90788678       3.23905151       0.23700825
296         11.06605497       7.89936994       2.94608478       0.22060025
297         10.82088243       7.83487969       2.78748853       0.19851421
298         10.62814038       7.75158332       2.70505668       0.17150039
299         10.69095740       7.83093409       2.69834853       0.16167478
300         10.99513316       8.07775250       2.75775201       0.15962864
301         11.39903518       8.37896088       2.85857862       0.16149569
302         11.81781410       8.66030162       2.97413192       0.18338056
303         12.00188280       8.74147978       3.03871601       0.22168701
304         12.01879265       8.67561738       3.08734482       0.25583045
305         11.87224804       8.53503920       3.08734622       0.24986262
306         11.62320595       8.36548941       3.05110112       0.20661542
307         11.30989331       8.18846726       2.95310068       0.16832537
308         11.10695032       8.09455281       2.87285930       0.13953821
309         11.14162109       8.16352327       2.85891891       0.11917891
310         11.51541874       8.42090870       2.98545425       0.10905580
311         12.02054531       8.73321265       3.17729620       0.11003646
312         12.53780806       9.04645618       3.38019149       0.11116039
313         12.88182474       9.21795130       3.57059829       0.09327515
314         12.83516247       9.11498782       3.65208057       0.06809408
315         12.50178582       8.76879653       3.68347573       0.04951357
316         12.26752789       8.47877363       3.74941778       0.03933647
317         12.33710110       8.41793563       3.87839823       0.04076724
318         12.49493027       8.50211311       3.94746464       0.04535252
319         12.61632270       8.58818725       3.97025427       0.05788119
320         12.69255502       8.61137459       4.01490578       0.06627465
321         12.81349458       8.56805579       4.15224513       0.09319366
322         13.01445463       8.57393628       4.30736552       0.13315283
323         13.15113640       8.69037058       4.29356691       0.16719890
324         13.03452425       8.69998861       4.13462536       0.19991029
325         12.76428635       8.57163246       3.95558013       0.23707375
326         12.67437727       8.45653019       3.94190183       0.27594526
327         12.69174230       8.37691431       4.00021884       0.31460915
328         12.62913794       8.22558753       4.03211279       0.37143762
329         12.46277641       8.01110942       4.03300215       0.41866484
330         12.28528111       7.81444996       4.03497235       0.43585880
331         12.15108218       7.68962761       4.01743023       0.44402435
332         12.08478814       7.64032239       3.97948433       0.46498142
333         12.11206644       7.62143213       4.00909260       0.48154170
334         12.14028282       7.58131685       4.07413043       0.48483554
335         12.01681951       7.51719421       4.02660895       0.47301635
336         11.73971213       7.46043916       3.83983487       0.43943809
337         11.42287766       7.36937799       3.65287679       0.40062288
338         11.02264894       7.12742373       3.51165176       0.38357345
339         10.65551174       6.79635374       3.47613498       0.38302301
340         10.40457580       6.53220412       3.49851257       0.37385911
341         10.23559697       6.44687535       3.43802007       0.35070155
342         10.02000716       6.41133083       3.27279516       0.33588117
343          9.87991419       6.35440244       3.19970305       0.32580870
344          9.81751706       6.16674482       3.33086886       0.31990338
345          9.80756462       5.95657229       3.55683022       0.29416210
346          9.80782752       5.79871973       3.73000154       0.27910625
347          9.82788442       5.75944979       3.78461069       0.28382394
348          9.91145158       5.80806901       3.81768984       0.28569273
349          9.94101347       5.85858909       3.81328724       0.26913714
350          9.83321180       5.74095516       3.83745423       0.25480241
351          9.65046489       5.45341143       3.94397476       0.25307870
352          9.55783657       5.14440422       4.16634896       0.24708339
353          9.57424250       4.99301438       4.34214321       0.23908490
354          9.50091488       4.95785822       4.31834446       0.22471220
355          9.44584464       5.02112414       4.22263645       0.20208405
356          9.45990072       5.10311610       4.19235625       0.16442837
357          9.49915923       5.17820959       4.20123385       0.11971579
358          9.55428665       5.26026271       4.20343555       0.09058840
359          9.63986914       5.32797199       4.22775755       0.08413960
360          9.81129460       5.45702971       4.26668985       0.08757503
361          9.97419697       5.57636855       4.31397158       0.08385684
362         10.01627042       5.57640001       4.36214887       0.07772154
363         10.01255796       5.48450966       4.45809074       0.06995755
364         10.10709069       5.45537616       4.59121793       0.06049659
365         10.17762099       5.43350795       4.69698119       0.04713186
366         10.05958956       5.33908480       4.68682747       0.03367729
367          9.87174882       5.28696802       4.55881650       0.02596430
368          9.69581929       5.32877709       4.35066389       0.01637831
369          9.59497982       5.39462944       4.19264590       0.00770448
370          9.53728755       5.40743865       4.12648069       0.00336821
371          9.50571625       5.38789460       4.11589396       0.00192769
372          9.47211946       5.40521925       4.06576552       0.00113470
373          9.44345305       5.45797916       3.98547042       0.00000347
374          9.33059163       5.41177302       3.91647306       0.00234554
375          9.11504937       5.34085874       3.76498044       0.00921019
376          8.73817420       5.28183139       3.44085494       0.01548787
377          8.38765478       5.31465932       3.05194010       0.02105536
378          8.20251857       5.40889379       2.76971182       0.02391296
379          8.08271389       5.44542111       2.61496160       0.02233117
380          7.97453885       5.45173158       2.50540342       0.01740384
381          7.91714678       5.50716338       2.39581034       0.01417307
382          7.86207762       5.53116775       2.31451900       0.01639087
383          7.76313640       5.47597525       2.26314886       0.02401228
384          7.79859426       5.53197607       2.23793375       0.02868444
385          8.10168653       5.85053945       2.22416858       0.02697850
386          8.58766499       6.33944948       2.22207526       0.02614026
387          8.86449011       6.61464317       2.21434524       0.03550170
388          8.95738982       6.67577321       2.23259091       0.04902571
389          9.12872758       6.78371644       2.28485127       0.06015987
390          9.39638573       7.04528741       2.28987738       0.06122093
391          9.52909202       7.28363247       2.17860059       0.06685896
392          9.53335148       7.43781773       2.01872959       0.07680416
393          9.50811041       7.52840436       1.89311905       0.08658699
394          9.54977071       7.65084789       1.80396048       0.09496235
395          9.58566948       7.72498170       1.75036274       0.11032504
396          9.46411453       7.59024221       1.72495413       0.14891820
397          9.26114659       7.30201055       1.74873269       0.21040335
398          9.20939166       7.12145521       1.80202348       0.28591298
399          9.37685156       7.18968952       1.84255998       0.34460206
400          9.58753020       7.37521344       1.85486343       0.35745333
401          9.69459379       7.47495936       1.87795414       0.34168029
402          9.74718250       7.48670075       1.91608065       0.34440110
403          9.70797433       7.32937789       1.96391095       0.41468550
404          9.60171522       7.08233124       1.98422312       0.53516085
405          9.58914555       7.01252227       1.93453616       0.64208712
406          9.71804884       7.18669963       1.84267648       0.68867273
407          9.93138524       7.49815370       1.73686476       0.69636678
408         10.11715144       7.80870193       1.63309499       0.67535452
409         10.21989006       8.04590874       1.56468184       0.60929949
410         10.20184412       8.12194397       1.54896633       0.53093381
411         10.11055475       8.04423414       1.59710688       0.46921374
412          9.96978561       7.83270193       1.72120569       0.41587799
413          9.87281023       7.64654324       1.85918548       0.36708151
414          9.90537021       7.64984137       1.92396701       0.33156183
415          9.93068857       7.69901991       1.92950616       0.30216250
416          9.88302786       7.66896871       1.94145914       0.27260001
417          9.80726359       7.56034410       1.99716932       0.24975017
418          9.69845449       7.37750266       2.05497675       0.26597508
419          9.53498772       7.16530567       2.04337179       0.32631026
420          9.46834115       7.07124120       2.01882066       0.37827929
421          9.53767242       7.06846417       2.08686052       0.38234773
422          9.69250964       7.07826775       2.27356416       0.34067773
423          9.79160887       6.98826577       2.51011026       0.29323284
424          9.77989809       6.85335418       2.67546509       0.25107882
425          9.72366647       6.80611011       2.71067804       0.20687832
426          9.53465076       6.74722642       2.62427478       0.16314956
427          9.15738451       6.59027627       2.43753185       0.12957639
428          8.87243752       6.49362882       2.28254958       0.09625912
429          8.78731469       6.43187392       2.29167400       0.06376677
430          8.74398407       6.26810094       2.44269998       0.03318315
431          8.67361018       6.03205428       2.62643463       0.01512127
432          8.57570104       5.77428582       2.78941011       0.01200511
433          8.58212051       5.63184614       2.93460807       0.01566629
434          8.67078898       5.58994277       3.06188190       0.01896432
435          8.57105661       5.42173035       3.13094884       0.01837742
436          8.06311468       4.96927366       3.07539617       0.01844485
437          7.37145973       4.41750855       2.93693389       0.01701729
438          6.92233629       4.07439901       2.83371486       0.01422242
439          6.80085702       4.00125650       2.78638591       0.01321461
440          6.92482153       4.13703473       2.77173195       0.01605484
441          7.11577653       4.31454390       2.78729903       0.01393360
442          7.26010747       4.41606474       2.83842472       0.00561802
443          7.24924187       4.34964423       2.89840883       0.00118881
444          7.09231240       4.20558660       2.88665387       0.00007193
445          6.83891762       4.01969186       2.81892327       0.00030250
446          6.43804359       3.72825394       2.70829900       0.00149065
447          5.97750306       3.43131178       2.54554290       0.00064838
448          5.61691559       3.22161331       2.39520167       0.00010061
449          5.58025394       3.22880738       2.35069832       0.00074824
450          5.79099987       3.34723502       2.43884286       0.00492199
451          5.91050705       3.35929554       2.54192842       0.00928310
452          5.67912285       3.17084687       2.49662898       0.01164700
453          5.27361007       2.90575638       2.34478300       0.02307069
454          4.93645306       2.70822271       2.18129786       0.04693250
455          4.65295488       2.55697693       2.03383043       0.06214752
456          4.39114817       2.34357732       1.99357967       0.05399118
457          4.13615956       2.10844325       1.98374718       0.04396913
458          3.95554995       1.95664913       1.95260455       0.04629627
459          3.84524686       1.86031036       1.92133581       0.06360069
460          3.77799980       1.75147872       1.93208368       0.09443740
461          3.73585999       1.65545016       1.94926347       0.13114636
462          3.71762397       1.61431903       1.93116275       0.17214218
463          3.71011310       1.63573062       1.88344490       0.19093758
464          3.64550679       1.69399559       1.78940421       0.16210699
465          3.51660811       1.75952545       1.64666253       0.11042014
466          3.35776218       1.74670316       1.54579661       0.06526242
467          3.17223624       1.60916260       1.52675332       0.03632031
468          2.94017002       1.40316055       1.51617655       0.02083292
469          2.74503733       1.25839851       1.46990651       0.01673230
470          2.64044613       1.22048606       1.40118570       0.01877437
471          2.72586090       1.28667256       1.41690463       0.02228371
472          2.94514888       1.46034848       1.45885981       0.02594059
473          3.29983701       1.73808931       1.53078684       0.03096086
474          3.66728207       2.01155847       1.61468065       0.04104295
475          3.87831926       2.16621137       1.64914321       0.06296468
476          3.95500457       2.18959868       1.66630991       0.09909597
477          3.94214867       2.17699918       1.63822841       0.12692109
478          3.79879049       2.14093993       1.52859955       0.12925101
479          3.58696329       2.09068586       1.37202514       0.12425229
480          3.45573438       2.08990306       1.23908246       0.12674887
481          3.41142946       2.15813073       1.11635117       0.13694755
482          3.39311268       2.24015429       1.01230379       0.14065459
483          3.38772917       2.34833392       0.91613124       0.12326401
484          3.45120916       2.50734218       0.84657234       0.09729464
485          3.58534614       2.74893996       0.75454426       0.08186192
486          3.73304598       2.98823207       0.65569420       0.08911971
487          3.86695565       3.16792892       0.60220816       0.09681857
488          4.07615970       3.40108603       0.59022473       0.08484893
489          4.33964850       3.68283561       0.58396228       0.07285060
490          4.47729129       3.85982444       0.52380229       0.09366456
491          4.47649128       3.88131076       0.45411913       0.14106139
492          4.40439900       3.82159386       0.40390869       0.17889646
493          4.40622316       3.82165348       0.38979779       0.19477190
494          4.45361937       3.86106977       0.40646630       0.18608330
495          4.50715141       3.91440725       0.43830751       0.15443664
496          4.49432062       3.91159957       0.44866124       0.13405981
497          4.43957180       3.88509400       0.41705263       0.13742517
498          4.39855812       3.87439149       0.35839819       0.16576844
499          4.35537828       3.84787703       0.31110690       0.19639435
500          4.38473405       3.86620619       0.29931310       0.21921476
501          4.46150299       3.92144812       0.31689327       0.22316160
502          4.47085883       3.92104717       0.32814688       0.22166478
503          4.39650214       3.85117574       0.31268373       0.23264267
504          4.34271399       3.77658318       0.31787924       0.24825158
505          4.33264579       3.73646820       0.36209963       0.23407796
506          4.27169488       3.64635004       0.42320785       0.20213699
507          4.07248041       3.41464390       0.47257769       0.18525883
508          3.86761144       3.16145430       0.51652699       0.18963015
509          3.70051539       2.92749342       0.58314322       0.18987875
510          3.59156259       2.73414936       0.68282814       0.17458509
511          3.45110001       2.54952191       0.74059412       0.16098398
512          3.26824421       2.35739365       0.73461081       0.17623976
513          3.11360045       2.17746908       0.71225170       0.22387967
514          3.12934600       2.08234427       0.77029008       0.27671165
515          3.33976755       2.07984113       0.95157091       0.30835551
516          3.57401208       2.08613993       1.17762787       0.31024428
517          3.73008646       2.06390619       1.38026503       0.28591524
518          3.73040954       2.00643426       1.47970808       0.24426721
519          3.65101363       1.96215278       1.47352422       0.21533663
520          3.58505757       1.92980924       1.43142170       0.22382663
521          3.60149524       1.92606661       1.42973838       0.24569025
522          3.62995387       1.89486188       1.48166514       0.25342686
523          3.65322239       1.83253323       1.60563126       0.21505790
524          3.70716132       1.78157070       1.76797846       0.15761217
525          3.78422776       1.75870984       1.90922602       0.11629191
526          3.93657047       1.79834910       2.04213740       0.09608397
527          4.10785537       1.87815880       2.14676480       0.08293177
528          4.19968509       1.98159620       2.15038814       0.06770074
529          4.12834707       2.02752524       2.02949391       0.07132792
530          3.91295239       1.94234355       1.87323217       0.09737667
531          3.72165324       1.79289141       1.80799437       0.12076747
532          3.70205482       1.67456375       1.90122404       0.12626703
533          3.78593893       1.62871618       2.03982294       0.11739982
534          3.83514634       1.63436015       2.09611526       0.10467094
535          3.78638235       1.66084818       2.03581055       0.08972362
536          3.66387751       1.66821142       1.91201648       0.08364961
537          3.56370877       1.68312945       1.78685728       0.09372204
538          3.53262527       1.72821954       1.67714665       0.12725908
539          3.57749797       1.77752823       1.62087387       0.17909586
540          3.65359411       1.79021368       1.64084051       0.22253992
541          3.62411901       1.73850351       1.67302312       0.21259238
542          3.47501288       1.66018757       1.66237239       0.15245293
543          3.34388982       1.64672548       1.60761134       0.08955300
544          3.31031238       1.68937998       1.56418828       0.05674412
545          3.34586903       1.72328444       1.57244046       0.05014413
546          3.37250733       1.74889582       1.57419927       0.04941224
547          3.36634218       1.78789770       1.53159416       0.04685032
548          3.31240142       1.82157531       1.43942579       0.05140032
549          3.19603858       1.83486950       1.30210113       0.05906795
550          3.03745567       1.81694618       1.15459484       0.06591465
551          2.94326994       1.79645349       1.08906608       0.05775036
552          2.96764549       1.75440889       1.17348455       0.03975205
553          3.00494658       1.67674086       1.30439606       0.02380965
554          2.99870638       1.60162111       1.38469443       0.01239084
555          2.97242583       1.56071236       1.40608258       0.00563089
556          2.96137200       1.51284384       1.44758780       0.00094036
557          2.89827116       1.49933618       1.39892855       0.00000642
558          2.81910669       1.52744696       1.29079344       0.00086629
559          2.64873424       1.57938625       1.06627775       0.00307023
560          2.46120373       1.66514341       0.79014163       0.00591869
561          2.26494030       1.70993673       0.54444336       0.01056021
562          2.05106478       1.63525005       0.40329534       0.01251939
563          1.90870234       1.54798937       0.35205650       0.00865648
564          1.87244285       1.55030397       0.31730383       0.00483506
565          1.88330001       1.61551863       0.26498494       0.00279643
566          1.90513805       1.70207452       0.20066508       0.00239845
567          1.91337424       1.76705309       0.14271113       0.00361002
568          1.87976449       1.78395868       0.08919950       0.00660631
569          1.83010886       1.76890423       0.04725501       0.01394963
570          1.86324428       1.81649484       0.01850015       0.02824930
571          1.97900148       1.91900470       0.00290255       0.05709424
572          2.05285593       1.95136942       0.00040003       0.10108648
573          2.00806054       1.84604776       0.00515536       0.15685742
574          1.95471316       1.73370342       0.01124652       0.20976322
575          2.02792439       1.74520930       0.01624554       0.26646955
576          2.19052613       1.85309247       0.02406761       0.31336605
577          2.39829189       2.02004909       0.04138745       0.33685535
578          2.57968652       2.17750653       0.06725564       0.33492434
579          2.74615740       2.32317378       0.10521460       0.31776902
580          2.88436668       2.44187002       0.15671887       0.28577779
581          2.99030771       2.52086512       0.21891327       0.25052933
582          3.05226411       2.55438024       0.28571997       0.21216390
583          3.12248536       2.60129696       0.34525311       0.17593528
584          3.26746244       2.71285131       0.40037406       0.15423707
585          3.53374555       2.95712163       0.44703422       0.12958970
586          3.76186413       3.18529705       0.46174671       0.11482037
587          3.77381769       3.21275695       0.45504632       0.10601443
588          3.70178979       3.15960835       0.44315086       0.09903058
589          3.66815727       3.14668353       0.43595861       0.08551512
590          3.61697339       3.12971562       0.40516621       0.08209156
591          3.59514614       3.18176260       0.33997593       0.07340761
592          3.61108204       3.26694686       0.28513294       0.05900224
593          3.65719472       3.35843595       0.25433509       0.04442367
594          3.74413932       3.47062074       0.24745373       0.02606485
595          3.74419481       3.48751446       0.24352017       0.01316019
596          3.67232491       3.44254412       0.22631390       0.00346689
597          3.63118140       3.43177174       0.19912100       0.00028867
598          3.62747374       3.44903855       0.17834058       0.00009460
599          3.71470847       3.54008285       0.17283655       0.00178907
600          3.83112111       3.66014262       0.16170439       0.00927411
601          3.90546389       3.73922655       0.14133579       0.02490156
602          3.94897196       3.75312246       0.15294923       0.04290027
603          4.09409504       3.82216424       0.21593659       0.05599421
604          4.34269966       3.98186384       0.30687619       0.05395963
605          4.53318346       4.09955737       0.39164478       0.04198131
606          4.66492782       4.17934971       0.44643916       0.03913895
607          4.79698238       4.26697937       0.48510382       0.04489919
608          4.89308197       4.34245920       0.48764138       0.06298138
609          4.95268218       4.39936807       0.47235161       0.08096250
610          5.03525996       4.49951231       0.43962316       0.09612450
611          5.31461841       4.79613000       0.41117567       0.10731274
612          5.69057495       5.18528893       0.39650368       0.10878235
613          5.95601811       5.46395604       0.39816293       0.09389914
614          6.04489370       5.56504170       0.41759728       0.06225473
615          5.97422809       5.48812859       0.45541529       0.03068421
616          5.71355331       5.21885312       0.48027281       0.01442738
617          5.34326258       4.88253001       0.44971502       0.01101755
618          5.24489108       4.84936227       0.38246062       0.01306819
619          5.42179954       5.06707600       0.33333530       0.02138824
620          5.65263967       5.31083700       0.31336911       0.02843357
621          5.81340658       5.48179564       0.30257606       0.02903489
622          5.84245403       5.51438322       0.30996952       0.01810130
623          5.69549842       5.36907174       0.32136956       0.00505712
624          5.42642164       5.09733012       0.32907545       0.00001607
625          5.14432487       4.83544487       0.30612397       0.00275602
626          4.94551505       4.70716251       0.23524772       0.00310482
627          4.88376571       4.71592326       0.16496855       0.00287390
628          4.97745977       4.84259023       0.12873474       0.00613480
629          5.21134911       5.06787798       0.12518387       0.01828726
630          5.53283143       5.34974205       0.14230703       0.04078235
631          5.85699743       5.61333637       0.17195957       0.07170149
632          6.20271005       5.90005436       0.20925545       0.09340023
633          6.44386841       6.13009428       0.22596889       0.08780525
634          6.50036984       6.25588889       0.17953937       0.06494159
635          6.42086662       6.28914771       0.09234888       0.03937003
636          6.36422778       6.31375084       0.03085815       0.01961880
637          6.37143911       6.34792666       0.00981514       0.01369731
638          6.38198554       6.35499756       0.00763295       0.01935503
639          6.28753624       6.24550981       0.00980209       0.03222434
640          6.13831339       6.09243444       0.01041087       0.03546808
641          6.08994593       6.05831850       0.00902729       0.02260014
642          6.13662179       6.11607735       0.00841354       0.01213090
643          6.17265355       6.15839469       0.00718674       0.00707211
644          6.21691188       6.20517730       0.00558746       0.00614712
645          6.41148089       6.40264344       0.00387025       0.00496720
646          6.62051821       6.61469939       0.00344613       0.00237269
647          6.66941775       6.66540905       0.00400493       0.00000376
648          6.57763279       6.56743949       0.00784884       0.00234445
649          6.51456883       6.48901047       0.01773922       0.00781914
650          6.53489802       6.49481627       0.03049892       0.00958283
651          6.53615136       6.48818199       0.03891157       0.00905779
652          6.39657049       6.34542755       0.04330601       0.00783693
653          6.21282863       6.16162141       0.04808861       0.00311861
654          6.16884997       6.11569116       0.05311602       0.00004278
655          6.32311771       6.25963101       0.06346986       0.00001685
656          6.55797979       6.48396361       0.06674987       0.00726631
657          6.74984533       6.66037080       0.05436251       0.03511202
658          6.92884367       6.82958124       0.04010841       0.05915403
659          7.02167728       6.93790069       0.03780703       0.04596957
660          6.96585280       6.89877278       0.04659045       0.02048956
661          6.83489380       6.75624435       0.06338951       0.01525994
662          6.84714897       6.72938277       0.08784456       0.02992163
663          6.95694587       6.79184321       0.11261135       0.05249131
664          7.02901951       6.85254810       0.11977005       0.05670136
665          6.94789229       6.79729630       0.10512221       0.04547378
666          6.72257622       6.60690506       0.07633106       0.03934009
667          6.49971498       6.40051666       0.05810883       0.04108949
668          6.29687511       6.19294775       0.05808847       0.04583889
669          6.10284871       5.98781380       0.07072749       0.04430743
670          5.86565700       5.74489826       0.08417682       0.03658193
671          5.63066632       5.51671567       0.08431607       0.02963458
672          5.35745865       5.26051412       0.07163160       0.02531292
673          5.05297836       4.97205794       0.05273903       0.02818139
674          4.87764160       4.79028635       0.04038006       0.04697519
675          4.81718569       4.68144052       0.03620627       0.09953891
676          4.62624089       4.44807208       0.03065508       0.14751373
677          4.27378877       4.09540763       0.01651046       0.16187068
678          4.03476787       3.86589718       0.00656113       0.16230956
679          3.95889081       3.78011938       0.00331980       0.17545163
680          3.99027354       3.77330843       0.00213752       0.21482759
681          4.04562148       3.75841458       0.00046876       0.28673814
682          4.16839348       3.80196728       0.00011273       0.36631347
683          4.40345370       3.99293860       0.00106231       0.40945279
684          4.67984326       4.23588214       0.00181407       0.44214705
685          4.82813108       4.31088349       0.00382571       0.51342188
686          4.80752770       4.17655556       0.01150313       0.61946902
687          4.60584032       3.87644132       0.02744160       0.70195740
688          4.23872859       3.47183871       0.04837834       0.71851154
689          3.84369313       3.07621060       0.05730875       0.71017378
690          3.60222123       2.79614445       0.05964769       0.74642909
691          3.54473006       2.64324960       0.06650354       0.83497691
692          3.72088900       2.71774536       0.09202473       0.91111891
693          4.00096665       2.93759468       0.13299639       0.93037559
694          4.25479852       3.17196670       0.18315886       0.89967297
695          4.33766935       3.27956026       0.20566321       0.85244588
696          4.18258998       3.19638367       0.19587255       0.79033377
697          3.97744217       3.05359698       0.18272182       0.74112336
698          3.92756218       2.96480603       0.18910105       0.77365510
699          4.03130405       2.93732906       0.20890236       0.88507263
700          4.17790883       2.94306730       0.23077021       1.00407132
701          4.21991335       2.92711866       0.25043499       1.04235971
702          4.17729334       2.89769524       0.25623779       1.02336032
703          4.22295576       2.90884206       0.25003754       1.06407615
704          4.37465752       2.97144252       0.22732971       1.17588530
705          4.56262346       3.04858612       0.20105160       1.31298574
706          4.74058442       3.10765740       0.17246019       1.46046684
707          4.89261702       3.09963401       0.14197660       1.65100640
708          5.02146262       3.06257718       0.10981512       1.84907032
709          5.13857761       3.04014427       0.08661330       2.01182004
710          5.30683448       3.06004675       0.07809092       2.16869681
711          5.53184833       3.11623925       0.07593380       2.33967527
712          5.74346453       3.18113101       0.07498442       2.48734910
713          5.81102892       3.20404909       0.07287105       2.53410877
714          5.72357146       3.18854703       0.07154269       2.46348174
715          5.57478074       3.17249810       0.06664184       2.33564080
716          5.43673929       3.17305719       0.06250976       2.20117234
717          5.33337653       3.19065959       0.05320974       2.08950720
718          5.22169862       3.15763916       0.04054627       2.02351319
719          5.13582715       3.09177239       0.03521396       2.00884080
720          5.13597656       3.04962771       0.03633672       2.05001212
721          5.21135357       3.06080179       0.03344591       2.11710587
722          5.33373285       3.09943007       0.02578555       2.20851723
723          5.42912544       3.13973086       0.02365800       2.26573659
724          5.44236489       3.18108499       0.02854624       2.23273366
725          5.40351043       3.21224308       0.03572103       2.15554632
726          5.33927212       3.23599415       0.03831547       2.06496250
727          5.24323166       3.23926877       0.04409981       1.95986308
728          5.12976584       3.19990028       0.04916386       1.88070170
729          5.00302532       3.06973415       0.03904638       1.89424480
730          5.01190698       3.02759029       0.01784983       1.96646686
731          5.15140727       3.06093420       0.00648091       2.08399216
732          5.27569482       3.02994319       0.00266976       2.24308187
733          5.34707825       3.00269856       0.00175130       2.34262839
734          5.41779051       3.04959663       0.00051443       2.36767946
735          5.44685403       3.11151325       0.00007293       2.33526785
736          5.35511089       3.09152264       0.00001050       2.26357775
737          5.20170933       3.02163644       0.00052382       2.17954906
738          5.17585387       3.00187206       0.00445988       2.16952193
739          5.31858901       3.02945589       0.01720985       2.27192326
740          5.55698654       3.04877410       0.02915013       2.47906231
741          5.85683710       3.08287357       0.02893004       2.74503349
742          6.16190169       3.18888917       0.02315636       2.94985616
743          6.46271109       3.37276219       0.01221975       3.07772915
744          6.78896511       3.59988147       0.00359983       3.18548380
745          7.02964859       3.70152585       0.00092491       3.32719784
746          7.14315582       3.60521552       0.00017647       3.53776382
747          7.03737282       3.34492869       0.00003213       3.69241201
748          6.84884432       3.10362396       0.00000121       3.74521915
749          6.83524054       3.04102283       0.00000420       3.79421351
750          7.18252658       3.18449828       0.00010591       3.99792239
751          7.73915904       3.40699510       0.00071980       4.33144414
752          8.32391439       3.63400028       0.00149443       4.68841968
753          8.75783644       3.83952648       0.00386923       4.91444073
754          9.04667624       4.05816432       0.00869353       4.97981839
755          9.17493246       4.29437697       0.01081354       4.86974194
756          9.17845231       4.53612135       0.00493294       4.63739803
757          9.03287554       4.77282631       0.00099792       4.25905131
758          8.87265607       5.00669686       0.00044783       3.86551138
759          8.84028124       5.22443322       0.00158099       3.61426703
760          9.02007347       5.42436327       0.00601888       3.58969131
761          9.53536867       5.77314302       0.01291901       3.74930664
762         10.22196669       6.28035351       0.02461756       3.91699561
763         10.69125466       6.71752459       0.04451892       3.92921115
764         10.79088323       6.83751750       0.08017055       3.87319518
765         10.64693758       6.67086323       0.10417974       3.87189461
766         10.25062411       6.29023048       0.09724458       3.86314905
767          9.72603264       5.81239836       0.08596867       3.82766561
768          9.29399208       5.45569966       0.09398213       3.74431030
769          9.16404436       5.41092004       0.11655648       3.63656784
770          9.35130306       5.65220835       0.12342848       3.57566622
771          9.64069501       6.00354580       0.11384823       3.52330097
772          9.80159586       6.28518172       0.09077230       3.42564184
773          9.73115514       6.37306460       0.06652927       3.29156126
774          9.53849394       6.36042458       0.04577322       3.13229614
775          9.32169079       6.32650761       0.03397623       2.96120695
776          9.23493166       6.36869147       0.03426310       2.83197709
777          9.39691418       6.49103067       0.04783691       2.85804660
778          9.78465499       6.65380601       0.07296552       3.05788346
779         10.23293679       6.80089795       0.10695782       3.32508102
780         10.56239345       6.84776057       0.14622419       3.56840869
781         10.72963257       6.76298529       0.17246996       3.79417732
782         10.87564425       6.66256474       0.17898669       4.03409282
783         11.06758380       6.65271467       0.18943960       4.22542953
784         11.18032106       6.71955408       0.21993788       4.24082909
785         11.11456643       6.75717571       0.25680768       4.10058304
786         10.85371700       6.67590576       0.27920562       3.89860563
787         10.53380646       6.55912805       0.26013838       3.71454003
788         10.31074827       6.48748331       0.22100714       3.60225782
789         10.34253022       6.61846504       0.19969379       3.52437138
790         10.56193738       6.89581439       0.21146068       3.45466231
791         10.95954729       7.28226747       0.23599363       3.44128619
792         11.36225735       7.66116263       0.23817882       3.46291591
793         11.57601623       7.93368284       0.23176616       3.41056723
794         11.46253806       7.99461318       0.24744329       3.22048159
795         11.15064970       7.86723266       0.27257479       3.01084224
796         10.92414096       7.73713133       0.29312859       2.89388104
797         10.82959390       7.64989027       0.33141184       2.84829180
798         10.80997134       7.61372380       0.39809423       2.79815332
799         10.78160044       7.50638601       0.47044904       2.80476539
800         10.80661040       7.42196158       0.50286292       2.88178590
801         10.97078781       7.48934862       0.54112516       2.94031403
802         11.35120105       7.79940039       0.60058115       2.95121951
803         11.89651892       8.17735174       0.68051797       3.03864921
804         12.45185047       8.55057170       0.76267692       3.13860185
805         12.88076884       8.85295815       0.83401309       3.19379761
806         12.97562999       8.95210080       0.83766614       3.18586305
807         12.71566042       8.81718439       0.76353525       3.13494079
808         12.21588878       8.49683340       0.64646733       3.07258805
809         11.84931780       8.24339213       0.59777686       3.00814881
810         11.93277880       8.26153599       0.66192501       3.00931780
811         12.28948302       8.47330027       0.78187336       3.03430939
812         12.62375805       8.66016866       0.86986736       3.09372203
813         12.81892768       8.76098658       0.87920973       3.17873138
814         12.92426966       8.83158525       0.82260343       3.27008097
815         12.84178236       8.83008123       0.74201241       3.26968872
816         12.45848632       8.69876558       0.64374038       3.11598036
817         11.92159347       8.47650209       0.53491469       2.91017669
818         11.28086547       8.11430000       0.44620906       2.72035641
819         10.60547949       7.65368691       0.39439237       2.55740021
820         10.03275596       7.23380265       0.36746200       2.43149131
821          9.61435853       6.88455629       0.35745800       2.37234425
822          9.31278319       6.56635269       0.33519834       2.41123216
823          9.29146503       6.35829000       0.28710582       2.64606921
824          9.52708135       6.32796655       0.19767273       3.00144208
825          9.79913643       6.29829569       0.11119039       3.38965035
826          9.87996388       6.11473628       0.06176287       3.70346473
827          9.87331430       5.85682026       0.04318855       3.97330549
828          9.81422304       5.62611322       0.04122893       4.14688089
829          9.83405528       5.46580713       0.05710512       4.31114303
830          9.64928663       5.26537851       0.06143302       4.32247510
831          9.39006489       5.01960496       0.05620048       4.31425946
832          9.19548730       4.87328857       0.05378897       4.26840976
833          9.32057137       4.97036829       0.05080378       4.29939931
834          9.51787276       5.10867541       0.03024004       4.37895731
835          9.51206503       5.09909370       0.00606682       4.40690451
836          9.54870499       5.06966419       0.00083968       4.47820112
837          9.89937106       5.29192762       0.01059003       4.59685341
838         10.39328615       5.58641337       0.01592359       4.79094919
839         10.59432720       5.69301852       0.02505399       4.87625469
840         10.47031146       5.56145032       0.03922680       4.86963434
841         10.45599784       5.56609421       0.04316312       4.84674051
842         10.72028656       5.82221039       0.03605060       4.86202557
843         11.05412170       6.14131510       0.02769649       4.88511011
844         28.23981998      20.72019791       1.02956444       6.49005762
845         29.18781686      21.44860263       1.11637833       6.62283591
846         30.01656545      22.09504922       1.07270245       6.84881378
847         30.78700700      22.76506331       0.92764022       7.09430347
848         31.54275137      23.46337632       0.80287695       7.27649810
849         32.19769591      24.01159576       0.75347842       7.43262172
850         32.71220249      24.44069175       0.77605992       7.49545083
851         32.88413740      24.69830841       0.79508832       7.39074067
852         32.79564405      24.91599928       0.78911100       7.09053377
853         32.74916072      25.19699324       0.74353437       6.80863311
854         33.23709594      25.82236891       0.67507053       6.73965650
855         34.16840593      26.83989381       0.60720212       6.72131001
856         34.92631647      27.86281625       0.54981774       6.51368247
857         35.35773612      28.53682116       0.51821891       6.30269606
858         35.35719469      28.69513397       0.52034877       6.14171196
859         35.05384099      28.67408224       0.52168210       5.85807665
860         34.79918246      28.81986254       0.47976789       5.49955203
861         34.85243333      29.11520650       0.44022769       5.29699914
862         35.21298102      29.56531430       0.40592666       5.24174005
863         35.51397591      29.87173550       0.36730047       5.27493994
864         35.72773689      30.04673613       0.32290949       5.35809127
865         35.85060956      30.14561957       0.28423685       5.42075314
866         36.09382399      30.27757041       0.25065457       5.56559901
867         36.23944117      30.28032194       0.22132299       5.73779624
868         36.50595637      30.42115215       0.23144509       5.85335913
869         36.68501850      30.57482228       0.26473464       5.84546158
870         36.61009022      30.54143595       0.29489680       5.77375747
871         36.13675970      29.98896106       0.36630904       5.78148959
872         35.87098031      29.50750812       0.47688455       5.88658765
873         36.37418176      29.74800388       0.60050394       6.02567394
874         37.44285637      30.63411199       0.70390315       6.10484122
875         38.32344265      31.39682946       0.79310000       6.13351318
876         38.25904245      31.21818769       0.85343138       6.18742337
877         37.43569715      30.24357458       0.90991474       6.28220784
878         36.51650017      29.26893304       0.93678924       6.31077789
879         35.66511803      28.43722417       0.93482652       6.29306734
880         34.94225728      27.73546664       0.92573401       6.28105664
881         34.74877311      27.52951163       0.94047195       6.27878953
882         35.28975302      28.08387640       0.97487631       6.23100031
883         36.21123603      28.94979650       1.05084014       6.21059939
884         36.93856095      29.56961370       1.09930509       6.26964216
885         37.29019418      29.90084411       1.09095957       6.29839050
886         37.00059627      29.68238146       1.03483355       6.28338125
887         36.33091416      29.14738480       0.93859303       6.24493633
888         35.85603042      28.80276754       0.84854302       6.20471986
889         35.55833934      28.60980543       0.72788542       6.22064849
890         35.63978348      28.70763195       0.62395337       6.30819815
891         35.78822152      28.92639540       0.54700320       6.31482291
892         36.01432083      29.26645527       0.52742512       6.22044043
893         36.23226893      29.68140331       0.48998624       6.06087938
894         36.54614795      30.08948294       0.43510233       6.02156268
895         36.84285393      30.43541336       0.35755517       6.04988540
896         36.83006136      30.38181372       0.33144620       6.11680144
897         36.43931591      29.89781952       0.37315422       6.16834218
898         36.24685584      29.56402554       0.43262700       6.25020330
899         36.21606177      29.34610882       0.43514172       6.43481122
900         36.18200957      29.13180294       0.43439761       6.61580901
901         36.05844489      28.92717666       0.45242770       6.67884053
902         35.91801607      28.71324940       0.45353269       6.75123398
903         35.99130072      28.76981760       0.39749889       6.82398423
904         36.04696598      28.83047999       0.31950656       6.89697944
905         36.27314467      29.15786186       0.27357597       6.84170684
906         36.70219688      29.82576438       0.24966207       6.62677042
907         37.01986203      30.31153204       0.26351168       6.44481831
908         37.13723253      30.55324586       0.27718430       6.30680238
909         36.95560163      30.40635609       0.26775733       6.28148821
910         36.41810682      29.87473723       0.24801886       6.29535072
911         35.49928628      28.99281064       0.25442703       6.25204862
912         34.51357220      27.98979910       0.29870174       6.22507136
913         33.87699585      27.27404761       0.34823796       6.25471029
914         33.67389472      26.98653769       0.37315203       6.31420500
915         33.49636614      26.79080105       0.36979986       6.33576523
916         33.45336585      26.75141357       0.37193122       6.33002106
917         33.40805110      26.79498279       0.40299319       6.21007511
918         33.53972880      26.99777586       0.40050839       6.14144456
919         33.59234017      27.25454731       0.40319123       5.93460163
920         33.88071580      27.69851587       0.38171757       5.80048237
921         33.95535399      27.90647100       0.35228318       5.69659981
922         34.13588427      28.08898559       0.31876814       5.72813054
923         34.21061754      28.16080614       0.29003892       5.75977248
924         33.93417921      27.84566643       0.29597667       5.79253610
925         33.57805139      27.45376487       0.30436673       5.81991978
926         24.59602705      16.65979244       5.82670977       2.10952484
927         23.47770541      15.77646704       5.71613876       1.98509961
928         22.61650864      15.16538627       5.56031345       1.89080892
929         22.06609687      14.91785443       5.32040647       1.82783597
930         21.90168514      14.88589938       5.14674646       1.86903930
931         21.73563553      14.79804304       5.07630469       1.86128780
932         21.52887984      14.60173299       5.08717154       1.83997532
933         21.45886894      14.47494867       5.10131633       1.88260394
934         21.64601135      14.59932755       5.01773516       2.02894863
935         21.83001616      14.85455462       4.83495337       2.14050816
936         21.90188570      15.12777603       4.62197443       2.15213524
937         22.02456227      15.44367638       4.47314636       2.10773953
938         21.99714815      15.58908845       4.37707225       2.03098745
939         21.89268023      15.56109880       4.34812593       1.98345550
940         21.78681959      15.51230379       4.36988216       1.90463364
941         21.57100084      15.30895022       4.43220939       1.82984123
942         21.25202432      14.91048518       4.50714000       1.83439914
943         21.11388754      14.64539116       4.54734722       1.92114916
944         21.25380991      14.63197625       4.58725524       2.03457842
945         21.62420209      14.80789116       4.64496295       2.17134798
946         22.06995949      15.05850780       4.65774618       2.35370551
947         22.56377190      15.39369327       4.63561969       2.53445894
948         23.08881574      15.81318563       4.59303444       2.68259567
949         23.65209229      16.36614695       4.59028577       2.69565957
950         24.19335784      17.06011354       4.62686575       2.50637855
951         24.46475048      17.61015441       4.60646860       2.24812746
952         24.43194163      17.85748072       4.45172835       2.12273256
953         24.18684647      17.77715365       4.16086216       2.24883066
954         23.89202372      17.51955107       3.86372473       2.50874792
955         23.62809359      17.31657965       3.62034918       2.69116475
956         23.42582754      17.34801403       3.44329768       2.63451584
957         23.36785445      17.56221760       3.41058078       2.39505607
958         23.42235636      17.77692150       3.49781124       2.14762363
959         23.56888311      17.90803797       3.56724537       2.09359977
960         23.85575610      18.10106577       3.55148747       2.20320286
961         24.27535580      18.43034527       3.46674612       2.37826441
962         24.49110394      18.60002346       3.30768282       2.58339767
963         24.29835285      18.42978555       3.11208046       2.75648684
964         23.93759051      18.12846921       2.97392933       2.83519197
965         23.71858258      17.95731004       2.93815396       2.82311858
966         23.73907094      17.91291874       2.99844403       2.82770817
967         23.94859293      17.99120941       3.11431383       2.84306968
968         24.14079454      18.08328873       3.24486236       2.81264345
969         24.44404852      18.34996189       3.34816266       2.74592397
970         25.09778748      18.96116583       3.42557250       2.71104915
971         25.99307941      19.73292744       3.55225603       2.70789595
972         26.61773845      20.17656595       3.68435433       2.75681818
973         26.90541200      20.29052304       3.76147286       2.85341610
974         27.12177268      20.32284939       3.76219739       3.03672589
975         27.42074685      20.34838373       3.78086115       3.29150197
976         27.78907648      20.33932131       3.86868943       3.58106573
977         28.18084655      20.35981925       3.96474996       3.85627734
978         28.53176809      20.46810179       4.01687119       4.04679511
979         28.67824005      20.44159459       4.06957333       4.16707214
980         28.64770180      20.25172120       4.12720983       4.26877078
981         28.55790900      20.11620794       4.05902693       4.38267413
982         28.39491640      20.09829805       3.84400557       4.45261279
983         28.15150414      20.05928075       3.55417367       4.53804972
984         27.92401259      19.93804721       3.32085543       4.66510995
985         28.11513293      20.06241072       3.20153333       4.85118888
986         28.70903804      20.44374739       3.22490694       5.04038371
987         29.30407766      20.75857654       3.41816934       5.12733178
988         29.28436128      20.65521331       3.60301021       5.02613776
989         28.57310418      20.14392218       3.59231644       4.83686555
990         27.82722381      19.64835836       3.47517535       4.70369010
991         27.39820775      19.44580995       3.37695150       4.57544630
992         27.11083933      19.38206533       3.30206316       4.42671084
993         26.75069081      19.27867107       3.16347783       4.30854191
994         26.39923619      19.22862334       2.95315371       4.21745914
995         25.99310972      19.25736620       2.74867973       3.98706380
996         25.49496691      19.29663728       2.55889759       3.63943204
997         25.14306171      19.41180942       2.41464552       3.31660677
998         25.09724697      19.67574685       2.33774180       3.08375831
999         25.19461769      19.96605253       2.33800607       2.89055909
1000        25.40718999      20.30023663       2.38835880       2.71859456
