0      355          5.25963866      -2.95573623       0.35192864
1      355          5.27017769      -3.08967733       0.33572913
2      355          5.28661990      -3.18228714       0.27810466
3      355          5.29881080      -3.22899143       0.20110667
4      355          5.25608836      -3.23500899       0.11480347
5      355          5.15162689      -3.22639077       0.02080311
6      355          5.05526167      -3.25397603      -0.04737257
7      355          5.02402260      -3.34691875      -0.09079284
8      355          5.04545237      -3.48619945      -0.11957088
9      355          5.06988945      -3.60739878      -0.14040116
10     355          5.08310879      -3.68628647      -0.16365097
11     355          5.06754326      -3.72482944      -0.18398814
12     355          5.01982300      -3.73134780      -0.20112770
13     355          4.95278027      -3.69608150      -0.22450952
14     355          4.90024470      -3.62717661      -0.25525133
15     355          4.87555007      -3.54996566      -0.26883837
16     355          4.90593629      -3.50854313      -0.25624034
17     355          4.94422409      -3.52781126      -0.21311061
18     355          4.97844037      -3.59426554      -0.17143049
19     355          4.99832288      -3.67754068      -0.15861911
20     355          5.00771248      -3.74613380      -0.15603710
21     355          4.97662368      -3.75240562      -0.13566620
22     355          4.89697347      -3.70264325      -0.09823041
23     355          4.80956682      -3.62999942      -0.04881984
24     355          4.74700880      -3.54677129      -0.03500344
25     355          4.71008910      -3.46453018      -0.06564810
26     355          4.68527027      -3.42069412      -0.10463660
27     355          4.65631254      -3.40382447      -0.11633584
28     355          4.61204309      -3.39225216      -0.11873782
29     355          4.55734413      -3.38313863      -0.12336022
30     355          4.47849433      -3.38724258      -0.12014344
31     355          4.41216845      -3.40168396      -0.10171489
32     355          4.39747741      -3.37282565      -0.09043661
33     355          4.43221114      -3.30380219      -0.08122418
34     355          4.46598971      -3.23533714      -0.05772090
35     355          4.45948446      -3.19473145      -0.02880031
36     355          4.41834481      -3.17764259      -0.01641133
37     355          4.34360473      -3.17902034      -0.01606170
38     355          4.26629922      -3.18154230      -0.00657497
39     355          4.20268951      -3.17520740       0.01935204
40     355          4.17468880      -3.17222180       0.02374393
41     355          4.16068224      -3.15680903      -0.00808597
42     355          4.15913892      -3.10490702      -0.02352348
43     355          4.15438555      -3.00680876       0.00637253
44     355          4.14743612      -2.89726316       0.05482340
45     355          4.16063440      -2.85037407       0.09307161
46     355          4.20121286      -2.87858784       0.13136930
47     355          4.25355522      -2.95285099       0.19993084
48     355          4.31211412      -3.03150546       0.28692408
49     355          4.38276419      -3.08313684       0.35889673
50     355          4.44585089      -3.11933528       0.41603107
51     355          4.49856745      -3.15344899       0.45479902
52     355          4.52642032      -3.18670506       0.49356349
53     355          4.52515673      -3.20125579       0.52411595
54     355          4.49323476      -3.18037481       0.54950779
55     355          4.46122106      -3.14269207       0.58142328
56     355          4.48180314      -3.12564049       0.59906232
57     355          4.56105270      -3.12817932       0.55083273
58     355          4.63632829      -3.12789768       0.47729519
59     355          4.67949571      -3.12207982       0.44085659
60     355          4.69313828      -3.12186860       0.42869588
61     355          4.69907292      -3.11577296       0.44988507
62     355          4.71869736      -3.11522387       0.49502349
63     355          4.74821252      -3.11564564       0.52122986
64     355          4.77725933      -3.10362600       0.49873267
65     355          4.77842692      -3.06437422       0.47557196
66     355          4.76264248      -2.99911583       0.46088201
67     355          4.74862172      -2.92880217       0.41303197
68     355          4.75152747      -2.88494367       0.33714578
69     355          4.78293718      -2.86093511       0.23452372
70     355          4.82756942      -2.83634315       0.14055911
71     355          4.85870193      -2.80623582       0.09016250
72     355          4.86682207      -2.77281974       0.07263807
73     355          4.84602693      -2.75378646       0.06907036
74     355          4.81060674      -2.77234433       0.05816155
75     355          4.77016327      -2.81236274       0.03472563
76     355          4.71587690      -2.84267737      -0.01077410
77     355          4.64073721      -2.85374241      -0.06821958
78     355          4.56961210      -2.86014040      -0.11522210
79     355          4.52845922      -2.87582310      -0.15089919
80     355          4.51061709      -2.88403239      -0.17962148
81     355          4.49073145      -2.87037068      -0.18298259
82     355          4.45632910      -2.85466059      -0.14081943
83     355          4.41938865      -2.85049381      -0.07164106
84     355          4.37747261      -2.84729364      -0.01307846
85     355          4.33834954      -2.83644750       0.02365254
86     355          4.31348775      -2.83688205       0.05290808
87     355          4.30639347      -2.85216991       0.06769418
88     355          4.30875726      -2.87569202       0.05766160
89     355          4.31202752      -2.89922007       0.02791301
90     355          4.30922957      -2.91819955       0.01097424
91     355          4.28274099      -2.95437127       0.01722555
92     355          4.23032274      -3.00713548       0.03021395
93     355          4.18551095      -3.08873559       0.03526036
94     355          4.16933858      -3.18593909       0.04737165
95     355          4.16257193      -3.27735050       0.06738410
96     355          4.16041291      -3.33196665       0.07081695
97     355          4.17318209      -3.35132410       0.05614434
98     355          4.20177714      -3.34724728       0.04255756
99     355          4.22939995      -3.33728671       0.02616983
100    355          4.24742599      -3.35045650      -0.03794288
101    355          4.25197315      -3.38139991      -0.15107231
102    355          4.25507575      -3.42519847      -0.26609819
103    355          4.26721368      -3.45628368      -0.34001943
104    355          4.29123216      -3.45676795      -0.37381532
105    355          4.31961895      -3.41895335      -0.38336192
106    355          4.34426172      -3.36440897      -0.37832581
107    355          4.37842900      -3.32980892      -0.36225816
108    355          4.42357537      -3.35262633      -0.33066180
109    355          4.45755291      -3.42855598      -0.29166745
110    355          4.46590461      -3.51951889      -0.25857680
111    355          4.45480151      -3.57802904      -0.23864965
112    355          4.43989445      -3.58764396      -0.22584075
113    355          4.43892479      -3.57587609      -0.21493068
114    355          4.47624050      -3.56022909      -0.20335526
115    355          4.54165147      -3.54565702      -0.20503875
116    355          4.58704759      -3.54820291      -0.21191641
117    355          4.57365937      -3.59139337      -0.19025753
118    355          4.51397304      -3.66416098      -0.12557080
119    355          4.44850360      -3.76427504      -0.04595297
120    355          4.39360464      -3.87827983       0.00532241
121    355          4.34104153      -3.97911669       0.05012882
122    355          4.29370611      -4.05949780       0.11097414
123    355          4.26491381      -4.12576592       0.18209902
124    355          4.26091172      -4.17960925       0.21799790
125    355          4.25941430      -4.22156812       0.22002844
126    355          4.24707897      -4.26252670       0.20941299
127    355          4.25435114      -4.27640107       0.20393405
128    355          4.29418243      -4.26686002       0.20050158
129    355          4.33742354      -4.24987399       0.20164966
130    355          4.35881668      -4.24380586       0.20259842
131    355          4.37575354      -4.24966907       0.21087476
132    355          4.37454791      -4.24606961       0.21074009
133    355          4.34380844      -4.25231787       0.20222338
134    355          4.26698287      -4.27259654       0.19714487
135    355          4.19243025      -4.29074592       0.18290469
136    355          4.16611332      -4.28360752       0.17995237
137    355          4.18547338      -4.28716292       0.18729827
138    355          4.23416232      -4.30545222       0.19368326
139    355          4.28818187      -4.33468327       0.18912582
140    355          4.32543247      -4.36326116       0.16985632
141    355          4.33213013      -4.39369717       0.14222299
142    355          4.30940183      -4.42696636       0.11759578
143    355          4.25090080      -4.45344027       0.10963688
144    355          4.18148382      -4.47922292       0.13522288
145    355          4.13673968      -4.47697350       0.18551100
146    355          4.13598449      -4.44842194       0.23137664
147    355          4.16092657      -4.42777558       0.23748888
148    355          4.15858177      -4.44201201       0.16078239
149    355          4.13320928      -4.50534221       0.07298915
150    355          4.08822169      -4.59068545       0.02765834
151    355          4.02333920      -4.65864451       0.03897977
152    355          3.96447051      -4.70808020       0.08616817
153    355          3.94212442      -4.73946904       0.14519123
154    355          3.94535559      -4.72052136       0.21381726
155    355          3.93885228      -4.66305756       0.27015281
156    355          3.92721738      -4.61428098       0.27633889
157    355          3.93391370      -4.60097388       0.22436620
158    355          3.93712742      -4.59696085       0.16584189
159    355          3.89458386      -4.57849048       0.10738106
160    355          3.81841537      -4.55297220       0.09482798
161    355          3.74425397      -4.55471608       0.13668909
162    355          3.71332443      -4.58873246       0.19010310
163    355          3.72724402      -4.62411723       0.22126692
164    355          3.75532097      -4.62871624       0.22759181
165    355          3.80188987      -4.61815342       0.21418301
166    355          3.85029442      -4.59965899       0.18654746
167    355          3.87270155      -4.56722277       0.16441739
168    355          3.86029715      -4.51523832       0.14742502
169    355          3.81827176      -4.47289113       0.14194316
170    355          3.77096578      -4.46453622       0.11824876
171    355          3.73444524      -4.47545768       0.05459897
172    355          3.72078954      -4.47205115      -0.01283648
173    355          3.74885193      -4.43303935      -0.04960336
174    355          3.80135481      -4.39636782      -0.03872700
175    355          3.82109239      -4.39473436      -0.00278670
176    355          3.80008470      -4.42632407       0.02055721
177    355          3.77318213      -4.44955627       0.01862293
178    355          3.76081123      -4.44475078       0.00297266
179    355          3.76341327      -4.43041728      -0.01878703
180    355          3.74499415      -4.41051230      -0.05202750
181    355          3.70204581      -4.38281282      -0.07834942
182    355          3.69091411      -4.35244632      -0.07798476
183    355          3.73077106      -4.33379853      -0.04947841
184    355          3.76093977      -4.32478049      -0.03317968
185    355          3.74395947      -4.33668186      -0.04562818
186    355          3.70891809      -4.36497641      -0.05820290
187    355          3.68135798      -4.39240437      -0.04550445
188    355          3.67115228      -4.40756949      -0.01563988
189    355          3.65836734      -4.41079666      -0.00195366
190    355          3.65598924      -4.39530988      -0.00569413
191    355          3.69739313      -4.35701676      -0.02285899
192    355          3.76585065      -4.32744366      -0.05315726
193    355          3.81202999      -4.30787292      -0.09066249
194    355          3.79467903      -4.28765416      -0.12679001
195    355          3.74780337      -4.26764455      -0.14067624
196    355          3.67784619      -4.26337102      -0.11211767
197    355          3.62060536      -4.28460983      -0.05774547
198    355          3.60350022      -4.30517624      -0.03050589
199    355          3.61153671      -4.31013272      -0.05605745
200    355          3.61641757      -4.31474165      -0.08182384
201    355          3.59714565      -4.33684554      -0.07072789
202    355          3.58192405      -4.37507910      -0.03225998
203    355          3.59822564      -4.41208899      -0.00413420
204    355          3.63233027      -4.44952429       0.01420359
205    355          3.64631377      -4.49589985       0.03322346
206    355          3.64167049      -4.53397558       0.03899606
207    355          3.65636814      -4.55455329       0.00614231
208    355          3.70580049      -4.57482251      -0.06860600
209    355          3.75091069      -4.62471878      -0.17173726
210    355          3.76226486      -4.69110265      -0.25298517
211    355          3.75343786      -4.74071897      -0.29003401
212    355          3.75384379      -4.76266761      -0.27278540
213    355          3.76106565      -4.75881692      -0.23678433
214    355          3.75977535      -4.72481857      -0.20836734
215    355          3.73008012      -4.66884392      -0.20350508
216    355          3.65642581      -4.59466422      -0.19875770
217    355          3.59086357      -4.51831417      -0.19601637
218    355          3.57252382      -4.44730239      -0.19864366
219    355          3.59506714      -4.38485815      -0.19486991
220    355          3.60679254      -4.35528401      -0.18934267
221    355          3.59737887      -4.38375797      -0.19805612
222    355          3.56776599      -4.43180697      -0.22071976
223    355          3.52664996      -4.45634886      -0.22420901
224    355          3.45184233      -4.44676693      -0.22346064
225    355          3.35701513      -4.43479741      -0.23098972
226    355          3.29459849      -4.43126389      -0.22963895
227    355          3.28500152      -4.43610398      -0.21302630
228    355          3.29403713      -4.45618570      -0.21013108
229    355          3.31320368      -4.46738238      -0.19623093
230    355          3.34592369      -4.46169940      -0.17138490
231    355          3.36630746      -4.46288314      -0.16094514
232    355          3.37482219      -4.49291572      -0.15236138
233    355          3.36891357      -4.51658837      -0.12987903
234    355          3.35032729      -4.49743537      -0.10250584
235    355          3.30611560      -4.45878764      -0.06713970
236    355          3.24797201      -4.45208119      -0.01436883
237    355          3.21241644      -4.46777291       0.04696754
238    355          3.20118766      -4.47001149       0.09005609
239    355          3.19129872      -4.46605767       0.11779153
240    355          3.18391742      -4.46703158       0.13272204
241    355          3.20155341      -4.47218619       0.14425042
242    355          3.23692700      -4.46724255       0.15136568
243    355          3.28129098      -4.46309555       0.14997949
244    355          3.31196879      -4.46977671       0.16721425
245    355          3.32779293      -4.49753038       0.18899472
246    355          3.32960832      -4.52129781       0.19031253
247    355          3.33929409      -4.52178126       0.17099851
248    355          3.34754069      -4.50542624       0.15878052
249    355          3.33927517      -4.48326079       0.16704979
250    355          3.29899319      -4.46013597       0.19610123
251    355          3.26103166      -4.44306631       0.22633801
252    355          3.24182021      -4.45148224       0.24387721
253    355          3.22730709      -4.48427756       0.25452126
254    355          3.21024197      -4.52523597       0.26854346
255    355          3.19334544      -4.57059229       0.29708569
256    355          3.18801632      -4.61250398       0.31230275
257    355          3.17779268      -4.62112051       0.30965336
258    355          3.15802029      -4.59784601       0.29427285
259    355          3.11290807      -4.59919763       0.29351744
260    355          3.05594084      -4.64324427       0.30722036
261    355          3.01661146      -4.70533947       0.34403378
262    355          3.03839141      -4.73850571       0.39079185
263    355          3.11403861      -4.74258624       0.43865426
264    355          3.18787317      -4.74079100       0.46183556
265    355          3.22165706      -4.75716193       0.45319873
266    355          3.21215812      -4.78383264       0.42143682
267    355          3.17931513      -4.80202956       0.40327605
268    355          3.14992056      -4.80724131       0.40997478
269    355          3.15286692      -4.81894294       0.41975116
270    355          3.16578377      -4.85670191       0.44170780
271    355          3.18515976      -4.92279503       0.49021184
272    355          3.21415483      -4.98728113       0.54216651
273    355          3.25420044      -5.03504014       0.57886807
274    355          3.27921839      -5.06220401       0.61542471
275    355          3.26860489      -5.05779263       0.65476652
276    355          3.23625131      -5.05945206       0.69709144
277    355          3.18901238      -5.06503192       0.69753198
278    355          3.13636492      -5.04276885       0.64431334
279    355          3.08812164      -5.00732530       0.59011407
280    355          3.06243915      -5.00623380       0.56572699
281    355          3.03361355      -5.07063063       0.59296490
282    355          2.98922653      -5.16937474       0.63748459
283    355          2.92568755      -5.24555438       0.68474080
284    355          2.87240851      -5.25586476       0.72896067
285    355          2.83180084      -5.21573568       0.75888091
286    355          2.82561507      -5.16472232       0.76762505
287    355          2.83136657      -5.10671901       0.75746114
288    355          2.81972441      -5.02821829       0.74480046
289    355          2.77036262      -4.94792249       0.75028428
290    355          2.67216665      -4.90061010       0.77371154
291    355          2.55955768      -4.90256989       0.79241322
292    355          2.47903052      -4.90077386       0.81452703
293    355          2.46089820      -4.84835146       0.83592994
294    355          2.44754215      -4.75547274       0.83876357
295    355          2.44905688      -4.67215249       0.82160965
296    355          2.46055315      -4.62531358       0.79747798
297    355          2.47547212      -4.60044188       0.76605469
298    355          2.46125804      -4.59840130       0.75401666
299    355          2.41749994      -4.61638430       0.75146417
300    355          2.36499518      -4.64646939       0.75379390
301    355          2.31679962      -4.68030340       0.78015821
302    355          2.30303930      -4.69892756       0.82276514
303    355          2.31419856      -4.71282041       0.85772549
304    355          2.33815972      -4.71282081       0.85179124
305    355          2.36732308      -4.70247637       0.80647833
306    355          2.39808886      -4.67419504       0.76220339
307    355          2.41454590      -4.65068735       0.72547677
308    355          2.40245066      -4.64657002       0.69715163
309    355          2.35775846      -4.68358294       0.68216461
310    355          2.30443771      -4.73823341       0.68364608
311    355          2.25190593      -4.79426594       0.68533588
312    355          2.22353074      -4.84533891       0.65733845
313    355          2.24053485      -4.86677798       0.61287707
314    355          2.29842328      -4.87497455       0.57444508
315    355          2.34780528      -4.89207757       0.55026289
316    355          2.35827077      -4.92510116       0.55383763
317    355          2.34380034      -4.94255898       0.56488995
318    355          2.32907775      -4.94828592       0.59251374
319    355          2.32512429      -4.95945921       0.60936728
320    355          2.33251451      -4.99344208       0.65720500
321    355          2.33151020      -5.03115559       0.71682977
322    355          2.31169521      -5.02782863       0.76082826
323    355          2.31006435      -4.98911405       0.79904192
324    355          2.33190362      -4.94460026       0.83883084
325    355          2.35162728      -4.94115856       0.87723356
326    355          2.36534871      -4.95579094       0.91282894
327    355          2.39161015      -4.96374838       0.96138546
328    355          2.42924833      -4.96396982       0.99897179
329    355          2.46420489      -4.96446029       1.01212467
330    355          2.48662088      -4.96008905       1.01828016
331    355          2.49552535      -4.95060072       1.03382410
332    355          2.49894452      -4.95800809       1.04586070
333    355          2.50621954      -4.97418376       1.04822997
334    355          2.51788845      -4.96237744       1.03969048
335    355          2.52825821      -4.91528589       1.01482991
336    355          2.54497883      -4.86698629       0.98487641
337    355          2.58991513      -4.82967640       0.97126171
338    355          2.65265693      -4.82017582       0.97081717
339    355          2.70382096      -4.82616735       0.96336883
340    355          2.72056888      -4.80992610       0.94412924
341    355          2.72757807      -4.76482306       0.93148120
342    355          2.73884465      -4.74450761       0.92272519
343    355          2.77634552      -4.78080304       0.91752866
344    355          2.81902966      -4.84169228       0.89429577
345    355          2.85158556      -4.88705742       0.88023371
346    355          2.85975329      -4.90114382       0.88467993
347    355          2.84964509      -4.90962718       0.88643096
348    355          2.83918641      -4.90850023       0.87071293
349    355          2.86360962      -4.91467835       0.85670821
350    355          2.92438462      -4.94168053       0.85499792
351    355          2.99151075      -4.99689986       0.84900347
352    355          3.02513326      -5.03951722       0.84089173
353    355          3.03301381      -5.03379890       0.82596682
354    355          3.01885216      -5.01064169       0.80146624
355    355          3.00063089      -5.00326065       0.75742632
356    355          2.98407069      -5.00542739       0.69792834
357    355          2.96611240      -5.00596440       0.65290771
358    355          2.95139864      -5.01188738       0.64199691
359    355          2.92361004      -5.02133296       0.64785943
360    355          2.89820508      -5.03274648       0.64150910
361    355          2.89819842      -5.04431203       0.63071447
362    355          2.91773566      -5.06715536       0.61642354
363    355          2.92396399      -5.09844898       0.59788919
364    355          2.92865004      -5.12298822       0.56902737
365    355          2.94899269      -5.12064442       0.53544238
366    355          2.96029788      -5.09087475       0.51306305
367    355          2.95122425      -5.04156074       0.47990643
368    355          2.93700450      -5.00333138       0.43970383
369    355          2.93424866      -4.98711032       0.40996491
370    355          2.93845478      -4.98450284       0.39583411
371    355          2.93472592      -4.97211058       0.38561388
372    355          2.92340683      -4.95210053       0.35379064
373    355          2.93331688      -4.93474433       0.30349782
374    355          2.94860886      -4.89609198       0.25595889
375    355          2.96141513      -4.81069039       0.22747835
376    355          2.95428417      -4.70271651       0.20682400
377    355          2.93393580      -4.61998135       0.19729048
378    355          2.92609605      -4.57282052       0.20249245
379    355          2.92474432      -4.53858285       0.22000501
380    355          2.91290404      -4.50357677       0.23287795
381    355          2.90779518      -4.47709056       0.22390182
382    355          2.91955848      -4.46011280       0.19696967
383    355          2.90762334      -4.45170874       0.18256382
384    355          2.84084982      -4.44710090       0.18767732
385    355          2.74181232      -4.44639892       0.19024915
386    355          2.68774380      -4.44380385       0.16350969
387    355          2.67588689      -4.44992193       0.13051114
388    355          2.65508180      -4.46730868       0.10665355
389    355          2.60534263      -4.46897031       0.10450000
390    355          2.56081809      -4.43174456       0.09335765
391    355          2.53240238      -4.37655627       0.07479300
392    355          2.51584487      -4.33164286       0.05767196
393    355          2.49362205      -4.29885219       0.04376903
394    355          2.48025353      -4.27874898       0.01977650
395    355          2.50459924      -4.26911132      -0.03397057
396    355          2.55741540      -4.27813280      -0.10676881
397    355          2.59103318      -4.29813091      -0.18277967
398    355          2.57827902      -4.31314552      -0.23509952
399    355          2.54390424      -4.31766994      -0.24594537
400    355          2.52560147      -4.32612090      -0.23260561
401    355          2.52345505      -4.33996188      -0.23492833
402    355          2.55235628      -4.35713230      -0.29203215
403    355          2.59837369      -4.36436078      -0.37961825
404    355          2.61152192      -4.34661227      -0.44937475
405    355          2.57883661      -4.31318843      -0.47793444
406    355          2.52136298      -4.27363788      -0.48255730
407    355          2.46523319      -4.23366228      -0.46987092
408    355          2.42310755      -4.20660866      -0.42864774
409    355          2.40973621      -4.20031099      -0.37672341
410    355          2.42340275      -4.21950317      -0.33306314
411    355          2.46094219      -4.26768352      -0.29295739
412    355          2.49440029      -4.31925575      -0.25394388
413    355          2.49380400      -4.34280761      -0.22388542
414    355          2.48492788      -4.34480288      -0.19776446
415    355          2.49034837      -4.34909876      -0.17018247
416    355          2.51003067      -4.36894864      -0.14782147
417    355          2.54348280      -4.38925524      -0.16379908
418    355          2.58282980      -4.38520179      -0.21930709
419    355          2.60045811      -4.37658832      -0.26311550
420    355          2.60098032      -4.40033324      -0.26641409
421    355          2.59913725      -4.46357049      -0.23174741
422    355          2.61610584      -4.54006898      -0.18958114
423    355          2.64174749      -4.59142113      -0.14914902
424    355          2.65078640      -4.60214992      -0.10291014
425    355          2.66209628      -4.57569758      -0.05198913
426    355          2.69248532      -4.51699593      -0.00803856
427    355          2.71137870      -4.46654713       0.04167210
428    355          2.72352472      -4.46956383       0.09940781
429    355          2.75602109      -4.51865017       0.16976621
430    355          2.80361458      -4.57636408       0.22896008
431    355          2.85666429      -4.62588895       0.24236080
432    355          2.88648756      -4.66880601       0.22676358
433    355          2.89533268      -4.70555962       0.21421765
434    355          2.93117772      -4.72518497       0.21636530
435    355          3.03045189      -4.70941698       0.21611683
436    355          3.15785167      -4.66948472       0.22147830
437    355          3.24112460      -4.63910038       0.23267085
438    355          3.25932456      -4.62498334       0.23697384
439    355          3.22566847      -4.62058816       0.22522093
440    355          3.18249064      -4.62525683       0.23388798
441    355          3.15819517      -4.64049874       0.27697522
442    355          3.17405859      -4.65820762       0.31744958
443    355          3.20888597      -4.65475179       0.34344727
444    355          3.25472174      -4.63470117       0.36932112
445    355          3.32876996      -4.60142727       0.39053757
446    355          3.40725863      -4.55121199       0.37739196
447    355          3.46475334      -4.50338014       0.36195892
448    355          3.46275041      -4.48893495       0.37928260
449    355          3.43009363      -4.51741573       0.42208552
450    355          3.42680055      -4.55007886       0.44827746
451    355          3.47895147      -4.53580869       0.45984992
452    355          3.55501073      -4.48700466       0.50381902
453    355          3.61397080      -4.43265798       0.56856774
454    355          3.66058365      -4.38186050       0.60122268
455    355          3.72876397      -4.36767804       0.58428866
456    355          3.80759071      -4.36419183       0.56161682
457    355          3.86083591      -4.35309250       0.56709432
458    355          3.89570671      -4.34185881       0.60412042
459    355          3.93620422      -4.34573036       0.65923533
460    355          3.97299568      -4.35189649       0.71406999
461    355          3.98908011      -4.34539905       0.76682885
462    355          3.98068181      -4.32812280       0.78889269
463    355          3.95810280      -4.29342237       0.75455376
464    355          3.93316761      -4.23895972       0.68422390
465    355          3.93800968      -4.19903692       0.60739374
466    355          3.99111093      -4.19135483       0.54250752
467    355          4.07508788      -4.18706744       0.49626477
468    355          4.13785503      -4.16813324       0.48128205
469    355          4.15488255      -4.13945313       0.48894822
470    355          4.12532276      -4.14607426       0.50120594
471    355          4.05118987      -4.16356892       0.51298948
472    355          3.94127251      -4.19298594       0.52788562
473    355          3.84134445      -4.22643708       0.55451924
474    355          3.78783318      -4.23992594       0.60285628
475    355          3.77990940      -4.24659250       0.66672377
476    355          3.78417291      -4.23566920       0.70818850
477    355          3.79644355      -4.19210169       0.71144361
478    355          3.81371824      -4.12707100       0.70442302
479    355          3.81398896      -4.06887704       0.70794671
480    355          3.79058089      -4.01231144       0.72199289
481    355          3.76292416      -3.96186932       0.72696809
482    355          3.72721120      -3.91288368       0.70301838
483    355          3.67617973      -3.87582989       0.66384952
484    355          3.60164591      -3.82438130       0.63804387
485    355          3.53098830      -3.76548570       0.65045789
486    355          3.47977099      -3.73175695       0.66308547
487    355          3.41543530      -3.72399708       0.64321704
488    355          3.34056711      -3.71991048       0.62183714
489    355          3.29499507      -3.67947810       0.65797531
490    355          3.28953441      -3.62961985       0.72751004
491    355          3.30474893      -3.59127434       0.77489017
492    355          3.30473368      -3.58007411       0.79325833
493    355          3.29467816      -3.59328333       0.78330238
494    355          3.28115256      -3.61778420       0.74491292
495    355          3.28186224      -3.62555803       0.71807043
496    355          3.28857448      -3.60153235       0.72263765
497    355          3.29129126      -3.55439990       0.75907535
498    355          3.29803803      -3.51350581       0.79509266
499    355          3.29337159      -3.50283138       0.82013240
500    355          3.27937400      -3.51866897       0.82432847
501    355          3.27947524      -3.52857729       0.82274153
502    355          3.29719739      -3.51491753       0.83425910
503    355          3.31629536      -3.51954403       0.85017715
504    355          3.32664404      -3.55748338       0.83574468
505    355          3.35009682      -3.60628050       0.80152512
506    355          3.41176315      -3.64317909       0.78234568
507    355          3.48159077      -3.67443435       0.78739408
508    355          3.54864672      -3.71937438       0.78767943
509    355          3.60611232      -3.78207039       0.76976245
510    355          3.66291642      -3.81631401       0.75315673
511    355          3.72425804      -3.81283063       0.77173783
512    355          3.78401368      -3.79968629       0.82508788
513    355          3.81660565      -3.83339794       0.87796253
514    355          3.81747323      -3.93122119       0.90722632
515    355          3.81529108      -4.04092187       0.90892440
516    355          3.82300851      -4.13058304       0.88663907
517    355          3.84315207      -4.17216875       0.84616260
518    355          3.85887002      -4.16962429       0.81597242
519    355          3.87046292      -4.15215660       0.82503183
520    355          3.87181064      -4.15145291       0.84760015
521    355          3.88309884      -4.17297291       0.85534384
522    355          3.90592775      -4.22287129       0.81567200
523    355          3.92488374      -4.28538974       0.74893263
524    355          3.93347508      -4.33748368       0.69294463
525    355          3.91861327      -4.38476996       0.66190279
526    355          3.88917932      -4.42092045       0.63990741
527    355          3.85194686      -4.42215641       0.61212230
528    355          3.83572671      -4.38033930       0.61900151
529    355          3.86595880      -4.32439695       0.66398099
530    355          3.92064971      -4.30035304       0.69944478
531    355          3.96558930      -4.33458504       0.70726937
532    355          3.98342701      -4.38395993       0.69456521
533    355          3.98121770      -4.40353292       0.67545752
534    355          3.97089967      -4.38255456       0.65146765
535    355          3.96804607      -4.33849307       0.64115106
536    355          3.96228387      -4.29247004       0.65806919
537    355          3.94502102      -4.25078320       0.70866254
538    355          3.92639891      -4.22887168       0.77512583
539    355          3.92164999      -4.23668920       0.82367001
540    355          3.94111543      -4.24919018       0.81300605
541    355          3.97115600      -4.24506644       0.74238085
542    355          3.97639064      -4.22365237       0.65118272
543    355          3.95987715      -4.20641136       0.59013888
544    355          3.94689937      -4.20970611       0.57585749
545    355          3.93718041      -4.21040721       0.57421729
546    355          3.92251574      -4.19331215       0.56837798
547    355          3.90998118      -4.15549695       0.57864502
548    355          3.90506511      -4.09683269       0.59496763
549    355          3.91169720      -4.03025698       0.60866712
550    355          3.91932023      -3.99931952       0.59224169
551    355          3.93509765      -4.03901115       0.55130780
552    355          3.96474837      -4.09783783       0.50623241
553    355          3.99408696      -4.13246663       0.46324278
554    355          4.01035392      -4.14151976       0.42696788
555    355          4.02966149      -4.15889366       0.38259389
556    355          4.03516482      -4.13849933       0.34939480
557    355          4.02373941      -4.09186714       0.32249584
558    355          4.00290231      -3.98834349       0.29651900
559    355          3.96923430      -3.84463534       0.27499560
560    355          3.95199317      -3.69360028       0.24916574
561    355          3.98086970      -3.59079161       0.24003854
562    355          4.01545645      -3.54907972       0.25888846
563    355          4.01452663      -3.51903351       0.28239404
564    355          3.98860812      -3.47050311       0.29904735
565    355          3.95500288      -3.40369279       0.30295465
566    355          3.93033317      -3.33350750       0.29184516
567    355          3.92398950      -3.25439909       0.27064942
568    355          3.92963707      -3.17311840       0.23382010
569    355          3.91186463      -3.09175149       0.18385337
570    355          3.87435721      -3.00961156       0.11298464
571    355          3.86272441      -2.93573541       0.03398764
572    355          3.90094526      -2.88393541      -0.04412366
573    355          3.94293694      -2.84968662      -0.10607051
574    355          3.93857496      -2.82827825      -0.16427825
575    355          3.89835527      -2.80059885      -0.20786244
576    355          3.83835435      -2.75229717      -0.22846377
577    355          3.78400099      -2.69639930      -0.22679784
578    355          3.73544255      -2.63136823      -0.21178141
579    355          3.69699026      -2.55985889      -0.18265324
580    355          3.67191541      -2.48785455      -0.14860041
581    355          3.66139580      -2.42120843      -0.10868389
582    355          3.64678499      -2.36815380      -0.06751776
583    355          3.61256510      -2.32298505      -0.04080164
584    355          3.54001032      -2.28713005      -0.00805705
585    355          3.47489861      -2.27621676       0.01307709
586    355          3.46722215      -2.28116502       0.02633007
587    355          3.48210994      -2.29004046       0.03723740
588    355          3.48574928      -2.29546461       0.05949895
589    355          3.49053843      -2.31920955       0.06541240
590    355          3.47588907      -2.37266168       0.08099026
591    355          3.45216892      -2.42175782       0.10902488
592    355          3.42703506      -2.45141977       0.14115940
593    355          3.39667845      -2.45828902       0.19048251
594    355          3.39214985      -2.46225860       0.23721079
595    355          3.40422924      -2.48001162       0.29304838
596    355          3.40713448      -2.50950647       0.33493839
597    355          3.40247993      -2.53343233       0.34220221
598    355          3.37812787      -2.54000008       0.30963121
599    355          3.34648874      -2.55361139       0.25562648
600    355          3.32593068      -2.57978971       0.19412637
601    355          3.32234094      -2.56464899       0.14480483
602    355          3.30460305      -2.49104645       0.11529768
603    355          3.26417785      -2.40177216       0.11963652
604    355          3.23490229      -2.32992094       0.14703522
605    355          3.21529287      -2.28757520       0.15409298
606    355          3.19397185      -2.25924228       0.14003435
607    355          3.17578185      -2.25742299       0.10096772
608    355          3.16217160      -2.26845782       0.06738954
609    355          3.13843327      -2.29269539       0.04188913
610    355          3.06963181      -2.31450642       0.02434241
611    355          2.98251571      -2.32605085       0.02210695
612    355          2.92212801      -2.32473470       0.04549898
613    355          2.90060460      -2.30951856       0.10241966
614    355          2.91696314      -2.28089159       0.17675954
615    355          2.97515773      -2.26271905       0.23181461
616    355          3.04999389      -2.28512828       0.24696411
617    355          3.05751190      -2.33730222       0.23761247
618    355          3.00862200      -2.37838426       0.20568145
619    355          2.95511333      -2.39594242       0.18330608
620    355          2.91831518      -2.40566709       0.18153238
621    355          2.91136627      -2.39898717       0.21738758
622    355          2.94251291      -2.38884157       0.28081520
623    355          3.00191190      -2.38208525       0.35593738
624    355          3.06067416      -2.40245152       0.40442649
625    355          3.09003904      -2.47071281       0.40764957
626    355          3.08802100      -2.54957302       0.40553737
627    355          3.05905005      -2.59693999       0.43025358
628    355          3.00844387      -2.60192291       0.48715903
629    355          2.94668772      -2.57850019       0.55387504
630    355          2.89039060      -2.54105615       0.61969998
631    355          2.83063591      -2.49829175       0.65754316
632    355          2.78373594      -2.48037438       0.64824814
633    355          2.75846116      -2.53201537       0.60676504
634    355          2.75182134      -2.65184664       0.55034746
635    355          2.74692084      -2.78007136       0.49199575
636    355          2.74012945      -2.85666485       0.46896414
637    355          2.73872661      -2.86836948       0.49105099
638    355          2.76053686      -2.85673070       0.53144004
639    355          2.79135293      -2.85370256       0.54025834
640    355          2.79827349      -2.86072418       0.50226207
641    355          2.78656823      -2.86401087       0.46206901
642    355          2.77802735      -2.87096158       0.43602448
643    355          2.76861933      -2.88098691       0.43033219
644    355          2.72929413      -2.89352492       0.42240701
645    355          2.68773287      -2.89703252       0.40063891
646    355          2.67789331      -2.89245170       0.35386825
647    355          2.69693706      -2.86714255       0.30350907
648    355          2.71228504      -2.82254755       0.26350276
649    355          2.71114572      -2.78109682       0.25403670
650    355          2.71244766      -2.75847606       0.25675620
651    355          2.74062545      -2.74763527       0.26340221
652    355          2.77737731      -2.73644507       0.29608413
653    355          2.78664631      -2.72526710       0.34538779
654    355          2.75771320      -2.70380398       0.34782410
655    355          2.71327584      -2.69737627       0.26668596
656    355          2.67886924      -2.72257854       0.16454662
657    355          2.64629191      -2.75546540       0.10871262
658    355          2.62564916      -2.76129594       0.13752349
659    355          2.63308716      -2.73988801       0.20878689
660    355          2.66036100      -2.70396350       0.22839753
661    355          2.66553327      -2.65935040       0.17894994
662    355          2.65352216      -2.62016008       0.12281882
663    355          2.64190145      -2.60965813       0.11380816
664    355          2.65247616      -2.63151068       0.13868281
665    355          2.68924860      -2.67945546       0.15358527
666    355          2.72971442      -2.71467850       0.14922321
667    355          2.77107527      -2.71472073       0.13782845
668    355          2.81263768      -2.68978982       0.14143535
669    355          2.86278692      -2.66560382       0.16066462
670    355          2.91086969      -2.66536394       0.17978166
671    355          2.96605759      -2.68809543       0.19282828
672    355          3.02982747      -2.72608644       0.18405549
673    355          3.07096638      -2.75478833       0.13519104
674    355          3.09597498      -2.76545679       0.03643077
675    355          3.15059336      -2.78065030      -0.03214652
676    355          3.23592731      -2.82724319      -0.05040292
677    355          3.29345017      -2.87473541      -0.05094797
678    355          3.31538575      -2.89811856      -0.06694083
679    355          3.31713810      -2.90950286      -0.11156633
680    355          3.32097557      -2.93408542      -0.18355072
681    355          3.30977526      -2.96635354      -0.25330972
682    355          3.26140479      -2.98832934      -0.28795634
683    355          3.20151278      -2.99832816      -0.31301275
684    355          3.18337194      -3.01758853      -0.36460599
685    355          3.21597637      -3.06298887      -0.43513490
686    355          3.29077063      -3.12139130      -0.48590034
687    355          3.39635159      -3.17568700      -0.49572196
688    355          3.50572572      -3.19512868      -0.49078945
689    355          3.58747107      -3.19996499      -0.51203264
690    355          3.63383129      -3.21361904      -0.56184207
691    355          3.61108009      -3.25909201      -0.60259685
692    355          3.54569739      -3.32042293      -0.61263115
693    355          3.47863706      -3.38370686      -0.59658228
694    355          3.44868304      -3.40923729      -0.57135132
695    355          3.47179536      -3.39831114      -0.53707854
696    355          3.51218423      -3.38319596      -0.50895658
697    355          3.53777745      -3.39059374      -0.52764802
698    355          3.54577488      -3.41279461      -0.58885435
699    355          3.54410163      -3.43612171      -0.65010495
700    355          3.54875624      -3.45617103      -0.66903155
701    355          3.55737686      -3.46193559      -0.65968409
702    355          3.55410588      -3.45577377      -0.67961203
703    355          3.53585140      -3.43252728      -0.73245381
704    355          3.51361858      -3.40412401      -0.79392726
705    355          3.49678376      -3.37101949      -0.85656912
706    355          3.49906091      -3.33253406      -0.93298630
707    355          3.50961661      -3.28711988      -1.00787661
708    355          3.51603771      -3.25003760      -1.06645778
709    355          3.51033973      -3.23518376      -1.12072095
710    355          3.49435136      -3.23129712      -1.17767107
711    355          3.47606612      -3.22956907      -1.22520455
712    355          3.46965288      -3.22568262      -1.23995979
713    355          3.47398835      -3.22321088      -1.21761962
714    355          3.47848788      -3.21388704      -1.17635170
715    355          3.47833094      -3.20575574      -1.13170620
716    355          3.47339691      -3.18640860      -1.09358414
717    355          3.48266394      -3.15709727      -1.07057380
718    355          3.50129501      -3.14339005      -1.06540717
719    355          3.51332033      -3.14635817      -1.07985770
720    355          3.51012393      -3.13861845      -1.10309915
721    355          3.49911883      -3.11631503      -1.13417944
722    355          3.48771009      -3.10954779      -1.15330775
723    355          3.47607902      -3.12469256      -1.14230483
724    355          3.46736550      -3.14473631      -1.11624925
725    355          3.46075174      -3.15147960      -1.08506910
726    355          3.45984179      -3.16573577      -1.04802246
727    355          3.47081215      -3.17746547      -1.01945814
728    355          3.50757298      -3.15333779      -1.02438702
729    355          3.51964145      -3.08933949      -1.05037905
730    355          3.51008609      -3.03624033      -1.09167524
731    355          3.51896546      -3.00740598      -1.14576354
732    355          3.52680902      -2.99758473      -1.17863609
733    355          3.51332923      -2.97841729      -1.18679793
734    355          3.49569046      -2.96427615      -1.17622968
735    355          3.50136603      -2.95249583      -1.15259047
736    355          3.52135317      -2.93284901      -1.12440095
737    355          3.52704752      -2.88895391      -1.12100107
738    355          3.51910544      -2.82454991      -1.15536140
739    355          3.51356475      -2.78500213      -1.22257519
740    355          3.50382729      -2.78564790      -1.30488562
741    355          3.47389255      -2.80356410      -1.36558589
742    355          3.42313051      -2.84519323      -1.40241715
743    355          3.36230330      -2.89573762      -1.43286373
744    355          3.33570367      -2.92532392      -1.47213217
745    355          3.36089815      -2.94245195      -1.52896578
746    355          3.43072404      -2.95006833      -1.56963635
747    355          3.49792814      -2.95463742      -1.58332823
748    355          3.51578579      -2.95368670      -1.59594546
749    355          3.47512240      -2.96602738      -1.64755189
750    355          3.41383393      -2.98256540      -1.72928354
751    355          3.35333326      -2.99439406      -1.81334725
752    355          3.30016769      -3.01793934      -1.86492515
753    355          3.24515006      -3.04897534      -1.87962203
754    355          3.18735080      -3.05972441      -1.85482054
755    355          3.12982145      -3.02597110      -1.80153323
756    355          3.07495875      -2.98732613      -1.71181827
757    355          3.02207372      -2.97689817      -1.61416174
758    355          2.97393675      -2.99549789      -1.54919393
759    355          2.93061241      -3.03331769      -1.54271943
760    355          2.85690209      -3.06939804      -1.58438400
761    355          2.75357531      -3.11263608      -1.62721148
762    355          2.66781988      -3.16673129      -1.63029515
763    355          2.64477394      -3.23888027      -1.61611485
764    355          2.67683723      -3.27850510      -1.61578440
765    355          2.75160547      -3.26757686      -1.61356088
766    355          2.84874705      -3.24894037      -1.60451344
767    355          2.92389474      -3.26230128      -1.58309340
768    355          2.93350022      -3.29713992      -1.55505008
769    355          2.88220131      -3.30706013      -1.53901457
770    355          2.80942524      -3.29315027      -1.52511717
771    355          2.75261219      -3.25702065      -1.49892031
772    355          2.73514572      -3.21366891      -1.46233740
773    355          2.73765044      -3.16968300      -1.41790077
774    355          2.74438368      -3.14006264      -1.36888714
775    355          2.73601201      -3.14083917      -1.33091927
776    355          2.71188854      -3.17445273      -1.33864718
777    355          2.68014142      -3.22585754      -1.39675185
778    355          2.65178553      -3.28278029      -1.47155183
779    355          2.64281605      -3.33812895      -1.53709457
780    355          2.65906463      -3.37103126      -1.59593617
781    355          2.67844422      -3.37880442      -1.65657648
782    355          2.68035297      -3.39098283      -1.70365632
783    355          2.66742839      -3.42471158      -1.70739870
784    355          2.66018185      -3.46249819      -1.67306100
785    355          2.67586124      -3.48413534      -1.62256006
786    355          2.69855919      -3.46577386      -1.57538556
787    355          2.71258481      -3.42585019      -1.54603285
788    355          2.68700090      -3.40260734      -1.52540228
789    355          2.63365039      -3.41558477      -1.50674355
790    355          2.56107099      -3.44152799      -1.50314176
791    355          2.49175813      -3.44377190      -1.50896252
792    355          2.44295926      -3.43715721      -1.49484347
793    355          2.43216396      -3.45317295      -1.44264139
794    355          2.45477990      -3.47782319      -1.38324923
795    355          2.47806872      -3.49714974      -1.34921246
796    355          2.49379516      -3.53142003      -1.33575966
797    355          2.50034096      -3.58668332      -1.32083952
798    355          2.51986020      -3.64162911      -1.32281474
799    355          2.53531093      -3.66486451      -1.34565373
800    355          2.52297123      -3.69134833      -1.36280575
801    355          2.46689800      -3.73070794      -1.36598274
802    355          2.40003174      -3.78067136      -1.39124353
803    355          2.33550260      -3.82904999      -1.41968132
804    355          2.28424656      -3.86897940      -1.43519128
805    355          2.26763251      -3.87097726      -1.43296997
806    355          2.29026425      -3.82954127      -1.41864776
807    355          2.34470583      -3.75976815      -1.40095129
808    355          2.38850785      -3.72889654      -1.38247293
809    355          2.38534988      -3.76932397      -1.38280990
810    355          2.34874528      -3.83997226      -1.38999828
811    355          2.31682221      -3.88840303      -1.40696932
812    355          2.29974228      -3.89339807      -1.43097107
813    355          2.28784034      -3.86271111      -1.45640788
814    355          2.28809340      -3.81713765      -1.45629942
815    355          2.31027168      -3.75807056      -1.41328533
816    355          2.34819536      -3.68711485      -1.35399536
817    355          2.41107762      -3.62372505      -1.29742166
818    355          2.49310890      -3.58374289      -1.24725872
819    355          2.57006571      -3.56192267      -1.20739535
820    355          2.63579486      -3.55361414      -1.18831298
821    355          2.69714911      -3.53469939      -1.20088563
822    355          2.73807367      -3.49155879      -1.27474564
823    355          2.74409368      -3.40034024      -1.38053841
824    355          2.74999811      -3.28918846      -1.48917167
825    355          2.78683938      -3.20425759      -1.57251017
826    355          2.83955183      -3.16355478      -1.64138656
827    355          2.88769574      -3.15878531      -1.68446054
828    355          2.92173209      -3.19470300      -1.72440058
829    355          2.96499740      -3.20359308      -1.72712766
830    355          3.01919117      -3.19280263      -1.72515091
831    355          3.05208604      -3.18766072      -1.71408437
832    355          3.03020638      -3.18113316      -1.72157065
833    355          2.99940075      -3.12963287      -1.74066719
834    355          3.00152137      -3.03362602      -1.74733421
835    355          3.00804718      -2.92675906      -1.76424742
836    355          2.95921965      -2.85282836      -1.79209874
837    355          2.89607919      -2.82954753      -1.83689506
838    355          2.87363394      -2.79745172      -1.85629569
839    355          2.90136592      -2.75767866      -1.85479616
840    355          2.90038153      -2.74797886      -1.84960276
841    355          2.84671297      -2.76586627      -1.85307149
842    355          2.78147097      -2.78931360      -1.85829988
843    313          0.70769425      -3.97041078      -2.19563051
844    313          0.62837505      -4.01232429      -2.22155847
845    313          0.55910154      -3.99144973      -2.26509520
846    313          0.48836385      -3.91887704      -2.31158473
847    313          0.41573772      -3.85177024      -2.34556985
848    313          0.35947583      -3.82376758      -2.37435486
849    313          0.31588586      -3.83667886      -2.38585346
850    313          0.28989939      -3.84741348      -2.36666303
851    313          0.26804580      -3.84405543      -2.31087698
852    313          0.23997799      -3.81802062      -2.25740712
853    313          0.17806716      -3.77736299      -2.24415620
854    313          0.07891537      -3.73496798      -2.24062030
855    313         -0.01888540      -3.69723319      -2.20026306
856    313         -0.08234797      -3.67561046      -2.15858845
857    313         -0.09714526      -3.67708827      -2.12631912
858    313         -0.09517994      -3.67801187      -2.06841775
859    313         -0.10877475      -3.64838902      -1.99318373
860    313         -0.13621220      -3.61923279      -1.94959241
861    313         -0.17776093      -3.59285997      -1.93755603
862    313         -0.20586548      -3.56178942      -1.94479510
863    313         -0.22185166      -3.52398749      -1.96282648
864    313         -0.23086401      -3.48887491      -1.97632245
865    313         -0.24286717      -3.45639037      -2.00722354
866    313         -0.24311719      -3.42618600      -2.04344111
867    313         -0.25589868      -3.43682363      -2.06744300
868    313         -0.26981179      -3.47025993      -2.06581030
869    313         -0.26679201      -3.49878024      -2.05093579
870    313         -0.21657911      -3.56097093      -2.05254419
871    313         -0.17244272      -3.64630451      -2.07430046
872    313         -0.19453441      -3.73065812      -2.10279618
873    313         -0.27517046      -3.79472559      -2.11886905
874    313         -0.34364872      -3.84629785      -2.12466442
875    313         -0.32768518      -3.87954973      -2.13552455
876    313         -0.23977718      -3.90963074      -2.15450465
877    313         -0.15043833      -3.92361496      -2.16019753
878    313         -0.07301773      -3.92260050      -2.15667004
879    313         -0.00680859      -3.91788695      -2.15427499
880    313          0.01278135      -3.92551556      -2.15382265
881    313         -0.03978361      -3.94309448      -2.14426853
882    313         -0.12086285      -3.98084117      -2.14017878
883    313         -0.17815627      -4.00421374      -2.15199671
884    313         -0.20852777      -4.00022633      -2.15773080
885    313         -0.18851529      -3.97300392      -2.15473872
886    313         -0.13919314      -3.92454634      -2.14705842
887    313         -0.10718233      -3.87690018      -2.13899887
888    313         -0.08917480      -3.80889824      -2.14219415
889    313         -0.09831169      -3.74564342      -2.15968402
890    313         -0.11868779      -3.69533288      -2.16100250
891    313         -0.15020933      -3.68197663      -2.14215244
892    313         -0.18842552      -3.65572640      -2.10995669
893    313         -0.22574947      -3.61535910      -2.10195862
894    313         -0.25719135      -3.55369540      -2.10772284
895    313         -0.25233138      -3.53144987      -2.12128818
896    313         -0.20825120      -3.56659973      -2.13168610
897    313         -0.17764242      -3.61348010      -2.14811202
898    313         -0.15756623      -3.61538896      -2.18476433
899    313         -0.13774987      -3.61482470      -2.22019286
900    313         -0.11876042      -3.62836369      -2.23241664
901    313         -0.09883588      -3.62918459      -2.24638504
902    313         -0.10411167      -3.58621136      -2.26034704
903    313         -0.10976354      -3.52098534      -2.27428145
904    313         -0.14016336      -3.47878113      -2.26373702
905    313         -0.20165829      -3.45539819      -2.22232279
906    313         -0.24595232      -3.46907012      -2.18673603
907    313         -0.26786040      -3.48221918      -2.15940614
908    313         -0.25455721      -3.47318896      -2.15436109
909    313         -0.20614008      -3.45375115      -2.15712511
910    313         -0.12485859      -3.46014383      -2.14848105
911    313         -0.03089998      -3.50227236      -2.14308065
912    313          0.03718257      -3.54585313      -2.14901324
913    313          0.06478181      -3.56659794      -2.16087955
914    313          0.08365556      -3.56384795      -2.16516596
915    313          0.08746179      -3.56559787      -2.16402467
916    313          0.08325162      -3.59055368      -2.14007359
917    313          0.06370026      -3.58859355      -2.12626517
918    313          0.03904987      -3.59070964      -2.08417514
919    313         -0.00329929      -3.57356919      -2.05649042
920    313         -0.02301891      -3.54927071      -2.03482644
921    313         -0.04026564      -3.52033178      -2.04142268
922    313         -0.04703696      -3.49428885      -2.04802396
923    313         -0.01726066      -3.49977361      -2.05484017
924    313          0.02000462      -3.50743065      -2.06052235
925    367          1.17799776      -5.36959409      -1.10049170
926    367          1.28767856      -5.34658101      -1.05700699
927    367          1.36536257      -5.31376792      -1.02313824
928    367          1.39727482      -5.26233686      -1.00004620
929    367          1.40141376      -5.22438042      -1.01519948
930    367          1.41281620      -5.20880185      -1.01236158
931    367          1.43841726      -5.21121213      -1.00452826
932    367          1.45504293      -5.21434561      -1.02015151
933    367          1.43873202      -5.19576640      -1.07248304
934    367          1.40547797      -5.15458897      -1.11111892
935    367          1.37019448      -5.10561400      -1.11508712
936    367          1.32979434      -5.07071764      -1.09987697
937    367          1.31133669      -5.04788160      -1.07319853
938    367          1.31488280      -5.04095227      -1.05642341
939    367          1.32107245      -5.04616254      -1.02815601
940    367          1.34697330      -5.06101754      -1.00078760
941    367          1.39822892      -5.07873882      -1.00247128
942    367          1.43270893      -5.08818722      -1.03412661
943    367          1.43446203      -5.09752409      -1.07445785
944    367          1.41153638      -5.11095384      -1.12162081
945    367          1.37910934      -5.11391745      -1.18225046
946    367          1.33615892      -5.10878516      -1.24006977
947    367          1.28305902      -5.09887282      -1.28593450
948    367          1.21412918      -5.09823145      -1.28991775
949    367          1.12924963      -5.10675128      -1.23122598
950    367          1.06319321      -5.10200476      -1.14744705
951    367          1.03382741      -5.06564816      -1.10503140
952    367          1.04334246      -4.99555538      -1.14768153
953    367          1.07400238      -4.92137219      -1.23197411
954    367          1.09831920      -4.85845775      -1.28854835
955    367          1.09454394      -4.81134871      -1.27119053
956    367          1.06890870      -4.80251201      -1.19566823
957    367          1.04336999      -4.82597986      -1.11354863
958    367          1.02784968      -4.84445150      -1.09499906
959    367          1.00510393      -4.84027529      -1.13239035
960    367          0.96658086      -4.81765624      -1.19023361
961    367          0.94686421      -4.77443984      -1.25536650
962    367          0.96664605      -4.71984520      -1.30833846
963    367          1.00188465      -4.68024466      -1.33187419
964    367          1.02203202      -4.66984065      -1.32828521
965    367          1.02727304      -4.68733781      -1.32965043
966    367          1.01803408      -4.72047809      -1.33421183
967    367          1.00719363      -4.75708638      -1.32516511
968    367          0.97595311      -4.78553476      -1.30515433
969    367          0.90519658      -4.80656645      -1.29459775
970    367          0.81746268      -4.84047919      -1.29363994
971    367          0.76780541      -4.87520343      -1.30843824
972    367          0.75513835      -4.89518792      -1.33727712
973    367          0.75155155      -4.89537470      -1.39069177
974    367          0.74872038      -4.90017989      -1.46232106
975    367          0.74972499      -4.92263466      -1.54044176
976    367          0.74745302      -4.94690422      -1.61181201
977    367          0.73547003      -4.95994959      -1.65973612
978    367          0.73840049      -4.97305458      -1.68941213
979    367          0.75944742      -4.98728978      -1.71417174
980    367          0.77452908      -4.97043892      -1.74155509
981    367          0.77652612      -4.91634980      -1.75819287
982    367          0.78087982      -4.84098785      -1.77834123
983    367          0.79443461      -4.77805767      -1.80795792
984    367          0.78053041      -4.74501914      -1.85061282
985    367          0.73816242      -4.75153882      -1.89315125
986    367          0.70348057      -4.80456541      -1.91243259
987    367          0.71483797      -4.85389592      -1.88997630
988    367          0.77144056      -4.85107695      -1.84735887
989    367          0.82699178      -4.81991845      -1.81687059
990    367          0.84989831      -4.79338459      -1.78710065
991    367          0.85713195      -4.77289422      -1.75204637
992    367          0.86889031      -4.73435306      -1.72377411
993    367          0.87459324      -4.67421047      -1.70171669
994    367          0.87131709      -4.61365050      -1.64483469
995    367          0.86684487      -4.55539169      -1.55580091
996    367          0.85375516      -4.50964920      -1.46922670
997    367          0.82390345      -4.48470379      -1.40413466
998    367          0.79129976      -4.48479021      -1.34823579
999    367          0.75406027      -4.50116782      -1.29688747
