1            0.00000000       0.00000000       0.00000000       0.00000000
2            0.00277667       0.00224311       0.00021565       0.00031791
3            0.00734897       0.00355271       0.00370753       0.00008873
4            0.02139016       0.00181804       0.01954096       0.00003115
5            0.04678206       0.00021278       0.04632759       0.00024169
6            0.07197241       0.00008724       0.06722674       0.00465844
7            0.09146284       0.00113292       0.07523764       0.01509228
8            0.11517859       0.00397419       0.08298468       0.02821973
9            0.15014930       0.00715900       0.09428380       0.04870650
10           0.19874694       0.00866709       0.10589818       0.08418168
11           0.26625161       0.01069009       0.13199948       0.12356204
12           0.33622856       0.01459797       0.17915913       0.14247146
13           0.38431615       0.01708870       0.23125781       0.13596964
14           0.40613382       0.01506566       0.26174206       0.12932610
15           0.42349397       0.00872142       0.26892329       0.14584927
16           0.44454223       0.00465486       0.25581379       0.18407358
17           0.46131093       0.00464495       0.23417549       0.22249049
18           0.49051041       0.00964971       0.22480029       0.25606041
19           0.53148341       0.02327471       0.22672684       0.28148186
20           0.59761148       0.04837775       0.25190944       0.29732429
21           0.65489867       0.07306091       0.29410131       0.28773645
22           0.67282142       0.07430554       0.34856738       0.24994850
23           0.64644248       0.05387100       0.38740296       0.20516851
24           0.60027798       0.03073016       0.39168004       0.17786778
25           0.54031533       0.01616247       0.35284877       0.17130409
26           0.47264439       0.00986315       0.28566474       0.17711650
27           0.42318915       0.01096441       0.22237097       0.18985377
28           0.40209290       0.01778321       0.17965576       0.20465393
29           0.39690554       0.02212577       0.16009758       0.21468219
30           0.37999468       0.01981288       0.14874291       0.21143889
31           0.33269364       0.01398802       0.13503193       0.18367369
32           0.25801462       0.01147328       0.11518495       0.13135638
33           0.18367945       0.01085142       0.08846098       0.08436706
34           0.12786196       0.01255236       0.05658190       0.05872769
35           0.10332159       0.02027250       0.02784291       0.05520618
36           0.10599497       0.03274096       0.00860122       0.06465280
37           0.11974257       0.04339089       0.00019580       0.07615588
38           0.13631337       0.05134821       0.00661350       0.07835166
39           0.15765801       0.05967931       0.03043140       0.06754730
40           0.17282024       0.06499872       0.05592219       0.05189933
41           0.16687504       0.06729843       0.06462382       0.03495279
42           0.15437671       0.06765570       0.06319279       0.02352822
43           0.14941593       0.06431178       0.07109394       0.01401021
44           0.14594441       0.05109824       0.09008018       0.00476599
45           0.15042936       0.03655268       0.11342952       0.00044716
46           0.15495280       0.02331191       0.11568206       0.01595883
47           0.15544015       0.01259525       0.09672285       0.04612205
48           0.15621044       0.00252492       0.07776983       0.07591568
49           0.17842697       0.00095463       0.06956555       0.10790679
50           0.22618626       0.01409882       0.06460823       0.14747921
51           0.28247432       0.03327489       0.05771095       0.19148848
52           0.31924104       0.04216837       0.04883503       0.22823765
53           0.34116952       0.04917271       0.03718713       0.25480968
54           0.37540077       0.05559112       0.03042919       0.28938045
55           0.43481620       0.05227893       0.02407758       0.35845969
56           0.51176998       0.04072751       0.01487602       0.45616644
57           0.56076834       0.02929981       0.00661085       0.52485768
58           0.58872680       0.02909882       0.00241367       0.55721431
59           0.58296839       0.03835314       0.00004509       0.54457016
60           0.54816477       0.04406035       0.00623064       0.49787379
61           0.49959574       0.04709051       0.03476934       0.41773589
62           0.43587384       0.05536348       0.05749578       0.32301458
63           0.36210045       0.07794851       0.04639892       0.23775302
64           0.30953494       0.10301609       0.02479147       0.18172738
65           0.28712525       0.10856965       0.01079382       0.16776178
66           0.26791172       0.08904720       0.00511957       0.17374495
67           0.25624433       0.06861528       0.00381614       0.18381291
68           0.24198783       0.05277305       0.00445627       0.18475851
69           0.20892306       0.04188044       0.00457358       0.16246904
70           0.15508860       0.03222555       0.00348866       0.11937439
71           0.10292857       0.02126989       0.00130421       0.08035446
72           0.07041089       0.01742311       0.00013131       0.05285647
73           0.05489472       0.02060162       0.00023031       0.03406280
74           0.05322115       0.02761218       0.00295667       0.02265231
75           0.05072335       0.02718512       0.00847036       0.01506787
76           0.03915644       0.01681604       0.01244954       0.00989086
77           0.02631203       0.00698674       0.01451166       0.00481363
78           0.02438798       0.00269006       0.01931650       0.00238143
79           0.03469083       0.00247191       0.02834399       0.00387493
80           0.05312703       0.00503648       0.03923297       0.00885757
81           0.07363086       0.00955206       0.04953426       0.01454453
82           0.08509792       0.01017404       0.05801535       0.01690853
83           0.07818536       0.00471803       0.05731899       0.01614835
84           0.06378702       0.00009700       0.04866297       0.01502706
85           0.06518887       0.00988993       0.03609934       0.01919961
86           0.09363702       0.03224934       0.02540928       0.03597840
87           0.14247923       0.05489934       0.02063993       0.06693995
88           0.18971942       0.06274332       0.02944677       0.09752933
89           0.20945569       0.05053952       0.05764609       0.10127008
90           0.21776414       0.03028396       0.10916159       0.07831859
91           0.24135125       0.01626417       0.16741861       0.05766847
92           0.26989328       0.00979045       0.19578942       0.06431341
93           0.29197638       0.00893085       0.17422425       0.10882128
94           0.33116635       0.00938053       0.14666678       0.17511904
95           0.36543750       0.00949035       0.13045734       0.22548981
96           0.37664500       0.00906145       0.12250627       0.24507727
97           0.37143921       0.00889651       0.12131597       0.24122673
98           0.34818859       0.00811845       0.12840192       0.21166823
99           0.30846851       0.00899698       0.14703192       0.15243961
100          0.27518493       0.01472944       0.16489142       0.09556406
101          0.26245202       0.02881691       0.15983886       0.07379625
102          0.25783641       0.04752305       0.12038922       0.08992414
103          0.26183134       0.05813043       0.07626515       0.12743576
104          0.25382491       0.05076982       0.05353078       0.14952431
105          0.23685174       0.02681974       0.05859017       0.15144184
106          0.24526389       0.00703576       0.08743915       0.15078899
107          0.30246241       0.00038731       0.14225430       0.15982079
108          0.38138357       0.00018074       0.20283211       0.17837072
109          0.42347709       0.00002729       0.22863214       0.19481766
110          0.41359720       0.00111422       0.20847268       0.20401030
111          0.38842120       0.00870579       0.15972601       0.21998939
112          0.39347005       0.01912074       0.11838618       0.25596312
113          0.40153079       0.02624753       0.08916919       0.28611407
114          0.38890830       0.02786031       0.08133361       0.27971438
115          0.34661011       0.02105972       0.08999513       0.23555526
116          0.28506586       0.00508738       0.10824957       0.17172891
117          0.22734525       0.00023201       0.10594006       0.12117319
118          0.16832300       0.00356419       0.07019316       0.09456565
119          0.11332911       0.00112627       0.02511681       0.08708603
120          0.09810543       0.00144481       0.00511304       0.09154758
121          0.10124023       0.00939490       0.00068118       0.09116416
122          0.09004043       0.00841881       0.00024077       0.08138086
123          0.06617514       0.00043914       0.00051854       0.06521746
124          0.05441875       0.00638241       0.00184928       0.04618706
125          0.07038053       0.03004157       0.00588146       0.03445750
126          0.10870008       0.06538004       0.01446675       0.02885329
127          0.16195653       0.10255002       0.02282874       0.03657777
128          0.20035636       0.11066205       0.01976784       0.06992647
129          0.22698463       0.08223277       0.00976135       0.13499051
130          0.25976505       0.04536191       0.00163201       0.21277113
131          0.27204407       0.01840581       0.00041924       0.25321902
132          0.25494399       0.00590565       0.00426124       0.24477711
133          0.21135498       0.00106732       0.00944668       0.20084099
134          0.16127645       0.00086405       0.01699486       0.14341754
135          0.11687822       0.00619685       0.02720081       0.08348056
136          0.10933751       0.02714599       0.03518402       0.04700751
137          0.14412919       0.06264532       0.03972503       0.04175883
138          0.20378925       0.08971432       0.04735379       0.06672113
139          0.26232183       0.09232708       0.06008856       0.10990619
140          0.28933364       0.06786896       0.07609075       0.14537393
141          0.27793082       0.03904985       0.07535414       0.16352682
142          0.23873601       0.01927580       0.05355885       0.16590136
143          0.18945544       0.01237426       0.02476981       0.15231138
144          0.13314696       0.01448632       0.00824458       0.11041606
145          0.08252410       0.02257486       0.00608093       0.05386832
146          0.06276764       0.03679347       0.01341275       0.01256142
147          0.07767310       0.05089361       0.02595328       0.00082621
148          0.07649677       0.04755971       0.02878567       0.00015140
149          0.04413899       0.02034106       0.02233821       0.00145972
150          0.01622369       0.00023067       0.01130397       0.00468905
151          0.01953054       0.01046667       0.00255741       0.00650645
152          0.03697335       0.02901094       0.00070518       0.00725724
153          0.05331288       0.03264722       0.01266195       0.00800372
154          0.05382907       0.01841773       0.02861463       0.00679671
155          0.03562493       0.00316845       0.03053489       0.00192160
156          0.02246026       0.00038027       0.02162509       0.00045490
157          0.02439591       0.00330157       0.01303389       0.00806044
158          0.02643088       0.00121372       0.00614747       0.01906969
159          0.03183047       0.00300730       0.00098782       0.02783535
160          0.06110221       0.03408680       0.00011517       0.02690023
161          0.11323481       0.08950996       0.00051940       0.02320544
162          0.14684311       0.11815728       0.00029125       0.02839458
163          0.12973595       0.08320118       0.00008684       0.04644794
164          0.10210896       0.03488706       0.00008471       0.06713719
165          0.09053372       0.00664756       0.00000347       0.08388269
166          0.09209007       0.00001719       0.00072184       0.09135105
167          0.09112691       0.00289800       0.00283171       0.08539720
168          0.07266283       0.00228790       0.00443528       0.06593965
169          0.05074189       0.00069451       0.00268497       0.04736241
170          0.05130986       0.02108641       0.00063354       0.02958990
171          0.08318844       0.06526243       0.00007407       0.01785194
172          0.11464776       0.10148335       0.00011908       0.01304534
173          0.11322547       0.09987443       0.00037843       0.01297261
174          0.08036608       0.06581903       0.00061477       0.01393227
175          0.04531800       0.03318480       0.00062702       0.01150618
176          0.02793832       0.01682354       0.00192960       0.00918517
177          0.03365437       0.01228512       0.00938203       0.01198723
178          0.06091932       0.00928515       0.03262007       0.01901411
179          0.08529853       0.00648659       0.05706057       0.02175137
180          0.09313347       0.00634485       0.06467820       0.02211042
181          0.07121306       0.01045524       0.04055872       0.02019910
182          0.04021213       0.01417029       0.00873324       0.01730860
183          0.03300105       0.02006484       0.00000519       0.01293101
184          0.04556413       0.02815392       0.00472526       0.01268495
185          0.05368478       0.03119307       0.01267487       0.00981685
186          0.04893886       0.02489476       0.02112844       0.00291566
187          0.03628590       0.01065400       0.02541785       0.00021405
188          0.02536343       0.00041108       0.01821710       0.00673526
189          0.02436467       0.00330732       0.00564906       0.01540829
190          0.02856168       0.00915079       0.00020787       0.01920301
191          0.02553852       0.00537136       0.00029495       0.01987221
192          0.01465354       0.00004033       0.00002159       0.01459161
193          0.01088145       0.00360732       0.00079295       0.00648118
194          0.01085340       0.00665647       0.00309828       0.00109865
195          0.00645139       0.00193621       0.00449112       0.00002406
196          0.00463962       0.00133443       0.00325084       0.00005435
197          0.01539327       0.01400595       0.00130023       0.00008709
198          0.03104656       0.02979283       0.00032250       0.00093122
199          0.03559259       0.03355845       0.00000142       0.00203272
200          0.02702387       0.02415439       0.00034054       0.00252894
201          0.01330115       0.00986104       0.00221464       0.00122547
202          0.00642740       0.00108167       0.00529319       0.00005254
203          0.00729255       0.00205115       0.00522661       0.00001479
204          0.02213995       0.02095168       0.00095502       0.00023325
205          0.05499778       0.05316292       0.00122962       0.00060524
206          0.06924913       0.06187116       0.00686973       0.00050825
207          0.05335260       0.03879723       0.00606446       0.00849090
208          0.03374011       0.01891941       0.00092989       0.01389081
209          0.01713783       0.00410765       0.00027032       0.01275986
210          0.01840514       0.00073832       0.00447661       0.01319021
211          0.03176504       0.00000043       0.01338673       0.01837788
212          0.05332198       0.00014718       0.03242176       0.02075304
213          0.09089881       0.00519274       0.06913854       0.01656754
214          0.15023795       0.01855513       0.11903675       0.01264607
215          0.20834795       0.04198808       0.15345749       0.01290239
216          0.22901218       0.05951954       0.15520584       0.01428680
217          0.21652092       0.06375833       0.13961810       0.01314450
218          0.19707057       0.06374033       0.12703316       0.00629708
219          0.17871357       0.06011588       0.11650073       0.00209696
220          0.15082309       0.05000230       0.09601906       0.00480173
221          0.13669981       0.04800910       0.07837977       0.01031093
222          0.13732487       0.04760670       0.07675583       0.01296234
223          0.15608971       0.05728414       0.08755678       0.01124879
224          0.15437650       0.06024158       0.08347219       0.01066273
225          0.11846732       0.04322739       0.05836523       0.01687471
226          0.08786133       0.01635547       0.02931741       0.04218845
227          0.09026353       0.00520986       0.02677114       0.05828253
228          0.09300922       0.00164520       0.04633931       0.04502471
229          0.08554409       0.00139264       0.05222468       0.03192677
230          0.06582873       0.00607712       0.03845337       0.02129824
231          0.05926427       0.02034520       0.02305192       0.01586715
232          0.07673144       0.05175986       0.01284077       0.01213080
233          0.10565784       0.08833621       0.01034594       0.00697569
234          0.11860516       0.10727350       0.00877849       0.00255318
235          0.10615156       0.09904789       0.00614429       0.00095938
236          0.07705979       0.07132328       0.00474120       0.00099530
237          0.05375492       0.04204937       0.00766764       0.00403792
238          0.04704180       0.02253849       0.01158673       0.01291657
239          0.04979115       0.01239897       0.01158493       0.02580725
240          0.05248149       0.00835868       0.00577813       0.03834469
241          0.05855805       0.00711536       0.00204357       0.04939913
242          0.05981019       0.00636886       0.00067006       0.05277128
243          0.05136519       0.00347976       0.00082357       0.04706185
244          0.04893121       0.00048196       0.00158268       0.04686656
245          0.06063865       0.00000062       0.00044072       0.06019731
246          0.07394927       0.00007119       0.00013916       0.07373892
247          0.07309155       0.00381519       0.00043544       0.06884092
248          0.07791685       0.02463694       0.00002984       0.05325007
249          0.12054964       0.07203428       0.00160006       0.04691531
250          0.20005682       0.13372172       0.00711339       0.05922171
251          0.26056052       0.15998688       0.02054840       0.08002524
252          0.25446114       0.12707581       0.03755123       0.08983410
253          0.20241361       0.07884234       0.04051734       0.08305393
254          0.13989059       0.04034205       0.02928642       0.07026212
255          0.09656126       0.01771230       0.01910650       0.05974247
256          0.08361105       0.00939146       0.01662476       0.05759484
257          0.08835986       0.00992829       0.01672094       0.06171064
258          0.09896679       0.02164278       0.01302645       0.06429756
259          0.12652947       0.05025352       0.01071743       0.06555852
260          0.15773381       0.08334013       0.01326390       0.06112978
261          0.19462574       0.11421045       0.02786186       0.05255342
262          0.24786299       0.15334585       0.04941970       0.04509743
263          0.31323367       0.19164594       0.07742682       0.04416090
264          0.35892046       0.20859324       0.10668700       0.04364022
265          0.35694494       0.19792321       0.12126731       0.03775443
266          0.31314048       0.17534168       0.11154690       0.02625190
267          0.26405971       0.15481127       0.09052309       0.01872535
268          0.22562769       0.13621057       0.07359131       0.01582581
269          0.19623673       0.11886005       0.06206779       0.01530889
270          0.18170779       0.10687886       0.05635188       0.01847705
271          0.18018639       0.09500518       0.06241432       0.02276688
272          0.20173861       0.09511554       0.08664114       0.01998193
273          0.24194991       0.11780462       0.11577579       0.00836951
274          0.27278065       0.14112829       0.13072870       0.00092365
275          0.26997769       0.13581218       0.13412477       0.00004073
276          0.24735935       0.10237208       0.14459928       0.00038799
277          0.22206916       0.06172512       0.15968017       0.00066387
278          0.21107463       0.04500954       0.16606404       0.00000105
279          0.23031988       0.05172406       0.17547542       0.00312040
280          0.28590968       0.07122145       0.20108544       0.01360279
281          0.36128239       0.09740951       0.24659498       0.01727790
282          0.43105150       0.12473165       0.29610126       0.01021859
283          0.47750587       0.14182060       0.32851353       0.00717174
284          0.47051371       0.13820226       0.32133737       0.01097408
285          0.42756716       0.11096329       0.29086423       0.02573964
286          0.38056724       0.07731206       0.25306191       0.05019328
287          0.35479357       0.04859541       0.22285364       0.08334451
288          0.31611175       0.02911099       0.17688495       0.11011581
289          0.24622293       0.01634755       0.11389385       0.11598152
290          0.16956601       0.00553609       0.05937170       0.10465822
291          0.11758371       0.00019775       0.02549270       0.09189326
292          0.09330249       0.00153683       0.00750149       0.08426417
293          0.08815691       0.00718743       0.00004428       0.08092519
294          0.10164791       0.01623002       0.00631631       0.07910158
295          0.13076235       0.03237285       0.02119639       0.07719311
296          0.14387284       0.04768899       0.03211881       0.06406504
297          0.13226932       0.05383360       0.04003506       0.03840065
298          0.12322028       0.05952143       0.04625552       0.01744333
299          0.13377777       0.07570666       0.04940975       0.00866137
300          0.14468331       0.08667047       0.04742560       0.01058725
301          0.14016821       0.07202349       0.04639549       0.02174924
302          0.14237270       0.04539432       0.05603201       0.04094637
303          0.15281675       0.02777070       0.06643655       0.05860950
304          0.15480468       0.01795035       0.07118772       0.06566661
305          0.14961754       0.01451357       0.07071082       0.06439315
306          0.14527228       0.01576851       0.07018463       0.05931915
307          0.14127023       0.02448687       0.06780543       0.04897793
308          0.13746871       0.03648994       0.06237365       0.03860512
309          0.13415537       0.04683771       0.05856621       0.02875145
310          0.13504605       0.05396514       0.05955403       0.02152689
311          0.14573134       0.05956633       0.06642602       0.01973899
312          0.16472594       0.06526395       0.08102515       0.01843684
313          0.19486189       0.06369091       0.11499111       0.01617987
314          0.23574676       0.05810262       0.16475107       0.01289308
315          0.27452938       0.05441547       0.21228246       0.00783145
316          0.28023687       0.05545468       0.22329501       0.00148719
317          0.26605958       0.05090924       0.21458259       0.00056774
318          0.24855831       0.03891782       0.20407826       0.00556222
319          0.24105079       0.02832806       0.19951343       0.01320930
320          0.25234390       0.02523425       0.20466276       0.02244690
321          0.28478255       0.02079385       0.23116342       0.03282528
322          0.32945595       0.00920369       0.27791262       0.04233964
323          0.37839766       0.00129559       0.32606769       0.05103439
324          0.41215082       0.00025567       0.34702629       0.06486886
325          0.43455733       0.00266516       0.34111624       0.09077593
326          0.46653976       0.00905106       0.33112917       0.12635953
327          0.47841309       0.01042817       0.31566610       0.15231883
328          0.48042603       0.00483937       0.31038999       0.16519666
329          0.47862441       0.00082049       0.30503734       0.17276658
330          0.47530212       0.00027886       0.29790303       0.17712023
331          0.44849707       0.00206897       0.27999537       0.16643272
332          0.38792939       0.00158947       0.23827666       0.14806327
333          0.32156172       0.00006411       0.18309617       0.13840145
334          0.28594977       0.00263695       0.14557546       0.13773736
335          0.28358472       0.00194506       0.13793179       0.14370787
336          0.31125906       0.00000000       0.15215859       0.15910047
337          0.34264274       0.00159536       0.16240642       0.17864096
338          0.36917163       0.00303012       0.18577499       0.18036652
339          0.38474678       0.00520092       0.22853940       0.15100646
340          0.39356384       0.00767491       0.27215293       0.11373600
341          0.39914432       0.00402047       0.30710730       0.08801654
342          0.40014032       0.00042695       0.32335212       0.07636125
343          0.41005959       0.00876018       0.33334244       0.06795697
344          0.41232253       0.00748422       0.33817636       0.06666195
345          0.39604106       0.00025845       0.32507265       0.07070996
346          0.37487094       0.00079148       0.29822974       0.07584972
347          0.34451100       0.00009860       0.27178648       0.07262592
348          0.29862735       0.00272428       0.23883239       0.05707067
349          0.25121697       0.01179668       0.20681484       0.03260544
350          0.21553613       0.01667615       0.18601680       0.01284318
351          0.19539947       0.01869270       0.17375616       0.00295061
352          0.18333932       0.02551892       0.15781041       0.00001000
353          0.18562455       0.03807386       0.14625144       0.00129925
354          0.18479580       0.03970540       0.14201346       0.00307694
355          0.16132990       0.02077681       0.13730881       0.00324429
356          0.13134621       0.00524016       0.12408521       0.00202083
357          0.08519567       0.00111763       0.08382911       0.00024893
358          0.03680730       0.00154877       0.03525166       0.00000687
359          0.01918215       0.01001404       0.00914371       0.00002440
360          0.03443844       0.02715343       0.00119923       0.00608578
361          0.08280250       0.04130259       0.00018586       0.04131405
362          0.13229332       0.03601428       0.00098942       0.09528962
363          0.14559520       0.02062079       0.00198903       0.12298538
364          0.13612167       0.01090909       0.00143992       0.12377265
365          0.13021387       0.00837220       0.00085323       0.12098844
366          0.13366648       0.01151247       0.00021615       0.12193786
367          0.13376118       0.01960821       0.00027361       0.11387936
368          0.13360404       0.03040211       0.00360227       0.09959967
369          0.12842052       0.03731128       0.00706785       0.08404139
370          0.11887511       0.03858896       0.00494023       0.07534593
371          0.12051361       0.03972637       0.00010901       0.08067822
372          0.14831479       0.04438144       0.00742721       0.09650614
373          0.19929169       0.04265267       0.03854680       0.11809222
374          0.26696886       0.03971731       0.08919414       0.13805741
375          0.34042060       0.04822911       0.14527163       0.14691986
376          0.38921429       0.07160299       0.17875053       0.13886077
377          0.38248574       0.09079272       0.17361926       0.11807376
378          0.33561302       0.09393176       0.14120867       0.10047260
379          0.28786375       0.09119612       0.11196235       0.08470528
380          0.27840618       0.09694162       0.12373095       0.05773361
381          0.33146874       0.10877396       0.19288095       0.02981383
382          0.42972686       0.11272251       0.30518599       0.01181837
383          0.50247306       0.10602135       0.39448886       0.00196286
384          0.48364750       0.07995364       0.40369201       0.00000186
385          0.37669093       0.04577595       0.33070784       0.00020714
386          0.25789381       0.02527815       0.23248753       0.00012813
387          0.17196550       0.02124332       0.15020230       0.00051988
388          0.12562949       0.02848904       0.09274011       0.00440034
389          0.12180610       0.04177994       0.06550438       0.01452177
390          0.13562216       0.04801616       0.06531853       0.02228747
391          0.14231328       0.03553065       0.08921418       0.01756845
392          0.15078341       0.01311160       0.12833433       0.00933748
393          0.16843151       0.00048664       0.16028654       0.00765833
394          0.16273473       0.00186491       0.14892322       0.01194660
395          0.13624099       0.00434913       0.11122881       0.02066304
396          0.11138155       0.00266977       0.07450674       0.03420504
397          0.09052979       0.00027676       0.03970416       0.05054887
398          0.08963587       0.00086783       0.01478542       0.07398262
399          0.10486288       0.00397907       0.00382935       0.09705446
400          0.11939150       0.00825359       0.00166552       0.10947240
401          0.11878118       0.01478667       0.00287615       0.10111836
402          0.10335658       0.02087132       0.00410227       0.07838299
403          0.08800967       0.01615024       0.00238769       0.06947173
404          0.07582808       0.00366737       0.00015853       0.07200218
405          0.07428846       0.00148543       0.00071418       0.07208886
406          0.07980141       0.01639110       0.00251761       0.06089269
407          0.07570202       0.02740476       0.00517006       0.04312719
408          0.05833757       0.02551539       0.00712753       0.02569465
409          0.04206195       0.01641930       0.00768573       0.01795693
410          0.03555930       0.01063204       0.00953596       0.01539131
411          0.03753886       0.00880090       0.01460537       0.01413259
412          0.04171892       0.01269698       0.01815506       0.01086688
413          0.05169992       0.02826052       0.01835236       0.00508703
414          0.06275459       0.04590904       0.01576797       0.00107758
415          0.05666956       0.04230115       0.01431227       0.00005614
416          0.04193234       0.02383161       0.01806188       0.00003884
417          0.04178490       0.00968111       0.03209279       0.00001099
418          0.07129599       0.00239186       0.06862384       0.00028029
419          0.12760670       0.00017675       0.12597966       0.00145030
420          0.18817940       0.00005051       0.18455643       0.00357245
421          0.22723750       0.00012026       0.22370471       0.00341253
422          0.26022264       0.00004100       0.25838118       0.00180046
423          0.28810434       0.00000427       0.28781003       0.00029005
424          0.31022049       0.00007060       0.30968348       0.00046641
425          0.33884815       0.00226716       0.33316539       0.00341560
426          0.39734485       0.01765649       0.37075430       0.00893406
427          0.47181396       0.05782628       0.39764275       0.01634492
428          0.50574601       0.10414440       0.37099695       0.03060466
429          0.49649262       0.12864369       0.31910379       0.04874515
430          0.46688059       0.12266463       0.28184384       0.06237212
431          0.41304873       0.10632514       0.25288610       0.05383749
432          0.35394081       0.10473943       0.21355686       0.03564453
433          0.33606972       0.11439383       0.19430138       0.02737451
434          0.38502078       0.13488846       0.21699563       0.03313668
435          0.49679410       0.16596896       0.28206276       0.04876238
436          0.64525020       0.20051404       0.37371266       0.07102350
437          0.76423770       0.21020580       0.46937353       0.08465837
438          0.73853540       0.16120906       0.48587035       0.09145599
439          0.61654366       0.10230524       0.43025462       0.08398379
440          0.51456912       0.07752126       0.37224577       0.06480209
441          0.45083154       0.07984182       0.32094492       0.05004480
442          0.40109579       0.08854612       0.27490835       0.03764132
443          0.36901676       0.10399991       0.23495956       0.03005730
444          0.35858433       0.12537971       0.20641069       0.02679394
445          0.36754480       0.14931960       0.19200945       0.02621575
446          0.41091375       0.17637019       0.20711981       0.02742375
447          0.50779299       0.20861756       0.26779589       0.03137954
448          0.60186300       0.21391212       0.35896603       0.02898485
449          0.62184156       0.18501868       0.42116100       0.01566188
450          0.55925413       0.14832200       0.40757461       0.00335753
451          0.47735063       0.12511369       0.35211257       0.00012437
452          0.44465246       0.12231344       0.31889953       0.00343950
453          0.46322668       0.14568232       0.31329739       0.00424696
454          0.53276849       0.20086632       0.32983794       0.00206424
455          0.64106047       0.27099866       0.36806163       0.00200017
456          0.74270206       0.34284148       0.39499790       0.00486269
457          0.78414264       0.42139618       0.35886907       0.00387739
458          0.80183921       0.48898592       0.31172933       0.00112396
459          0.84517831       0.53478351       0.31018467       0.00021013
460          0.90249760       0.53497182       0.36752357       0.00000222
461          0.92690421       0.47404384       0.45279713       0.00006324
462          0.88759243       0.37546582       0.51200110       0.00012551
463          0.82456695       0.29409348       0.53015017       0.00032330
464          0.78880264       0.25361217       0.53291396       0.00227651
465          0.81083572       0.25920302       0.54175875       0.00987394
466          0.82920570       0.27749015       0.53128409       0.02043146
467          0.73002046       0.26312154       0.43876514       0.02813378
468          0.51314367       0.19903507       0.28560492       0.02850368
469          0.30353318       0.12543933       0.15574869       0.02234516
470          0.18237547       0.08117199       0.08532783       0.01587565
471          0.13504024       0.06916581       0.05257117       0.01330326
472          0.13477297       0.07527354       0.04846479       0.01103464
473          0.15264132       0.07618063       0.06968790       0.00677279
474          0.16559628       0.05525654       0.10765150       0.00268825
475          0.17128942       0.02679812       0.14429772       0.00019358
476          0.16563087       0.01305489       0.15146647       0.00110952
477          0.13653384       0.00772927       0.12392267       0.00488190
478          0.09033969       0.00205847       0.08237172       0.00590950
479          0.05248749       0.00029986       0.04953387       0.00265376
480          0.02838495       0.00258451       0.02562456       0.00017588
481          0.02369984       0.00161725       0.01005477       0.01202782
482          0.04893615       0.00000553       0.00242662       0.04650400
483          0.09855321       0.00172413       0.00076860       0.09606047
484          0.14258061       0.00747636       0.00116515       0.13393910
485          0.15413876       0.01672701       0.00445039       0.13296136
486          0.13301546       0.02091145       0.01498878       0.09711523
487          0.11024033       0.01193857       0.04171236       0.05658941
488          0.12027371       0.00063904       0.08758053       0.03205415
489          0.16694294       0.00337012       0.14471416       0.01885866
490          0.21805852       0.00890243       0.20102709       0.00812900
491          0.23744821       0.00418676       0.23168631       0.00157513
492          0.22190153       0.00002021       0.22160595       0.00027538
493          0.17950283       0.00388277       0.17447932       0.00114075
494          0.14681694       0.01376348       0.12941145       0.00364201
495          0.13289764       0.02513975       0.10146966       0.00628824
496          0.12332595       0.03714591       0.07994282       0.00623722
497          0.10553313       0.04437564       0.05658875       0.00456875
498          0.08141052       0.03893132       0.04077447       0.00170473
499          0.06554429       0.02653133       0.03900646       0.00000651
500          0.07320442       0.02143550       0.04895771       0.00281121
501          0.09766317       0.03306628       0.05678550       0.00781138
502          0.13048175       0.06830374       0.04992121       0.01225680
503          0.16500057       0.11602524       0.03567250       0.01330282
504          0.18231657       0.14055710       0.03002919       0.01173028
505          0.16643515       0.12328949       0.03489438       0.00825128
506          0.12534150       0.07832396       0.04332400       0.00369354
507          0.09105340       0.04368928       0.04649628       0.00086785
508          0.08286468       0.04038161       0.04214920       0.00033387
509          0.09928977       0.05640668       0.04171156       0.00117153
510          0.14029817       0.08729629       0.05125936       0.00174251
511          0.19525985       0.11376096       0.08010607       0.00139283
512          0.24279615       0.11811046       0.12385114       0.00083455
513          0.28566100       0.10497185       0.17980972       0.00087943
514          0.32069191       0.09799756       0.22195698       0.00073737
515          0.33471095       0.10255637       0.23145848       0.00069609
516          0.34377692       0.11632653       0.22691937       0.00053102
517          0.35425570       0.13797777       0.21627765       0.00000028
518          0.37182937       0.17423042       0.19554631       0.00205265
519          0.42045500       0.22587590       0.18212972       0.01244938
520          0.49372899       0.26341533       0.20234242       0.02797124
521          0.53204613       0.23950276       0.25319026       0.03935311
522          0.50082895       0.15190410       0.30722604       0.04169881
523          0.47526433       0.07563735       0.35670233       0.04292465
524          0.44994870       0.03737207       0.36893016       0.04364647
525          0.38981717       0.02790429       0.31323523       0.04867765
526          0.33906857       0.02745949       0.25014856       0.06146052
527          0.35060637       0.02925646       0.22861622       0.09273369
528          0.42664445       0.02592899       0.25328777       0.14742769
529          0.52245311       0.01652403       0.28731640       0.21861268
530          0.56464450       0.00551171       0.27533444       0.28379835
531          0.54017409       0.00018598       0.23211249       0.30787562
532          0.48830051       0.00049932       0.18739935       0.30040185
533          0.45187187       0.00052644       0.15237809       0.29896734
534          0.45761385       0.00000957       0.12862573       0.32897855
535          0.50169540       0.00019708       0.12565034       0.37584798
536          0.53673945       0.00235621       0.13783854       0.39654470
537          0.51756203       0.01055487       0.13870053       0.36830662
538          0.43765374       0.02234276       0.12528576       0.29002521
539          0.34470947       0.02468157       0.13144785       0.18858005
540          0.29443245       0.01593460       0.16780841       0.11068944
541          0.30313497       0.00957910       0.22484394       0.06871193
542          0.34977305       0.01474536       0.28595709       0.04907060
543          0.39901058       0.04502021       0.31049531       0.04349505
544          0.45973775       0.10677967       0.31020237       0.04275571
545          0.50656369       0.16466178       0.30219610       0.03970580
546          0.49601010       0.16340745       0.30493531       0.02766735
547          0.40922800       0.11488060       0.28455429       0.00979312
548          0.30307519       0.07295285       0.22918683       0.00093551
549          0.23104835       0.06273417       0.16825141       0.00006277
550          0.21554303       0.07821879       0.13725821       0.00006604
551          0.23901279       0.10443525       0.13443609       0.00014145
552          0.27772605       0.12755029       0.14950098       0.00067479
553          0.30698494       0.14158473       0.16515131       0.00024890
554          0.32451274       0.15747372       0.16695396       0.00008505
555          0.34036808       0.17341616       0.16606262       0.00088931
556          0.34195979       0.16483417       0.17370516       0.00342046
557          0.31218381       0.13312607       0.17033493       0.00872281
558          0.26384152       0.10794328       0.13951756       0.01638068
559          0.21579078       0.09931052       0.09543778       0.02104248
560          0.17368933       0.10024575       0.05703326       0.01641031
561          0.15101117       0.10455310       0.03794693       0.00851114
562          0.13918900       0.10248470       0.03325783       0.00344647
563          0.14149298       0.10196796       0.03829415       0.00123087
564          0.14999247       0.09930544       0.05027517       0.00041186
565          0.15297143       0.08227017       0.07000368       0.00069758
566          0.15294815       0.05233336       0.09853063       0.00208415
567          0.15874364       0.02764229       0.12747572       0.00362562
568          0.15986561       0.01619303       0.14094847       0.00272411
569          0.13986178       0.00992494       0.12934207       0.00059478
570          0.10803055       0.00487833       0.10308316       0.00006906
571          0.07733968       0.00099129       0.07325226       0.00309614
572          0.06903977       0.00024543       0.05345802       0.01533633
573          0.08008591       0.00136359       0.03713001       0.04159231
574          0.09524555       0.00475002       0.02159692       0.06889861
575          0.09715466       0.00329626       0.01090997       0.08294843
576          0.09603768       0.00003313       0.00618154       0.08982301
577          0.09699916       0.00409703       0.00474998       0.08815215
578          0.08706842       0.00646139       0.00536636       0.07524067
579          0.06693952       0.00563593       0.00740761       0.05389599
580          0.04926792       0.00415492       0.01216535       0.03294765
581          0.04361966       0.00162440       0.02164623       0.02034903
582          0.05162535       0.00000447       0.03949138       0.01212950
583          0.07179049       0.00313448       0.06360479       0.00505121
584          0.09477755       0.00894744       0.08480727       0.00102284
585          0.11309591       0.01218699       0.10087564       0.00003328
586          0.12557772       0.00981585       0.11575706       0.00000481
587          0.12397145       0.00539063       0.11843992       0.00014089
588          0.10618249       0.00479901       0.09964778       0.00173571
589          0.07775594       0.00966631       0.05944669       0.00864294
590          0.06826883       0.01876886       0.02507768       0.02442229
591          0.07092982       0.01958406       0.00779396       0.04355180
592          0.07117679       0.01005226       0.00411622       0.05700831
593          0.07384772       0.00162877       0.00893332       0.06328562
594          0.09875783       0.00012759       0.02872299       0.06990726
595          0.14931889       0.00182701       0.07115865       0.07633322
596          0.19674189       0.00241240       0.11229676       0.08203273
597          0.22053595       0.00114839       0.12425455       0.09513301
598          0.21870967       0.00000603       0.10458530       0.11411834
599          0.22008821       0.00136473       0.09181110       0.12691237
600          0.23460078       0.00311065       0.10345491       0.12803522
601          0.27137429       0.00334628       0.14359564       0.12443237
602          0.30378008       0.00078421       0.17504792       0.12794795
603          0.30148274       0.00170677       0.16023994       0.13953604
604          0.26653130       0.01770702       0.10735191       0.14147237
605          0.21213387       0.03273276       0.05004348       0.12935762
606          0.15611149       0.02478262       0.01376359       0.11756528
607          0.11994459       0.01083427       0.00100258       0.10810775
608          0.10349329       0.00524199       0.00000150       0.09824980
609          0.08559069       0.00409602       0.00002366       0.08147102
610          0.06748926       0.00692231       0.00024763       0.06031932
611          0.06117805       0.02343974       0.00048554       0.03725276
612          0.08705953       0.06883195       0.00119151       0.01703607
613          0.12608631       0.12090478       0.00064255       0.00453899
614          0.12636082       0.12507252       0.00104514       0.00024317
615          0.11171061       0.09271002       0.01828456       0.00071603
616          0.11801411       0.05591850       0.05874960       0.00334601
617          0.14321480       0.03376711       0.10343769       0.00601000
618          0.15825411       0.02051513       0.13104005       0.00669893
619          0.13667891       0.01299149       0.11898372       0.00470370
620          0.09596561       0.00975917       0.08308644       0.00312000
621          0.07720855       0.00933149       0.06425838       0.00361868
622          0.10392279       0.00967865       0.08585122       0.00839293
623          0.16734990       0.01076130       0.13691574       0.01967286
624          0.25412807       0.01277368       0.20925988       0.03209451
625          0.32543703       0.01704298       0.27212728       0.03626677
626          0.33513841       0.02594357       0.28023819       0.02895665
627          0.28284491       0.03233585       0.23498545       0.01552361
628          0.23280333       0.03008923       0.19869477       0.00401934
629          0.22266685       0.01981753       0.20278309       0.00006623
630          0.25015504       0.01258611       0.23727504       0.00029389
631          0.29849366       0.00956000       0.28811833       0.00081533
632          0.34699912       0.00790755       0.33856363       0.00052795
633          0.37449801       0.00534703       0.36892552       0.00022547
634          0.37104916       0.00778544       0.35894864       0.00431507
635          0.34543577       0.02239306       0.31253218       0.01051052
636          0.33136711       0.04969548       0.27009254       0.01157909
637          0.36152671       0.07486498       0.28164138       0.00502035
638          0.43414786       0.09615419       0.33797587       0.00001780
639          0.52813903       0.12915383       0.39267422       0.00631098
640          0.61101805       0.16451152       0.41633644       0.03017009
641          0.68323857       0.17854314       0.43911869       0.06557674
642          0.71587175       0.14224396       0.47728795       0.09633983
643          0.70823729       0.09362517       0.50735613       0.10725599
644          0.68003213       0.06942862       0.50657333       0.10403017
645          0.64272317       0.06880845       0.49092002       0.08299471
646          0.60781932       0.08045288       0.48316318       0.04420326
647          0.57429317       0.09842154       0.46356947       0.01230216
648          0.54038186       0.12925067       0.41052924       0.00060195
649          0.50859608       0.16273301       0.34488401       0.00097905
650          0.48467471       0.17100547       0.30854743       0.00512181
651          0.46890043       0.14404934       0.31357772       0.01127337
652          0.47799086       0.10782881       0.35242960       0.01773245
653          0.48072264       0.08303934       0.38100839       0.01667491
654          0.48596905       0.07484632       0.40045503       0.01066771
655          0.48693133       0.07253917       0.40693388       0.00745829
656          0.43887212       0.08108120       0.35303909       0.00475182
657          0.35871543       0.09532160       0.26020099       0.00319285
658          0.31279890       0.11137252       0.19779232       0.00363406
659          0.32771936       0.14121312       0.18399749       0.00250875
660          0.39568473       0.17721349       0.21732408       0.00114716
661          0.43511421       0.17865143       0.25607036       0.00039241
662          0.41863083       0.13471745       0.28373728       0.00017611
663          0.35509334       0.09755291       0.25117598       0.00636445
664          0.29173037       0.08175004       0.19000082       0.01997950
665          0.28723288       0.08323006       0.17219272       0.03181010
666          0.34071282       0.10311355       0.20249945       0.03509982
667          0.40681385       0.12370890       0.25323855       0.02986640
668          0.42229339       0.11301278       0.28484170       0.02443891
669          0.39297362       0.07486043       0.29574094       0.02237225
670          0.35619673       0.04622921       0.28740419       0.02256333
671          0.33822739       0.04146083       0.27820794       0.01855862
672          0.33561325       0.05783125       0.26944314       0.00833886
673          0.33226965       0.08415404       0.24788710       0.00022851
674          0.30820596       0.10374290       0.20141206       0.00305099
675          0.25360527       0.10395328       0.14424225       0.00540974
676          0.18295485       0.08581067       0.09464001       0.00250417
677          0.12000234       0.05673677       0.06274396       0.00052161
678          0.07568992       0.02834124       0.04590117       0.00144751
679          0.05729829       0.01093571       0.03640481       0.00995777
680          0.05770182       0.00342731       0.02722248       0.02705203
681          0.05799088       0.00064333       0.01982721       0.03752034
682          0.05302236       0.00022083       0.01648273       0.03631880
683          0.05751316       0.00455889       0.01910856       0.03384570
684          0.07513034       0.01526248       0.02885462       0.03101324
685          0.08857908       0.02676462       0.03105757       0.03075689
686          0.08190687       0.03243662       0.01895783       0.03051243
687          0.06528681       0.03664502       0.00367032       0.02497146
688          0.05051962       0.03447066       0.00064934       0.01539962
689          0.04157155       0.02250814       0.01153573       0.00752768
690          0.04327347       0.00806215       0.03098761       0.00422371
691          0.05168545       0.00284128       0.04597150       0.00287268
692          0.04299162       0.00538702       0.03565683       0.00194777
693          0.02938103       0.01456220       0.01204080       0.00277803
694          0.03406027       0.02630425       0.00005565       0.00770037
695          0.05388569       0.03414162       0.00392487       0.01581920
696          0.06299296       0.03692799       0.00263410       0.02343087
697          0.05604800       0.03057880       0.00149640       0.02397280
698          0.06169802       0.01346828       0.02701240       0.02121734
699          0.09338165       0.00163082       0.07739120       0.01435963
700          0.13817704       0.00012759       0.13148427       0.00656517
701          0.15521391       0.00227509       0.15242749       0.00051133
702          0.14687742       0.01697077       0.12955166       0.00035498
703          0.12164945       0.04463137       0.07677609       0.00024199
704          0.09869137       0.06588400       0.03229107       0.00051631
705          0.08308287       0.06633200       0.01273403       0.00401684
706          0.06403757       0.04761292       0.01109396       0.00533069
707          0.04719446       0.02351512       0.02075382       0.00292551
708          0.04796008       0.00813567       0.03925012       0.00057429
709          0.06879863       0.00229786       0.06650027       0.00000051
710          0.09310900       0.00066994       0.09204312       0.00039594
711          0.10523294       0.00051774       0.10363196       0.00108324
712          0.09987803       0.00105062       0.09708711       0.00174030
713          0.07685790       0.00399290       0.07065189       0.00221311
714          0.05231549       0.01024138       0.03935121       0.00272291
715          0.04655604       0.02018280       0.02152861       0.00484463
716          0.05141441       0.02595080       0.01393526       0.01152835
717          0.06541787       0.02131584       0.01524598       0.02885606
718          0.08816180       0.00985342       0.02079333       0.05751505
719          0.09844945       0.00110517       0.02275075       0.07459353
720          0.09141383       0.00143987       0.02010485       0.06986910
721          0.08021867       0.01218750       0.01350507       0.05452611
722          0.07472167       0.02691621       0.00501255       0.04279291
723          0.07601641       0.03566053       0.00029198       0.04006391
724          0.06647844       0.02970807       0.00118475       0.03558562
725          0.05792290       0.02485073       0.00872248       0.02434969
726          0.05853042       0.02374566       0.02061301       0.01417175
727          0.06936295       0.02673935       0.02746169       0.01516190
728          0.08387126       0.02924447       0.02550987       0.02911692
729          0.09611810       0.02490578       0.01611923       0.05509309
730          0.11077752       0.01820941       0.00741875       0.08514935
731          0.11222760       0.01398877       0.00266516       0.09557367
732          0.09490341       0.01737731       0.00030946       0.07721664
733          0.07496669       0.02494900       0.00000806       0.05000962
734          0.06357836       0.03444116       0.00000029       0.02913691
735          0.05363033       0.03684386       0.00020955       0.01657693
736          0.04549707       0.03609270       0.00030337       0.00910099
737          0.03695740       0.03150646       0.00002320       0.00542774
738          0.02704523       0.02168919       0.00000302       0.00535302
739          0.01841763       0.01128926       0.00000816       0.00712020
740          0.01270268       0.00612510       0.00038076       0.00619681
741          0.00931440       0.00429869       0.00296883       0.00204688
742          0.01416235       0.00195990       0.01216899       0.00003345
743          0.02456374       0.00020190       0.02394634       0.00041550
744          0.03122128       0.00049611       0.02845140       0.00227377
745          0.03256032       0.00395085       0.02384221       0.00476726
746          0.04056897       0.01375718       0.02100845       0.00580335
747          0.05440839       0.02523834       0.02051682       0.00865323
748          0.06542074       0.02596050       0.01974614       0.01971410
749          0.07529974       0.01943663       0.01846515       0.03739796
750          0.08400326       0.01426207       0.01963313       0.05010806
751          0.07922576       0.00808061       0.01809253       0.05305261
752          0.07567649       0.00156759       0.01501559       0.05909332
753          0.08227673       0.00013691       0.01474636       0.06739346
754          0.09603958       0.00086450       0.02161520       0.07355989
755          0.11924839       0.00027290       0.03537725       0.08359824
756          0.14714527       0.00007292       0.04531673       0.10175563
757          0.16432148       0.00151532       0.04404394       0.11876221
758          0.16309040       0.00624963       0.03721491       0.11962586
759          0.14984904       0.01262585       0.02738128       0.10984191
760          0.12448135       0.01714030       0.01669476       0.09064629
761          0.09331595       0.02154125       0.01060467       0.06117004
762          0.06587075       0.02670852       0.01212285       0.02703938
763          0.05855901       0.02863236       0.02062987       0.00929679
764          0.06306122       0.02481211       0.03225442       0.00599468
765          0.06546442       0.01813350       0.03716020       0.01017072
766          0.06382054       0.01224420       0.02880511       0.02277124
767          0.06862176       0.00856778       0.01814877       0.04190521
768          0.08235206       0.00579753       0.01192248       0.06463205
769          0.09835400       0.00359903       0.00716319       0.08759178
770          0.11423052       0.00210902       0.00190828       0.11021323
771          0.14166295       0.00216152       0.00000536       0.13949606
772          0.18831314       0.00468939       0.00055434       0.18306942
773          0.26489574       0.00621207       0.00080315       0.25788052
774          0.34242575       0.00210694       0.00037390       0.33994491
775          0.38301376       0.00029743       0.00006871       0.38264762
776          0.38735220       0.00499040       0.00382998       0.37853182
777          0.33101304       0.00832681       0.01360097       0.30908526
778          0.24098848       0.00451181       0.03710404       0.19937263
779          0.20871653       0.00000185       0.09696101       0.11175367
780          0.26705749       0.00398119       0.19310196       0.06997434
781          0.33027930       0.01218726       0.26840671       0.04968533
782          0.33373979       0.01606391       0.28452835       0.03314753
783          0.27077739       0.01199900       0.23401659       0.02476180
784          0.19637010       0.00352777       0.16414677       0.02869556
785          0.14467485       0.00060840       0.10471445       0.03935200
786          0.11182133       0.00213839       0.06067992       0.04900303
787          0.10589501       0.01152399       0.03120333       0.06316769
788          0.13510138       0.02993848       0.01633369       0.08882921
789          0.18539366       0.05029559       0.01284365       0.12225442
790          0.24521254       0.07232182       0.01192169       0.16096904
791          0.28650136       0.08064117       0.00596804       0.19989214
792          0.29338332       0.06623599       0.00043757       0.22670976
793          0.26322990       0.03749735       0.00102936       0.22470320
794          0.23824471       0.02647856       0.00367561       0.20809054
795          0.23659573       0.03439024       0.00763520       0.19457029
796          0.24267871       0.05903990       0.00770612       0.17593269
797          0.26230876       0.10035413       0.00161649       0.16033814
798          0.29534010       0.14506290       0.00111592       0.14916128
799          0.33610502       0.18085217       0.01208884       0.14316400
800          0.36834124       0.18914606       0.02473682       0.15445836
801          0.34767099       0.14550279       0.02617336       0.17599484
802          0.31752908       0.08837836       0.01768768       0.21146304
803          0.28242470       0.04825185       0.00884957       0.22532329
804          0.22625060       0.02257748       0.00395914       0.19971398
805          0.19074557       0.01488878       0.00289226       0.17296453
806          0.21382951       0.02162413       0.00733756       0.18486782
807          0.29303049       0.04566351       0.03094463       0.21642235
808          0.40507183       0.08740474       0.07359668       0.24407041
809          0.47378267       0.12318508       0.10996169       0.24063590
810          0.45705421       0.11762583       0.12025608       0.21917230
811          0.39723316       0.07823409       0.10040959       0.21858948
812          0.36218461       0.04557956       0.07668634       0.23991871
813          0.33000455       0.04234453       0.05414446       0.23351556
814          0.28868696       0.06282463       0.03182618       0.19403615
815          0.27835632       0.09016710       0.01199745       0.17619178
816          0.30833310       0.10227821       0.00498074       0.20107415
817          0.37341615       0.10429859       0.00195139       0.26716616
818          0.44141569       0.11070549       0.00010584       0.33060436
819          0.48649830       0.12823104       0.00056075       0.35770650
820          0.53525370       0.16417768       0.00137393       0.36970209
821          0.54549375       0.18512430       0.00085079       0.35951866
822          0.47081022       0.16701670       0.00154771       0.30224581
823          0.35485038       0.12901108       0.00571443       0.22012488
824          0.27764717       0.11025414       0.01358829       0.15380474
825          0.23456919       0.11947833       0.01247393       0.10261692
826          0.21489579       0.14542405       0.00427744       0.06519430
827          0.20372686       0.15471571       0.00065862       0.04835253
828          0.16873299       0.12716175       0.00193242       0.03963882
829          0.12352863       0.08129065       0.01517280       0.02706519
830          0.11554888       0.05245673       0.04950164       0.01359050
831          0.13195487       0.04916087       0.07877122       0.00402278
832          0.14804831       0.06079069       0.08626004       0.00099759
833          0.14632107       0.06493054       0.08116428       0.00022625
834          0.12807050       0.05040753       0.07757267       0.00009030
835          0.11872569       0.03412400       0.08458701       0.00001468
836          0.12481256       0.03219029       0.09143132       0.00119095
837          0.14371045       0.04466516       0.09086679       0.00817850
838          0.16630925       0.04862172       0.10192292       0.01576461
839          0.18131628       0.03139715       0.13014740       0.01977173
840          0.18799768       0.01210823       0.15411693       0.02177252
841          0.19368082       0.00493770       0.16511481       0.02362831
842          0.18616273       0.00586899       0.14927685       0.03101688
843          0.17676397       0.00926345       0.12637529       0.04112523
844          0.15873442       0.01163324       0.10328156       0.04381962
845          0.13720937       0.01256030       0.08947663       0.03517243
846          0.10404240       0.01128525       0.06698776       0.02576939
847          0.06701425       0.00624456       0.03681694       0.02395275
848          0.05109637       0.00186257       0.01676495       0.03246885
849          0.05234551       0.00025139       0.01013290       0.04196122
850          0.05524278       0.00000442       0.00714204       0.04809631
851          0.05130805       0.00040022       0.00148659       0.04942125
852          0.04866942       0.00288785       0.00026582       0.04551574
853          0.04702316       0.00600646       0.00201851       0.03899818
854          0.04423698       0.00304814       0.00239230       0.03879653
855          0.04115342       0.00001529       0.00168343       0.03945470
856          0.03244190       0.00055913       0.00052625       0.03135652
857          0.01479915       0.00061629       0.00004338       0.01413948
858          0.00375796       0.00101960       0.00013570       0.00260266
859          0.00406975       0.00194279       0.00212442       0.00000253
860          0.01604451       0.00178687       0.01287430       0.00138334
861          0.04042314       0.00121434       0.03649881       0.00270999
862          0.06593729       0.00138753       0.06105449       0.00349527
863          0.07977861       0.00243686       0.07564870       0.00169306
864          0.08420472       0.00481134       0.07937624       0.00001714
865          0.08886766       0.00999544       0.07776825       0.00110396
866          0.10170580       0.02097391       0.07608080       0.00465109
867          0.10662376       0.02993601       0.06939573       0.00729203
868          0.09673563       0.03392788       0.05616444       0.00664331
869          0.08188948       0.03361227       0.04584158       0.00243563
870          0.08464070       0.04199034       0.04262075       0.00002961
871          0.11867028       0.06159716       0.05586704       0.00120607
872          0.17652171       0.08470290       0.09007460       0.00174420
873          0.22195759       0.09494335       0.12664402       0.00037022
874          0.22297650       0.08396449       0.13884882       0.00016319
875          0.18598226       0.05719223       0.12727442       0.00151561
876          0.13516474       0.02864194       0.10260278       0.00392002
877          0.10061482       0.01321948       0.07773985       0.00965549
878          0.08054513       0.00881819       0.05139192       0.02033501
879          0.06814103       0.00943909       0.02276600       0.03593595
880          0.06473267       0.00570325       0.00564333       0.05338609
881          0.07799577       0.00012090       0.00133836       0.07653651
882          0.11634176       0.00506413       0.00204214       0.10923549
883          0.17414298       0.01773287       0.00489009       0.15152002
884          0.23072546       0.03083717       0.00801249       0.19187580
885          0.26572900       0.04853864       0.00718553       0.21000484
886          0.27840974       0.06971271       0.00234278       0.20635425
887          0.27519165       0.07736259       0.00011939       0.19770967
888          0.27567040       0.06965586       0.00302244       0.20299209
889          0.28650254       0.06152160       0.00408681       0.22089413
890          0.32598221       0.06101264       0.00099803       0.26397154
891          0.37162532       0.06783772       0.00016017       0.30362743
892          0.40261638       0.07547577       0.00258857       0.32455204
893          0.42046087       0.08273077       0.00763589       0.33009421
894          0.40523460       0.08355603       0.01391455       0.30776402
895          0.35363023       0.07695778       0.01710421       0.25956824
896          0.28364905       0.06419162       0.01582113       0.20363629
897          0.23564819       0.04921418       0.01812180       0.16831221
898          0.21101368       0.03065219       0.02684615       0.15351533
899          0.19632617       0.01273839       0.03747628       0.14611151
900          0.19300298       0.00327920       0.04707970       0.14264409
901          0.19168437       0.00009026       0.05504201       0.13655210
902          0.18251454       0.00125517       0.05360615       0.12765323
903          0.17259902       0.00496056       0.04222995       0.12540851
904          0.16593429       0.00737159       0.02811075       0.13045195
905          0.16152745       0.00828943       0.01965200       0.13358602
906          0.16140494       0.00895941       0.02121372       0.13123180
907          0.15944307       0.00731361       0.03282379       0.11930566
908          0.15780549       0.00271392       0.04934918       0.10574239
909          0.16073701       0.00020183       0.06344369       0.09709149
910          0.15712019       0.00002629       0.06712916       0.08996474
911          0.13607168       0.00008124       0.06108895       0.07490149
912          0.11623388       0.00004193       0.05830980       0.05788215
913          0.09295145       0.00000287       0.05412211       0.03882647
914          0.07055922       0.00072607       0.04641171       0.02342143
915          0.05345587       0.00378568       0.03565865       0.01401154
916          0.04826639       0.00646990       0.02877347       0.01302302
917          0.05227106       0.00292501       0.02941508       0.01993097
918          0.06836912       0.00020978       0.03108081       0.03707853
919          0.09057005       0.00004450       0.02657416       0.06395140
920          0.10618170       0.00186335       0.01723141       0.08708693
921          0.10431857       0.00589024       0.00909073       0.08933760
922          0.08517491       0.00390124       0.00317707       0.07809661
923          0.06661012       0.00014719       0.00013080       0.06633212
924          0.06053515       0.00263425       0.00166427       0.05623663
925          0.06522558       0.00820387       0.00918104       0.04784067
926          0.07000810       0.01027664       0.02142078       0.03831068
927          0.07224984       0.00772560       0.03244514       0.03207910
928          0.07406661       0.00707122       0.03642271       0.03057268
929          0.06963791       0.00822796       0.02917900       0.03223094
930          0.05750993       0.00917364       0.01671277       0.03162352
931          0.04652943       0.00844061       0.01090908       0.02717975
932          0.03863136       0.00887906       0.01136610       0.01838620
933          0.03340582       0.01022812       0.01210311       0.01107459
934          0.02981636       0.00938434       0.01013568       0.01029635
935          0.02651914       0.00540266       0.00714604       0.01397043
936          0.03016925       0.00176641       0.00699220       0.02141065
937          0.04317682       0.00087170       0.01297271       0.02933241
938          0.06146815       0.00201398       0.02513581       0.03431836
939          0.07852454       0.00495082       0.03736861       0.03620512
940          0.07845549       0.00590948       0.03759872       0.03494728
941          0.06011935       0.00580704       0.02354065       0.03077167
942          0.04596097       0.00734027       0.01338478       0.02523592
943          0.05172200       0.01440308       0.01704690       0.02027202
944          0.08253340       0.03141457       0.03400386       0.01711496
945          0.13192109       0.05531633       0.05951412       0.01709064
946          0.16864552       0.06571692       0.07982890       0.02309970
947          0.18137889       0.06045671       0.08641615       0.03450603
948          0.19382987       0.05805973       0.09270783       0.04306230
949          0.22549169       0.05737893       0.12092789       0.04718488
950          0.29081268       0.05503886       0.18078817       0.05498565
951          0.36214021       0.05625751       0.23374599       0.07213672
952          0.39852804       0.06669760       0.23462698       0.09720346
953          0.41444522       0.08133722       0.20013787       0.13297013
954          0.46023015       0.10252896       0.17130243       0.18639875
955          0.54463486       0.13054320       0.16586288       0.24822878
956          0.62985454       0.17120895       0.17453166       0.28411392
957          0.68417299       0.21246821       0.18244808       0.28925670
958          0.66725664       0.20327171       0.17456183       0.28942310
959          0.56759819       0.14392560       0.14425504       0.27941756
960          0.43225574       0.08688692       0.12061336       0.22475546
961          0.33639373       0.05410404       0.12003468       0.16225501
962          0.28641130       0.03813244       0.12775546       0.12052340
963          0.26332901       0.03763712       0.11804867       0.10764321
964          0.24953268       0.04359597       0.09194820       0.11398851
965          0.25493986       0.05147323       0.06988489       0.13358174
966          0.27649537       0.06282954       0.06012573       0.15354010
967          0.30912093       0.08813265       0.05667119       0.16431709
968          0.35774856       0.11999268       0.06572052       0.17203536
969          0.39648685       0.12562296       0.10246791       0.16839599
970          0.41153294       0.10029770       0.16893141       0.14230384
971          0.37900542       0.06115344       0.21827127       0.09958071
972          0.28996852       0.02855184       0.19458722       0.06682946
973          0.17609148       0.01257164       0.11259152       0.05092832
974          0.09510288       0.01039817       0.04046818       0.04423653
975          0.06067646       0.01651520       0.01041661       0.03374465
976          0.05589281       0.03015129       0.00430512       0.02143639
977          0.06810813       0.05194985       0.00559870       0.01055958
978          0.08676504       0.07456448       0.00530691       0.00689365
979          0.09821248       0.08441598       0.00770952       0.00608698
980          0.08337138       0.06209888       0.01476260       0.00650990
981          0.06461325       0.03237999       0.02779417       0.00443909
982          0.05317975       0.01216539       0.03930158       0.00171277
983          0.05428524       0.00437498       0.04948305       0.00042721
984          0.05944282       0.00358224       0.05560671       0.00025387
985          0.07560844       0.00427290       0.06578865       0.00554689
986          0.10690342       0.00244127       0.08599278       0.01846936
987          0.12677357       0.00027109       0.09843960       0.02806288
988          0.12186185       0.00110675       0.09400658       0.02674852
989          0.12291531       0.01168806       0.08936092       0.02186632
990          0.15790081       0.04695932       0.09236222       0.01857926
991          0.22535637       0.09667972       0.11144788       0.01722877
992          0.26634001       0.10517072       0.14975196       0.01141733
993          0.27761930       0.06946971       0.20407763       0.00407197
994          0.28248848       0.03504194       0.24691121       0.00053533
995          0.27422768       0.01563576       0.25858706       0.00000487
996          0.25072572       0.00832762       0.24238096       0.00001714
997          0.21447084       0.00981701       0.20426241       0.00039143
998          0.18563631       0.01923251       0.16576583       0.00063797
999          0.18979289       0.04053256       0.14905582       0.00020451
1000         0.22092325       0.07531808       0.14558574       0.00001943
