1            0.58427929      -4.04227083       7.36116124
2            0.63164081      -4.02758588       7.37899116
3            0.64388390      -3.98138137       7.37058113
4            0.62691778      -3.90248184       7.35557971
5            0.59886619      -3.82703238       7.37670756
6            0.57493922      -3.78298964       7.42941397
7            0.55062040      -3.76797602       7.48401187
8            0.52123815      -3.75420022       7.52914853
9            0.49966842      -3.73521415       7.58185673
10           0.49118209      -3.71685083       7.65130203
11           0.48088639      -3.67895351       7.71267517
12           0.46345722      -3.61899890       7.73861516
13           0.45355552      -3.56137811       7.72990185
14           0.46153704      -3.53066350       7.72078062
15           0.49089076      -3.52369269       7.74306341
16           0.51605278      -3.53649045       7.79019921
17           0.51612544      -3.55835401       7.83285022
18           0.48604635      -3.56813974       7.86718536
19           0.43171877      -3.56611241       7.89170988
20           0.36432987      -3.54036502       7.90643575
21           0.31398147      -3.49995975       7.89757195
22           0.31168887      -3.45187488       7.86110974
23           0.35217801      -3.41985380       7.81411655
24           0.40897909      -3.41642737       7.78290498
25           0.45714759      -3.44826008       7.77505022
26           0.48496591      -3.50779469       7.78201335
27           0.47956822      -3.57070857       7.79688337
28           0.45092558      -3.61841265       7.81354817
29           0.43553194      -3.64214887       7.82449933
30           0.44352104      -3.65659881       7.82098609
31           0.46600834      -3.67480392       7.78973293
32           0.47716589      -3.70288174       7.72359245
33           0.48010915      -3.74484693       7.65162132
34           0.47224197      -3.80440132       7.60349921
35           0.44189776      -3.87540887       7.59612119
36           0.40333467      -3.94952808       7.61543039
37           0.37597449      -4.02827809       7.63712479
38           0.35767786      -4.12359428       7.64107490
39           0.33998580      -4.21671681       7.62105988
40           0.32933083      -4.27874956       7.58897549
41           0.32485988      -4.29648298       7.54811789
42           0.32417219      -4.29365259       7.51455036
43           0.33068161      -4.30890529       7.47952598
44           0.35823009      -4.34240443       7.43019742
45           0.39309175      -4.37906383       7.34001519
46           0.43159692      -4.38239149       7.23483299
47           0.47205075      -4.35327381       7.14640080
48           0.53403071      -4.32114326       7.08563323
49           0.61517635      -4.30602365       7.03266955
50           0.70301774      -4.29645233       6.97713102
51           0.76669335      -4.28250186       6.92356727
52           0.78962867      -4.26325732       6.88341900
53           0.80602850      -4.23511047       6.85637447
54           0.82005699      -4.21671048       6.82322030
55           0.81292516      -4.19744034       6.76244621
56           0.78608988      -4.16423814       6.68576029
57           0.75545117      -4.12357795       6.63669062
58           0.75486305      -4.09139993       6.61469335
59           0.78011886      -4.04898582       6.62321127
60           0.79418486      -3.96333645       6.65555952
61           0.80128276      -3.85580544       6.71483633
62           0.81957375      -3.80248806       6.79281752
63           0.86347189      -3.82686674       6.87356200
64           0.90524049      -3.88481776       6.93486630
65           0.91377838      -3.93837751       6.95157391
66           0.88268706      -3.97071964       6.94433400
67           0.84622448      -3.98049595       6.93242716
68           0.81400315      -3.97551553       6.93132580
69           0.78892640      -3.97464256       6.95808676
70           0.76379404      -3.98320594       7.01565525
71           0.73012130      -4.00615692       7.07769261
72           0.71627591      -4.03081180       7.13125589
73           0.72781192      -4.05744670       7.17660014
74           0.75044841      -4.09664606       7.21065440
75           0.74915839      -4.13430537       7.23840998
76           0.71395597      -4.15384835       7.26170845
77           0.66786601      -4.16273519       7.29178090
78           0.63614507      -4.18125464       7.31236138
79           0.63399757      -4.21062757       7.29891230
80           0.65524748      -4.24034397       7.26704655
81           0.68201395      -4.26483377       7.24056052
82           0.68514574      -4.28313459       7.23112845
83           0.65296721      -4.28168467       7.23408510
84           0.57443064      -4.26286768       7.23857634
85           0.48483117      -4.23226909       7.22259860
86           0.40469827      -4.20167372       7.17148152
87           0.34997320      -4.18593687       7.10243368
88           0.33379313      -4.21387145       7.04886438
89           0.35946933      -4.28236683       7.04293164
90           0.41025641      -4.37266694       7.08130665
91           0.45674823      -4.45143902       7.12101864
92           0.48533260      -4.48475181       7.10756035
93           0.48977610      -4.45967262       7.03128054
94           0.48742615      -4.42524182       6.94268897
95           0.48686085      -4.40345962       6.88630357
96           0.48908763      -4.39227979       6.86610844
97           0.48995798      -4.39057525       6.87001286
98           0.49417687      -4.40060296       6.90108708
99           0.48942686      -4.42571825       6.97072609
100          0.46291437      -4.44833908       7.05202686
101          0.41452384      -4.44206935       7.08950658
102          0.36628148      -4.38924233       7.06128770
103          0.34317675      -4.31843229       7.00417979
104          0.35895770      -4.27363802       6.97447750
105          0.42051197      -4.28432489       6.97200595
106          0.50039988      -4.33797194       6.97284566
107          0.56459915      -4.41943698       6.96138531
108          0.59772331      -4.49263969       6.93882166
109          0.58950294      -4.52042576       6.91977970
110          0.55089934      -4.49885892       6.90948625
111          0.49097446      -4.44192820       6.89213097
112          0.44600151      -4.38634376       6.85523326
113          0.42226839      -4.34088293       6.82626492
114          0.41736521      -4.32746131       6.83228093
115          0.43915960      -4.34226272       6.87582089
116          0.51295343      -4.37128386       6.94675937
117          0.59951108      -4.36775517       7.01306185
118          0.64398011      -4.30721075       7.05364596
119          0.61783928      -4.20075366       7.06605782
120          0.54626864      -4.11377638       7.05859294
121          0.48735202      -4.06837018       7.05922721
122          0.49252524      -4.05778759       7.07588794
123          0.56332365      -4.06504232       7.10578415
124          0.66416929      -4.08527405       7.14624948
125          0.75760434      -4.11896150       7.17553393
126          0.83997449      -4.16254865       7.19129869
127          0.90451361      -4.19336265       7.16990808
128          0.91693835      -4.18286898       7.09672510
129          0.87104185      -4.14107038       6.99375069
130          0.79726265      -4.08266898       6.89989003
131          0.71994730      -4.02179545       6.85795252
132          0.66112751      -3.97699269       6.86641170
133          0.61694918      -3.94507682       6.91300838
134          0.61367408      -3.91190651       6.98245616
135          0.66299938      -3.87734416       7.07223122
136          0.74903968      -3.85469680       7.14434909
137          0.83456976      -3.84295943       7.15681146
138          0.88380278      -3.82466156       7.10285690
139          0.88813300      -3.79714116       7.02964021
140          0.84479601      -3.76642531       6.97988191
141          0.78188964      -3.76776374       6.95677674
142          0.72311659      -3.81084298       6.95385133
143          0.69551892      -3.88488657       6.97089033
144          0.70463842      -3.95147117       7.02887212
145          0.73452861      -3.96429051       7.12906575
146          0.77609553      -3.92645741       7.24908349
147          0.80987541      -3.88117061       7.33241729
148          0.80236117      -3.87260744       7.34885676
149          0.72690139      -3.89281111       7.32295502
150          0.59946699      -3.93595070       7.29268460
151          0.48197253      -3.99169994       7.28049865
152          0.41395332      -4.06882604       7.27597181
153          0.40359387      -4.15479615       7.27169775
154          0.44856734      -4.21142943       7.27871909
155          0.52799030      -4.21701317       7.31732522
156          0.60377983      -4.18932554       7.38248955
157          0.64173862      -4.15643691       7.45094118
158          0.61911771      -4.12067662       7.49925430
159          0.52944039      -4.07370036       7.52800053
160          0.39965317      -4.03153912       7.52517415
161          0.28509713      -4.01948047       7.51349457
162          0.24053915      -4.02520464       7.52966814
163          0.29583315      -4.03295208       7.57667908
164          0.39749852      -4.03306687       7.62026969
165          0.50274669      -4.04413310       7.65078632
166          0.58842488      -4.06913789       7.66340460
167          0.63811238      -4.09548462       7.65338923
168          0.63211124      -4.10886873       7.61794841
169          0.55792574      -4.09408751       7.57879031
170          0.43906768      -4.06744112       7.53317840
171          0.32881416      -4.05087717       7.49477238
172          0.26571478      -4.05318320       7.47537743
173          0.26825013      -4.06172420       7.47505861
174          0.32772709      -4.06706547       7.47919629
175          0.40211233      -4.06731129       7.46842809
176          0.45457369      -4.08619809       7.45700055
177          0.47344105      -4.13913170       7.47064744
178          0.48791980      -4.22288109       7.49905289
179          0.50373992      -4.28114437       7.50864469
180          0.50462474      -4.29658992       7.50985698
181          0.48202841      -4.24366278       7.50328478
182          0.46524027      -4.13572266       7.49272340
183          0.44262886      -4.03999356       7.47487586
184          0.41648799      -3.97353030       7.47378873
185          0.40766370      -3.92968811       7.46024125
186          0.42649857      -3.89691457       7.41515807
187          0.48106107      -3.88284108       7.34653070
188          0.56400428      -3.90730010       7.27909263
189          0.64178856      -3.96711059       7.23703109
190          0.67993904      -4.02785299       7.22258630
191          0.65756885      -4.05944495       7.22019242
192          0.59063012      -4.04691735       7.24036549
193          0.52421828      -4.01411149       7.28065548
194          0.50269208      -3.98660862       7.32801542
195          0.54027690      -3.97525502       7.36606618
196          0.62080909      -3.98525472       7.36853377
197          0.70262604      -4.00621214       7.35182908
198          0.75688529      -4.02431254       7.33064527
199          0.76746894      -4.04107951       7.31607551
200          0.73969611      -4.06072452       7.31087264
201          0.68358205      -4.08933083       7.32615453
202          0.61716807      -4.11502517       7.35391312
203          0.53898967      -4.11456612       7.36500766
204          0.43953234      -4.07317426       7.34588862
205          0.35370844      -4.00720490       7.33655964
206          0.33554015      -3.95938701       7.38370557
207          0.38730916      -3.96439619       7.45330734
208          0.44673145      -4.01177680       7.47902053
209          0.52018836      -4.05871223       7.47412079
210          0.55710718      -4.10917831       7.47600988
211          0.58362191      -4.15797186       7.49672628
212          0.57214770      -4.22233126       7.50522041
213          0.51221865      -4.30521291       7.48987620
214          0.44806208      -4.38728786       7.47361598
215          0.37936937      -4.43400734       7.47474991
216          0.34031303      -4.43623256       7.48068866
217          0.33177518      -4.41592588       7.47581071
218          0.33181082      -4.39868795       7.44051540
219          0.33909390      -4.38359287       7.40695377
220          0.36066735      -4.35214025       7.43045575
221          0.36516949      -4.32223470       7.46270400
222          0.36608969      -4.31931925       7.47501353
223          0.34493824      -4.33817078       7.46722154
224          0.33883768      -4.33118637       7.46442174
225          0.37636732      -4.28385980       7.49106392
226          0.45639079      -4.21349410       7.56655952
227          0.51209995      -4.20588973       7.60257898
228          0.54371820      -4.25753650       7.57335151
229          0.54696119      -4.27079803       7.53984187
230          0.50632340      -4.23836613       7.50710040
231          0.44164269      -4.19409943       7.48712611
232          0.35677135      -4.15558796       7.47130116
233          0.28706521      -4.14398583       7.44468182
234          0.25675296      -4.13596440       7.41169023
235          0.26956055      -4.12065637       7.39213505
236          0.31721510      -4.11112721       7.39270968
237          0.37921987      -4.12983587       7.42470589
238          0.43415105      -4.14991252       7.47481235
239          0.47292861      -4.14990413       7.52180758
240          0.49285349      -4.11828482       7.55697923
241          0.49992669      -4.08747666       7.58342038
242          0.50447416      -4.06815629       7.59088124
243          0.52528976      -4.07096873       7.57809868
244          0.56232561      -4.08205380       7.57764810
245          0.58506553      -4.06326424       7.60651264
246          0.57584168      -4.03047421       7.63271035
247          0.52251207      -4.02140365       7.62353678
248          0.42731770      -4.04773359       7.59192100
249          0.31588727      -4.08227152       7.57776067
250          0.21859949      -4.12661175       7.60451635
251          0.18429569      -4.18561797       7.64404856
252          0.22780235      -4.23605222       7.66088462
253          0.30349051      -4.24356002       7.64935203
254          0.38342598      -4.21340359       7.62623126
255          0.45119174      -4.18049710       7.60558396
256          0.48736974      -4.17120785       7.60115048
257          0.48463851      -4.17158031       7.60957750
258          0.43716442      -4.15640429       7.61473087
259          0.36010631      -4.14579584       7.61720522
260          0.29559239      -4.15743982       7.60840562
261          0.24632892      -4.20918956       7.59040657
262          0.19268530      -4.26457626       7.57352279
263          0.14650544      -4.32052758       7.57130620
264          0.12755920      -4.36890059       7.57006366
265          0.13939368      -4.39050539       7.55546623
266          0.16554109      -4.37625721       7.52318561
267          0.19081866      -4.34314139       7.49800183
268          0.21521213      -4.31354802       7.48696191
269          0.23951843      -4.29140491       7.48489034
270          0.25735596      -4.27965633       7.49709156
271          0.27605018      -4.29209942       7.51204822
272          0.27587121      -4.33661950       7.50251868
273          0.24105252      -4.38252924       7.45264628
274          0.20860883      -4.40383507       7.39155290
275          0.21575225      -4.40850132       7.36754363
276          0.26432292      -4.42253295       7.38085877
277          0.33583388      -4.44187084       7.38692697
278          0.37212477      -4.44978039       7.36218720
279          0.35685005      -4.46116869       7.30530070
280          0.31740581      -4.49069634       7.24453026
281          0.27217432      -4.53885414       7.22971583
282          0.23110561      -4.58642270       7.26007419
283          0.20768853      -4.61543183       7.27647514
284          0.21252365      -4.60913710       7.25640398
285          0.25116776      -4.58158913       7.20072546
286          0.30622883      -4.54532342       7.13712268
287          0.36383562      -4.51434460       7.07246674
288          0.41365986      -4.46284776       7.02932422
289          0.45642174      -4.37975246       7.02060064
290          0.50987436      -4.28593392       7.03765202
291          0.57021688      -4.20193517       7.05802223
292          0.62348168      -4.12888197       7.07087832
293          0.66905802      -4.04892522       7.07668770
294          0.71167637      -3.96279560       7.07991121
295          0.76420386      -3.89668104       7.08332476
296          0.80265738      -3.86305362       7.10805052
297          0.81629998      -3.84218319       7.16520040
298          0.82824944      -3.82719987       7.22908805
299          0.85942772      -3.81998779       7.26809478
300          0.87867777      -3.82449664       7.25826687
301          0.85265121      -3.82687471       7.21368502
302          0.79733871      -3.80556001       7.15880915
303          0.75092473      -3.78451794       7.11906726
304          0.71825819      -3.77546056       7.10490626
305          0.70475157      -3.77635577       7.10740318
306          0.70985201      -3.77734701       7.11760602
307          0.74076209      -3.78187607       7.13985165
308          0.77530270      -3.79252366       7.16467939
309          0.80069950      -3.80026627       7.19159871
310          0.81658327      -3.79823389       7.21444080
311          0.82834144      -3.78453838       7.22066573
312          0.83974738      -3.75762166       7.22537890
313          0.83664988      -3.70316744       7.23396114
314          0.82532414      -3.63637544       7.24761356
315          0.81755052      -3.58152962       7.27266577
316          0.81976746      -3.56972982       7.32259714
317          0.80991006      -3.57904023       7.38498861
318          0.78155530      -3.59052061       7.43574153
319          0.75258870      -3.59560157       7.47609296
320          0.74313222      -3.58987415       7.51098412
321          0.72848001      -3.56147626       7.54233873
322          0.68021517      -3.51509665       7.56692723
323          0.62027355      -3.47124746       7.58706916
324          0.60026898      -3.45318146       7.61585490
325          0.63590448      -3.45821926       7.66245168
326          0.67941634      -3.46683259       7.71663210
327          0.68639768      -3.48042913       7.75144169
328          0.65384489      -3.48514428       7.76760516
329          0.61292355      -3.48996897       7.77681323
330          0.56758023      -3.49646589       7.78201778
331          0.53879337      -3.51312494       7.76912291
332          0.54441115      -3.55413493       7.74595114
333          0.59228586      -3.61437345       7.73318469
334          0.63563058      -3.66072731       7.73229108
335          0.62838208      -3.67087913       7.74024945
336          0.58429764      -3.65219572       7.76003524
337          0.54433731      -3.63927403       7.78382063
338          0.52923280      -3.61125460       7.78585704
339          0.51216190      -3.56421288       7.74975674
340          0.49667271      -3.52058804       7.69840892
341          0.52087209      -3.48809820       7.65783706
342          0.60494207      -3.47363024       7.63749663
343          0.67787511      -3.46491267       7.62184681
344          0.67079068      -3.46074150       7.61935100
345          0.60035579      -3.47211940       7.62707468
346          0.55614597      -3.49616668       7.63656951
347          0.57434949      -3.52093938       7.63065320
348          0.63647395      -3.55356602       7.60005593
349          0.69289183      -3.58750183       7.54173101
350          0.71341545      -3.61097418       7.47448900
351          0.72100054      -3.62543014       7.41548073
352          0.74402570      -3.64501725       7.36432284
353          0.77940454      -3.65984249       7.32511614
354          0.78354143      -3.66542410       7.30569109
355          0.72842092      -3.67171880       7.30420260
356          0.65666826      -3.69001352       7.31620756
357          0.61771020      -3.75273825       7.34538364
358          0.62363368      -3.85451657       7.36378190
359          0.68434948      -3.94664806       7.35622186
360          0.74906228      -4.00764092       7.28314986
361          0.78750967      -4.02863786       7.15790265
362          0.77405357      -4.01081572       7.05247107
363          0.72787870      -3.99767231       7.01046853
364          0.68872590      -4.00432460       7.00934786
365          0.67577904      -4.01306078       7.01332731
366          0.69157545      -4.02756863       7.01196522
367          0.72430861      -4.05881213       7.02370108
368          0.75864129      -4.10228974       7.04556709
369          0.77744057      -4.12634133       7.07126231
370          0.78072001      -4.11255759       7.08666911
371          0.78359405      -4.05271169       7.07712212
372          0.79494832      -3.95608957       7.05050686
373          0.79080451      -3.84593744       7.01751575
374          0.78357131      -3.74361695       6.98960047
375          0.80389056      -3.66112568       6.97785997
376          0.85186664      -3.61948184       6.98852097
377          0.88559759      -3.62559439       7.01754261
378          0.89076217      -3.66649341       7.04418711
379          0.88626624      -3.70766307       7.07011952
380          0.89563378      -3.69051672       7.12088305
381          0.91408826      -3.60308869       7.18849441
382          0.92002102      -3.48983442       7.25244893
383          0.90988849      -3.41418735       7.31685712
384          0.86704003      -3.40690321       7.36252337
385          0.79823244      -3.46719880       7.37555375
386          0.74327032      -3.56010122       7.37248081
387          0.73003019      -3.65471142       7.38396202
388          0.75306627      -3.73773822       7.42749629
389          0.78868072      -3.78633260       7.48166756
390          0.80340519      -3.78669593       7.51045112
391          0.77277504      -3.74358340       7.49370727
392          0.69878520      -3.68403302       7.45779186
393          0.60633924      -3.64191281       7.44867312
394          0.54109470      -3.65636511       7.47046174
395          0.51833135      -3.70876099       7.50490770
396          0.53260949      -3.76931160       7.54610728
397          0.56764329      -3.84301180       7.58599200
398          0.61373819      -3.92067551       7.63315871
399          0.64735916      -3.98038908       7.67269689
400          0.67512854      -4.00146003       7.69202737
401          0.70587974      -3.98864105       7.67915237
402          0.72874838      -3.97822186       7.64113087
403          0.71136290      -3.99340683       7.62473615
404          0.64483808      -4.02967995       7.62949346
405          0.54573804      -4.06899496       7.62965492
406          0.45625154      -4.09244661       7.60792569
407          0.41873545      -4.11417396       7.56883212
408          0.42454391      -4.12669552       7.52145674
409          0.45614148      -4.12993912       7.49516470
410          0.48116749      -4.13992305       7.48522294
411          0.49046619      -4.16312352       7.48004180
412          0.47159841      -4.17701154       7.46540559
413          0.41617062      -4.17774173       7.43248468
414          0.37001534      -4.16784141       7.39398777
415          0.37860686      -4.16190472       7.36865399
416          0.42990438      -4.17666534       7.36739355
417          0.48588666      -4.22141545       7.36447704
418          0.53537260      -4.30423235       7.37790307
419          0.57098471      -4.39720696       7.39924400
420          0.59138646      -4.47187115       7.42093122
421          0.59524573      -4.51524515       7.41957810
422          0.59068250      -4.55058292       7.40359301
423          0.58634467      -4.57875012       7.37819195
424          0.57587695      -4.59876295       7.33956472
425          0.53666459      -4.61947564       7.30271810
426          0.45140158      -4.65116680       7.26664108
427          0.34380833      -4.67286004       7.23331397
428          0.26156517      -4.65136602       7.18621937
429          0.22560996      -4.60716355       7.14037820
430          0.23404418      -4.57316050       7.11141714
431          0.25820393      -4.54514865       7.12913217
432          0.26064458      -4.50439296       7.17236366
433          0.24605772      -4.48306713       7.19570881
434          0.21700764      -4.50809873       7.17912640
435          0.17688641      -4.57336664       7.14033918
436          0.13649135      -4.65359125       7.09465889
437          0.12579723      -4.72737924       7.07020013
438          0.18277081      -4.73931484       7.05874432
439          0.26442738      -4.69820880       7.07136167
440          0.30585289      -4.65239030       7.10659869
441          0.30171635      -4.60879084       7.13745428
442          0.28671229      -4.56658786       7.16714753
443          0.26178912      -4.52699710       7.18779084
444          0.23018932      -4.49659526       7.19747270
445          0.19786035      -4.48045966       7.19924846
446          0.16431478      -4.49737500       7.19556005
447          0.12753258      -4.55976082       7.18401852
448          0.12177294      -4.64140857       7.19091187
449          0.15414131      -4.69124001       7.23601381
450          0.19915334      -4.68068653       7.30321704
451          0.23056516      -4.63566157       7.37231346
452          0.23454591      -4.60698273       7.41980846
453          0.20259575      -4.60200058       7.42632996
454          0.13609817      -4.61658602       7.40659511
455          0.06370397      -4.64895166       7.40588453
456         -0.00124738      -4.67075941       7.43089422
457         -0.06487106      -4.64132765       7.42342994
458         -0.11499599      -4.60059809       7.39468674
459         -0.14700965      -4.59921308       7.37565695
460         -0.14713839      -4.64850805       7.35967294
461         -0.10422913      -4.71517285       7.35320884
462         -0.02847337      -4.75781335       7.34995805
463          0.04197543      -4.77038495       7.34318058
464          0.08068007      -4.77228039       7.31344843
465          0.07515944      -4.77831346       7.26179353
466          0.05750595      -4.77116320       7.21822257
467          0.07132555      -4.70466432       7.19342996
468          0.13814582      -4.57669100       7.19233090
469          0.23010514      -4.43692091       7.21167826
470          0.29937230      -4.33438011       7.23516264
471          0.32128535      -4.27155487       7.24582149
472          0.30991905      -4.26241803       7.25611534
473          0.30827090      -4.30625548       7.27886428
474          0.34921220      -4.37037371       7.30931294
475          0.42057799      -4.42213623       7.34724794
476          0.47002131      -4.43145776       7.39447069
477          0.49636302      -4.39429735       7.43103185
478          0.53890897      -4.32927557       7.43803453
479          0.60159570      -4.26483288       7.41267591
480          0.63511738      -4.20234756       7.34789920
481          0.62449428      -4.14254433       7.25148981
482          0.58663040      -4.09153159       7.14551339
483          0.54275659      -4.06999449       7.05122500
484          0.49781335      -4.07640513       6.99518433
485          0.45494635      -4.10898209       6.99652257
486          0.43967136      -4.16469949       7.04952807
487          0.47501552      -4.24650686       7.12327596
488          0.55900006      -4.33821090       7.18212452
489          0.64233204      -4.42268398       7.22383442
490          0.67863198      -4.49063128       7.27100029
491          0.64898450      -4.52360887       7.32147330
492          0.58877463      -4.51302124       7.34456672
493          0.52196744      -4.45997805       7.32738631
494          0.46696142      -4.40200886       7.30081218
495          0.42572411      -4.36081385       7.28186282
496          0.39154656      -4.32501245       7.28218517
497          0.37362403      -4.28015473       7.29356874
498          0.38696907      -4.24419772       7.31987285
499          0.42139489      -4.23977136       7.36371182
500          0.43787063      -4.26353472       7.41418212
501          0.40243793      -4.28056792       7.44954327
502          0.32292945      -4.26570137       7.47187169
503          0.24365451      -4.23114249       7.47649911
504          0.20936984      -4.21556016       7.46946767
505          0.23315326      -4.22907121       7.45199778
506          0.30441511      -4.25041502       7.42193571
507          0.37525949      -4.25790078       7.39062047
508          0.38332752      -4.24757354       7.37943327
509          0.34677839      -4.24650492       7.39538888
510          0.28881983      -4.26867614       7.40290465
511          0.24699461      -4.32530098       7.39848188
512          0.24060726      -4.39419573       7.39004981
513          0.26028569      -4.46631059       7.39081645
514          0.27123367      -4.51339394       7.38831577
515          0.26403505      -4.52337215       7.38754479
516          0.24321254      -4.51863138       7.38420517
517          0.21282570      -4.50732744       7.36169215
518          0.16687012      -4.48447701       7.31585504
519          0.10901526      -4.46903742       7.24958445
520          0.07103926      -4.49209571       7.19391519
521          0.09488910      -4.54545098       7.16278505
522          0.19453052      -4.59655058       7.15695838
523          0.30925683      -4.63951645       7.15397860
524          0.39096071      -4.64966704       7.15224387
525          0.41723353      -4.60194505       7.14053111
526          0.41857023      -4.54241937       7.11324892
527          0.41323409      -4.52040912       7.05663918
528          0.42325448      -4.54554786       6.97719810
529          0.45573345      -4.57828986       6.89360089
530          0.51003840      -4.56699403       6.82843396
531          0.57064174      -4.52405137       6.80629583
532          0.60662465      -4.47516729       6.81307197
533          0.60722360      -4.43262719       6.81438218
534          0.58737226      -4.40091513       6.78759472
535          0.57024078      -4.39674275       6.74809682
536          0.53573845      -4.41353696       6.73144329
537          0.48154238      -4.41469603       6.75427853
538          0.43480433      -4.39622812       6.82262135
539          0.42717560      -4.40482821       6.92690320
540          0.45804696      -4.45191508       7.02846102
541          0.48640639      -4.51644795       7.09903164
542          0.46284881      -4.57702039       7.13964239
543          0.37209962      -4.59949189       7.15260656
544          0.25750771      -4.59922897       7.15438670
545          0.17849390      -4.59199449       7.16189809
546          0.18004242      -4.59448031       7.19482620
547          0.24533888      -4.57570713       7.26220106
548          0.31418143      -4.52100544       7.33057513
549          0.33381139      -4.45245544       7.36908406
550          0.30460307      -4.41275458       7.36928758
551          0.26111486      -4.40892610       7.34926799
552          0.22713746      -4.42892439       7.33518456
553          0.20800183      -4.44865896       7.34538478
554          0.18744970      -4.45087083       7.37038370
555          0.16784663      -4.44977864       7.39098246
556          0.17828154      -4.45905034       7.41964592
557          0.21941484      -4.45498735       7.45455724
558          0.25573206      -4.41579133       7.48914826
559          0.26914357      -4.35120089       7.50622149
560          0.26766319      -4.28108720       7.48926399
561          0.26093257      -4.23707056       7.45341707
562          0.26414697      -4.22463812       7.41986791
563          0.26495507      -4.23795975       7.39624498
564          0.26915163      -4.26649209       7.38145547
565          0.29745152      -4.30685291       7.38757300
566          0.35551443      -4.35616672       7.40681378
567          0.41801957      -4.39930825       7.42137439
568          0.45702747      -4.41770188       7.41335421
569          0.48465532      -4.40191241       7.38554926
570          0.51443426      -4.36333650       7.35285107
571          0.55279456      -4.31292237       7.30551831
572          0.56861311      -4.27348073       7.23732132
573          0.54735241      -4.23496232       7.15721932
574          0.51535887      -4.18922973       7.09867579
575          0.52686626      -4.14672164       7.07315355
576          0.59003529      -4.12089359       7.06145637
577          0.64828732      -4.11119094       7.06425696
578          0.66466204      -4.11552627       7.08686091
579          0.65935209      -4.12833829       7.12900614
580          0.64873793      -4.15256749       7.17964637
581          0.62458314      -4.18939740       7.21851122
582          0.58216485      -4.24099521       7.25102725
583          0.52829289      -4.29447074       7.29008934
584          0.48968838      -4.33348771       7.32917942
585          0.47388460      -4.35988009       7.35539269
586          0.48520432      -4.38250172       7.36335380
587          0.51085837      -4.38642185       7.34929157
588          0.51500441      -4.35794119       7.31949943
589          0.48596189      -4.28608775       7.26819382
590          0.44727979      -4.20063018       7.20488492
591          0.44433624      -4.13055422       7.15247055
592          0.48401831      -4.10642857       7.12239711
593          0.54392126      -4.13678708       7.10959490
594          0.59557480      -4.21174940       7.09676143
595          0.62702283      -4.30902662       7.08487656
596          0.63339547      -4.37737792       7.07474767
597          0.61816717      -4.39476842       7.05272485
598          0.58182331      -4.36566733       7.02334718
599          0.54733702      -4.34527430       7.00491361
600          0.52850608      -4.36391490       7.00334114
601          0.52643226      -4.42121098       7.00841151
602          0.55627560      -4.46065812       7.00346312
603          0.62559231      -4.44257064       6.98761601
604          0.71734700      -4.36991685       6.98503311
605          0.76520127      -4.26597484       7.00149803
606          0.74170426      -4.15958915       7.01828330
607          0.68836707      -4.07393432       7.03236381
608          0.65668087      -4.04349655       7.04771300
609          0.64827943      -4.04713457       7.07572996
610          0.66747973      -4.05800703       7.11556132
611          0.73737971      -4.06430591       7.16815149
612          0.84663772      -4.07678913       7.23063895
613          0.93199293      -4.06761946       7.29378924
614          0.93793522      -4.00994225       7.34556746
615          0.88876249      -3.90705041       7.38792000
616          0.82075021      -3.79988766       7.41900595
617          0.76803759      -3.72065353       7.43868543
618          0.72751032      -3.68027629       7.44300826
619          0.69825949      -3.69733066       7.42974478
620          0.68306780      -3.75402364       7.41701820
621          0.68087892      -3.78877847       7.42131673
622          0.68265941      -3.74926705       7.45277418
623          0.68801598      -3.67224956       7.50142121
624          0.69729999      -3.58482151       7.54031065
625          0.71482804      -3.52061263       7.55159961
626          0.74534937      -3.51289555       7.53132778
627          0.76410101      -3.55751785       7.48575500
628          0.75774176      -3.59651892       7.42455947
629          0.72505405      -3.59195640       7.36929919
630          0.69646713      -3.55516197       7.34401796
631          0.68205456      -3.50550428       7.33260722
632          0.67320367      -3.46040862       7.33818418
633          0.65740265      -3.43487844       7.37617688
634          0.67251443      -3.44314760       7.42685046
635          0.73392241      -3.48322505       7.46368209
636          0.80720413      -3.52256655       7.46876741
637          0.85789395      -3.51157188       7.43201565
638          0.89436668      -3.46091391       7.36538074
639          0.94365908      -3.41563360       7.28171955
640          0.98987949      -3.39702945       7.18746584
641          1.00682295      -3.37961052       7.10508168
642          0.96143173      -3.35141053       7.05077466
643          0.89026160      -3.32998147       7.03366164
644          0.84777241      -3.33053118       7.03862415
645          0.84659293      -3.34161398       7.07307322
646          0.86792146      -3.34717143       7.15091552
647          0.89800137      -3.36141147       7.25024615
648          0.94379378      -3.40154527       7.33662665
649          0.98768109      -3.45500257       7.39245108
650          0.99780737      -3.48680037       7.43272804
651          0.96381761      -3.48229072       7.46733737
652          0.91265227      -3.44861302       7.49432449
653          0.87244477      -3.42501206       7.49029260
654          0.85785984      -3.40945567       7.46444584
655          0.85361025      -3.40435714       7.44752263
656          0.86902690      -3.44809990       7.43009470
657          0.89302125      -3.53217183       7.41766651
658          0.91800450      -3.59753234       7.42144442
659          0.96006263      -3.61332154       7.41124869
660          1.00524662      -3.57609052       7.39503092
661          1.00695107      -3.53623688       7.38097070
662          0.95131805      -3.50960088       7.34789072
663          0.89661391      -3.54109623       7.28138376
664          0.87019893      -3.60637999       7.21981237
665          0.87277550      -3.62730972       7.18280739
666          0.90539227      -3.59227144       7.17381177
667          0.93600205      -3.53904270       7.18834225
668          0.92045302      -3.50856520       7.20483174
669          0.85788563      -3.49845014       7.21158769
670          0.79928909      -3.50616992       7.21095028
671          0.78789862      -3.51481662       7.22493123
672          0.82476057      -3.52319170       7.26984387
673          0.87437245      -3.54438821       7.34604484
674          0.90637074      -3.59348128       7.41639705
675          0.90669715      -3.66247845       7.43471218
676          0.87721387      -3.73463466       7.41120290
677          0.82247411      -3.79178339       7.38399997
678          0.75262785      -3.82802525       7.39920744
679          0.68885323      -3.85147039       7.46094988
680          0.64282255      -3.87727847       7.52563624
681          0.60964323      -3.90146169       7.55486292
682          0.56941906      -3.91388576       7.55173617
683          0.51675971      -3.90403712       7.54513326
684          0.46073790      -3.87240435       7.53726701
685          0.42068034      -3.86603925       7.53653767
686          0.40417761      -3.90458341       7.53583932
687          0.39285039      -3.98168763       7.51918486
688          0.39861653      -4.06775307       7.48525644
689          0.43425217      -4.14967536       7.44792345
690          0.49448979      -4.21830380       7.42615132
691          0.53097567      -4.25668048       7.41475863
692          0.51088298      -4.23110099       7.40529480
693          0.46360535      -4.15200139       7.41386827
694          0.42209344      -4.04973071       7.44891301
695          0.39950479      -3.97962202       7.48693566
696          0.39211272      -3.99094736       7.51423270
697          0.40941134      -4.08095422       7.51599276
698          0.46822637      -4.20662533       7.50682298
699          0.54389589      -4.32046357       7.48099290
700          0.57298369      -4.40487843       7.44218700
701          0.53658134      -4.43269046       7.38377384
702          0.45400739      -4.40220369       7.34232020
703          0.37301791      -4.31935581       7.34560512
704          0.32760050      -4.22196798       7.38388363
705          0.32672929      -4.15511601       7.42453976
706          0.36607544      -4.14759869       7.43417282
707          0.43093288      -4.18633270       7.41524927
708          0.49408133      -4.24038725       7.38512566
709          0.53634330      -4.30014729       7.36045001
710          0.55839618      -4.34565692       7.34126294
711          0.56152537      -4.36419001       7.32824862
712          0.55186596      -4.35385888       7.31944439
713          0.52108992      -4.30807507       7.31411753
714          0.48307961      -4.24064222       7.30897974
715          0.44221310      -4.18899713       7.29155785
716          0.42318677      -4.16031854       7.25379110
717          0.43827985      -4.16574543       7.19129053
718          0.48501492      -4.18646977       7.12133829
719          0.55103521      -4.19310434       7.08804308
720          0.62222490      -4.18406242       7.09683360
721          0.69467629      -4.15848213       7.12765298
722          0.74834088      -4.11307021       7.15429676
723          0.77311924      -4.05935811       7.16100154
724          0.75663958      -4.00785059       7.17251973
725          0.74192043      -3.94887659       7.20511738
726          0.73837555      -3.89869850       7.24211608
727          0.74780101      -3.87655513       7.23802757
728          0.75528944      -3.88255274       7.19052442
729          0.74209495      -3.91530930       7.12644207
730          0.71922155      -3.95613867       7.06935762
731          0.70255344      -3.99064563       7.05201133
732          0.71610230      -4.02467942       7.08328241
733          0.74223182      -4.04511053       7.13753293
734          0.76986259      -4.04280791       7.19046587
735          0.77622683      -4.02779506       7.23240983
736          0.77426009      -4.02485337       7.26576211
737          0.76177989      -4.03745470       7.28748801
738          0.73155178      -4.04400979       7.28799692
739          0.69053024      -4.03941404       7.27677995
740          0.66254233      -4.02275763       7.28244142
741          0.64984372      -3.98778387       7.31591882
742          0.62855007      -3.93195768       7.35537741
743          0.59848845      -3.88752477       7.38154506
744          0.56200569      -3.87359541       7.40884530
745          0.52142348      -3.88786161       7.43020657
746          0.46698830      -3.89732792       7.43734095
747          0.42541349      -3.89903391       7.45418398
748          0.42315667      -3.90174987       7.50156816
749          0.44486396      -3.90638430       7.55454676
750          0.46485539      -3.90215256       7.58500954
751          0.49438705      -3.90776234       7.59149276
752          0.54468652      -3.91973272       7.60425241
753          0.59598011      -3.92083623       7.62076375
754          0.61368165      -3.89524975       7.63238050
755          0.60079909      -3.85418243       7.65029484
756          0.57574003      -3.82939357       7.68015282
757          0.54535214      -3.83240434       7.70578018
758          0.50522470      -3.84935917       7.70703096
759          0.47191448      -3.87679794       7.69258531
760          0.45335834      -3.91306263       7.66223647
761          0.43750993      -3.93929187       7.60848701
762          0.42085189      -3.93216700       7.52559779
763          0.41506831      -3.89863982       7.45758111
764          0.42676068      -3.86267567       7.43858657
765          0.44961862      -3.84950103       7.46201125
766          0.47362578      -3.87255016       7.51206265
767          0.49171698      -3.90755346       7.56586885
768          0.50813776      -3.93308072       7.61538958
769          0.52428740      -3.95763519       7.65712032
770          0.53835527      -3.99858702       7.69314502
771          0.53778709      -4.04458573       7.73465296
772          0.51580018      -4.06581515       7.78902736
773          0.50546262      -4.07061071       7.86898062
774          0.53837787      -4.06160729       7.94420919
775          0.60152535      -4.03398182       7.97974642
776          0.65492207      -3.98038402       7.97641064
777          0.67553064      -3.92564763       7.91711561
778          0.65144931      -3.84964673       7.80767286
779          0.58564037      -3.73088520       7.69545702
780          0.52118264      -3.60283715       7.62568788
781          0.47388337      -3.52419100       7.58406331
782          0.45753581      -3.50885884       7.54322586
783          0.47473936      -3.55851822       7.51852008
784          0.52488429      -3.63712052       7.53055888
785          0.55961345      -3.71867471       7.55953463
786          0.53803659      -3.79593789       7.58252751
787          0.47692942      -3.86562620       7.61249308
788          0.41125189      -3.91446750       7.65920354
789          0.36001251      -3.92894098       7.71081023
790          0.31535213      -3.93308435       7.76237071
791          0.30030540      -3.96501771       7.80825423
792          0.32691575      -4.02135256       7.83730172
793          0.39063697      -4.07435443       7.83518993
794          0.42155695      -4.10289767       7.81733066
795          0.39883324      -4.12965048       7.80226246
796          0.34129801      -4.13005532       7.78060455
797          0.26749209      -4.08247643       7.76158369
798          0.20340805      -4.00886546       7.74737527
799          0.15901211      -3.93232155       7.73953143
800          0.14937004      -3.88499140       7.75417315
801          0.20283101      -3.88048900       7.78067863
802          0.28699431      -3.90927579       7.82101235
803          0.36461625      -3.94819869       7.83584354
804          0.43402123      -3.97934914       7.80805494
805          0.46225970      -3.98849107       7.77705128
806          0.43722783      -3.95661127       7.79112382
807          0.37058907      -3.86635997       7.82637340
808          0.28863637      -3.77098375       7.85519607
809          0.23330197      -3.71066611       7.85170777
810          0.24131306      -3.69549125       7.82931965
811          0.30457571      -3.72539611       7.82869678
812          0.37078560      -3.76534785       7.85097622
813          0.37850142      -3.80958121       7.84439572
814          0.33363088      -3.86387190       7.80165659
815          0.28400092      -3.93273796       7.78091328
816          0.26446964      -3.97169650       7.80957416
817          0.26132636      -3.99809628       7.87804243
818          0.25155494      -4.03198286       7.93614329
819          0.22618567      -4.06595103       7.95924694
820          0.17909084      -4.07933744       7.96919256
821          0.15401856      -4.07143918       7.96075999
822          0.17560252      -4.08161176       7.91093011
823          0.22509817      -4.11786465       7.83033592
824          0.25223390      -4.15883967       7.75334071
825          0.23862291      -4.15395760       7.68150000
826          0.20293424      -4.10767300       7.61649298
827          0.19094011      -4.06793447       7.58105332
828          0.22768183      -4.08623015       7.56025624
829          0.29916413      -4.16544873       7.52567624
830          0.35524495      -4.26476048       7.47773956
831          0.36255678      -4.32293294       7.42458665
832          0.33772161      -4.33597142       7.39274584
833          0.32946457      -4.32716428       7.37620290
834          0.35976307      -4.32078953       7.37066369
835          0.39955247      -4.33310929       7.36499271
836          0.40486275      -4.34464695       7.32665112
837          0.37293796      -4.34371202       7.27072618
838          0.36377595      -4.36152453       7.23560406
839          0.40708688      -4.40303030       7.22054924
840          0.47424187      -4.43484812       7.21360610
841          0.51401054      -4.44861405       7.20744620
842          0.50766997      -4.42863446       7.18504513
843          0.48803246      -4.39776386       7.15836768
844          0.47642180      -4.36364532       7.15182987
845          0.47220653      -4.34139728       7.17361810
846          0.47804722      -4.30109076       7.20063277
847          0.50525676      -4.23414825       7.20639449
848          0.54112173      -4.17175036       7.18097009
849          0.56842407      -4.14293314       7.15631685
850          0.58638205      -4.12678143       7.14185252
851          0.60428470      -4.08082710       7.13885233
852          0.63801804      -4.02596676       7.14781706
853          0.66178066      -3.99734295       7.16368167
854          0.63948929      -3.99335967       7.16419288
855          0.58818978      -4.00124117       7.16252917
856          0.56063334      -4.01933068       7.18408351
857          0.55945409      -4.03568427       7.24225171
858          0.55234811      -4.05391983       7.31014492
859          0.54020220      -4.08836230       7.36275336
860          0.54200794      -4.15573582       7.39835452
861          0.54943192      -4.23331746       7.41321881
862          0.54702979      -4.28936289       7.42028209
863          0.53491475      -4.31731391       7.40230802
864          0.51491546      -4.32400872       7.36530122
865          0.48430209      -4.32114043       7.32793533
866          0.43945558      -4.31809832       7.29296235
867          0.41125904      -4.30570152       7.27576786
868          0.40008406      -4.27926121       7.27965476
869          0.40094280      -4.25637731       7.31180914
870          0.37936385      -4.24871877       7.35571993
871          0.33609153      -4.27863293       7.39588983
872          0.29324166      -4.34239514       7.40292490
873          0.27615050      -4.39814162       7.38040234
874          0.29451302      -4.41489506       7.34838670
875          0.34513032      -4.39902624       7.32223039
876          0.41503998      -4.36258751       7.29855115
877          0.46930329      -4.32108950       7.26289887
878          0.49037407      -4.26896870       7.21856036
879          0.48712432      -4.19315488       7.17159345
880          0.50875944      -4.11739294       7.13010694
881          0.57328368      -4.07885442       7.08450892
882          0.65544197      -4.08746085       7.03065331
883          0.71744411      -4.11219998       6.97190551
884          0.75988445      -4.13178335       6.92312494
885          0.80459415      -4.12703832       6.90289839
886          0.84831093      -4.09067314       6.90689893
887          0.86242060      -4.03134408       6.91651569
888          0.84820325      -3.98729407       6.91061480
889          0.83231478      -3.97834263       6.89116749
890          0.83128666      -4.01067927       6.84737963
891          0.84473605      -4.05492649       6.81013726
892          0.85900783      -4.09314879       6.79146655
893          0.87190886      -4.12965442       6.78662298
894          0.87333989      -4.16023079       6.80639641
895          0.86169194      -4.17305390       6.85168284
896          0.83763995      -4.16805292       6.90990046
897          0.80612198      -4.17688808       6.95090253
898          0.75935696      -4.20611879       6.96935091
899          0.69714375      -4.23585874       6.97891589
900          0.64154358      -4.25924939       6.98347872
901          0.59377957      -4.27688116       6.99163167
902          0.54885097      -4.27380084       7.00387532
903          0.51384807      -4.24777011       7.00703060
904          0.49842134      -4.20993344       6.99997991
905          0.49323301      -4.18245641       6.99566702
906          0.48962511      -4.18792014       6.99890194
907          0.49875964      -4.22344421       7.01575472
908          0.53218401      -4.26441759       7.03598069
909          0.57007253      -4.29415114       7.04956617
910          0.58940697      -4.30136378       7.06122001
911          0.59329271      -4.28943262       7.08747988
912          0.59075481      -4.28374505       7.12057415
913          0.58597252      -4.27491242       7.16411690
914          0.55733352      -4.25770461       7.20812062
915          0.52275142      -4.23110582       7.24279090
916          0.50384363      -4.21189828       7.24704280
917          0.53019597      -4.21377908       7.21998414
918          0.56979540      -4.21856833       7.16860339
919          0.57760880      -4.20528665       7.10827510
920          0.54111275      -4.17353931       7.06605629
921          0.50753136      -4.13761615       7.06226728
922          0.52181941      -4.09863633       7.08170354
923          0.57214698      -4.05370779       7.10361101
924          0.63560425      -4.00147539       7.12401860
925          0.67485448      -3.94645308       7.14243614
926          0.68565307      -3.89591243       7.16543010
927          0.67217467      -3.86214549       7.18205484
928          0.66836985      -3.85142349       7.18631080
929          0.67498741      -3.87145220       7.18163146
930          0.68005843      -3.91299296       7.18333120
931          0.67615207      -3.93782431       7.19629842
932          0.67850807      -3.93565893       7.22556551
933          0.68541346      -3.93225670       7.25592534
934          0.68115211      -3.94159474       7.25969033
935          0.65778208      -3.95773657       7.24296465
936          0.62630799      -3.95865147       7.21483747
937          0.61380393      -3.92837303       7.18989418
938          0.62915670      -3.88372806       7.17590910
939          0.65464132      -3.84896122       7.17088481
940          0.66115244      -3.84836693       7.17421932
941          0.66048320      -3.88884120       7.18574269
942          0.66995464      -3.92657822       7.20230306
943          0.70429211      -3.91170707       7.21878138
944          0.76152086      -3.85786948       7.23033707
945          0.81947352      -3.79831566       7.23043007
946          0.84063241      -3.75973075       7.20917537
947          0.83015876      -3.74830459       7.17540325
948          0.82523516      -3.73779122       7.15364666
949          0.82381829      -3.69452396       7.14394044
950          0.81888291      -3.61707891       7.12667104
951          0.82146595      -3.55879799       7.09257845
952          0.84253807      -3.55788774       7.04938654
953          0.86947610      -3.59490312       6.99651054
954          0.90448073      -3.62838385       6.92942202
955          0.94558691      -3.63500816       6.86293561
956          0.99805332      -3.62450096       6.82813786
957          1.04522203      -3.61513141       6.82333534
958          1.03513593      -3.62446486       6.82318066
959          0.96365456      -3.66246162       6.83256162
960          0.87904516      -3.69497649       6.88707743
961          0.81688204      -3.69581061       6.95835234
962          0.77955458      -3.68484187       7.01399644
963          0.77828218      -3.69868871       7.03307099
964          0.79307577      -3.73904122       7.02353939
965          0.81115641      -3.77791332       6.99567288
966          0.83493751      -3.79706535       6.96931931
967          0.88115073      -3.80421372       6.95580079
968          0.93067889      -3.78591070       6.94638978
969          0.93871258      -3.72216474       6.95080044
970          0.90097741      -3.63125817       6.98392943
971          0.83157151      -3.57507572       7.04559713
972          0.75325218      -3.60115041       7.10264730
973          0.69640261      -3.70672423       7.13548821
974          0.68625071      -3.84110379       7.15083641
975          0.71279076      -3.94020905       7.17746407
976          0.75792057      -3.97665742       7.21474952
977          0.81220439      -3.96744640       7.25840142
978          0.85734426      -3.96942227       7.27813322
979          0.87482357      -3.95446693       7.28314217
980          0.83347575      -3.92076937       7.28047731
981          0.76422369      -3.87555498       7.29453473
982          0.69457612      -3.84402456       7.31977560
983          0.65042292      -3.81982297       7.34049216
984          0.64413112      -3.80646008       7.37709441
985          0.64964668      -3.78577785       7.43563869
986          0.63368854      -3.74902558       7.49706328
987          0.60074425      -3.72851998       7.52868102
988          0.61754711      -3.73566590       7.52471100
989          0.69239063      -3.74333786       7.50903390
990          0.80098028      -3.73835929       7.49746701
991          0.89521291      -3.70843273       7.49241966
992          0.90857964      -3.65529284       7.46801313
993          0.84785036      -3.59052131       7.42497320
994          0.77147421      -3.54536922       7.38429841
995          0.70932231      -3.53375627       7.36336727
996          0.67553510      -3.54994882       7.36530123
997          0.68336010      -3.59031684       7.38094577
998          0.72296063      -3.63512733       7.38641924
999          0.78560628      -3.65619335       7.37546207
1000         0.85872068      -3.66071383       7.36556910
