1            0.00000000       0.00000000       0.00000000       0.00000000
2            0.00033059       0.00028033       0.00000256       0.00004770
3            0.00088885       0.00000026       0.00066664       0.00022195
4            0.00526062       0.00236811       0.00199226       0.00090025
5            0.00978910       0.00775271       0.00042310       0.00161329
6            0.01918418       0.01120822       0.00047533       0.00750063
7            0.03524900       0.01259239       0.00331770       0.01933891
8            0.05553339       0.02323875       0.00887012       0.02342452
9            0.06873588       0.03669326       0.00927618       0.02276645
10           0.06156806       0.02885909       0.01204426       0.02066471
11           0.05651345       0.01340997       0.01754739       0.02555608
12           0.07014049       0.00622775       0.02558043       0.03833231
13           0.11027580       0.00696240       0.03459536       0.06871805
14           0.16918649       0.01877149       0.03594894       0.11446606
15           0.23858234       0.03332448       0.03384461       0.17141325
16           0.29667480       0.05208594       0.02053686       0.22405201
17           0.34949156       0.06693732       0.01067679       0.27187745
18           0.37758790       0.08300874       0.00417433       0.29040482
19           0.36714349       0.09607624       0.00078580       0.27028145
20           0.31949202       0.11219891       0.00000174       0.20729138
21           0.25445596       0.11801815       0.00064790       0.13578991
22           0.19499939       0.11477664       0.00406324       0.07615951
23           0.16108308       0.11893227       0.00856692       0.03358389
24           0.15224340       0.12504446       0.01031994       0.01687899
25           0.16847555       0.14902380       0.00766373       0.01178802
26           0.17991469       0.16148472       0.00419390       0.01423608
27           0.21055356       0.19132991       0.00027185       0.01895181
28           0.23673258       0.20469503       0.00131902       0.03071852
29           7.94576639       5.09242030       2.20283005       0.65051605
30           8.16060337       5.14250601       2.34641384       0.67168351
31           8.31535779       5.19460417       2.44929871       0.67145491
32           8.48997616       5.26138935       2.56783597       0.66075084
33           8.59130198       5.26824867       2.69378100       0.62927231
34           8.65544039       5.20146874       2.83785499       0.61611666
35           8.92610487       5.26391027       3.00967326       0.65252134
36           9.15167738       5.41429082       3.09364760       0.64373896
37           9.20050100       5.48182692       3.13527558       0.58339851
38           9.36424440       5.50838182       3.28170626       0.57415631
39           9.72319298       5.59578261       3.47547638       0.65193398
40          10.07185262       5.69085028       3.62504377       0.75595857
41          10.01733697       5.55977989       3.63938869       0.81816839
42           9.71267678       5.36264100       3.51433422       0.83570156
43           9.58828685       5.36090207       3.35344528       0.87393949
44           9.61140702       5.46115101       3.21848024       0.93177577
45           9.54649060       5.40267609       3.14173891       1.00207560
46           9.33603281       5.22426404       3.09009020       1.02167857
47           9.28826578       5.14110530       3.14153441       1.00562607
48           9.52380783       5.23038551       3.29138978       1.00203253
49           9.85226546       5.38133401       3.46218283       1.00874861
50           9.98487012       5.42999282       3.52894330       1.02593400
51           9.89427076       5.40263588       3.48136820       1.01026668
52           9.81015941       5.40509696       3.41678030       0.98828215
53           9.65137781       5.35709597       3.35561152       0.93867032
54           9.27559905       5.13342907       3.29490951       0.84726047
55           8.85062873       4.87542187       3.24675135       0.72845551
56           8.77983268       4.79658339       3.32049196       0.66275733
57           9.10473284       4.94446651       3.55725846       0.60300786
58           9.56798555       5.17132510       3.87699061       0.51966983
59           9.86898288       5.38339551       4.05474754       0.43083982
60           9.97851445       5.51116289       4.09483113       0.37252042
61           9.98184635       5.58924277       4.06280030       0.32980328
62          10.00592839       5.66973250       4.05509208       0.28110381
63          10.25984634       5.88116031       4.13991937       0.23876667
64          10.86239187       6.30009844       4.36693578       0.19535764
65          11.60823024       6.80112535       4.66391855       0.14318634
66          12.32963920       7.29938682       4.93790889       0.09234350
67          12.96823446       7.75226512       5.14275370       0.07321564
68          13.44676222       7.95099897       5.41388688       0.08187637
69          13.72487013       7.87690600       5.74363236       0.10433176
70          13.76099934       7.60847111       6.03836413       0.11416410
71          13.68273961       7.34372792       6.23062933       0.10838235
72          13.59115273       7.20183203       6.30598632       0.08333438
73          13.50935782       7.14966399       6.30932341       0.05037043
74          13.44084040       7.17285626       6.24174778       0.02623636
75          13.45292521       7.25303441       6.18963944       0.01025135
76          13.49103868       7.28195185       6.20580102       0.00328581
77          13.53128210       7.27257722       6.25627357       0.00243131
78          13.56644765       7.22413778       6.33191586       0.01039400
79          13.54678952       7.11112484       6.39858440       0.03708029
80          13.41097423       6.86487412       6.46831655       0.07778356
81          13.19072263       6.63524340       6.44543308       0.11004615
82          13.02730486       6.63866880       6.27239307       0.11624299
83          13.08587767       6.89665783       6.09091645       0.09830339
84          13.29419445       7.23201603       5.98413539       0.07804303
85          13.41307506       7.44126770       5.90155985       0.07024751
86          13.39008166       7.43239544       5.87141817       0.08626805
87          13.22643324       7.18837003       5.90804139       0.13002182
88          13.11823659       6.91370108       6.02001978       0.18451573
89          13.24369322       6.72853852       6.30924303       0.20591167
90          13.48832230       6.54814081       6.75123575       0.18894575
91          13.71396731       6.31289057       7.24234355       0.15873320
92          14.06244284       6.23495896       7.71546357       0.11202031
93          14.83308676       6.47527131       8.29061231       0.06720314
94          15.82889125       6.87333422       8.90118859       0.05436844
95          16.43271430       7.07162700       9.29696068       0.06412662
96          16.29935286       6.98022942       9.26237687       0.05674657
97          15.74330101       6.74354438       8.96166251       0.03809411
98          15.16235421       6.43225830       8.70753880       0.02255712
99          14.87633057       6.18782834       8.67544366       0.01305857
100         15.14467767       6.24535726       8.88878907       0.01053134
101         15.51232848       6.44607028       9.05598676       0.01027144
102         15.88532277       6.65491669       9.21946098       0.01094511
103         16.20901031       6.80698035       9.38999841       0.01203155
104         16.39255008       6.86444737       9.51366333       0.01443938
105         16.59405606       6.99151024       9.59107954       0.01146628
106         16.79418636       7.26799694       9.52214220       0.00404722
107         16.54618586       7.35132447       9.19412623       0.00073516
108         15.97964233       7.24854014       8.73079718       0.00030501
109         15.63834082       7.21256102       8.41917125       0.00660855
110         15.57246719       7.31787548       8.23277902       0.02181269
111         15.45119802       7.38077235       8.03196574       0.03845993
112         15.01994155       7.24770964       7.73044955       0.04178236
113         14.55215029       7.10006246       7.42364727       0.02844056
114         14.45849223       7.16750559       7.28041070       0.01057594
115         14.72780493       7.42360559       7.30397384       0.00022550
116         15.04407265       7.71470306       7.32523849       0.00413109
117         15.09670148       7.91829699       7.16895961       0.00944488
118         14.91519246       8.06850734       6.83895120       0.00773391
119         14.77876062       8.29468230       6.48222843       0.00184988
120         14.64733168       8.43862266       6.20841331       0.00029570
121         14.45916966       8.44138740       6.00918203       0.00860024
122         14.35081774       8.46062499       5.86306130       0.02713146
123         14.45362577       8.69421772       5.71845697       0.04095108
124         14.75019250       9.11214911       5.60274335       0.03530004
125         15.11558744       9.64061980       5.45356958       0.02139807
126         15.29261297       9.89320913       5.38440035       0.01500348
127         15.34283890       9.92215716       5.39953271       0.02114904
128         15.36355648       9.86402896       5.46229060       0.03723692
129         15.46910713       9.84310200       5.56732699       0.05867814
130         15.72640422      10.02733662       5.60488901       0.09417859
131         16.15802134      10.43709322       5.57641314       0.14451498
132         16.72886524      11.07604806       5.44244574       0.21037144
133         17.05843077      11.65853921       5.13438928       0.26550229
134         17.18302253      12.09451581       4.80061417       0.28789255
135         17.04706660      12.26070947       4.52087340       0.26548373
136         16.93261874      12.39337183       4.29424684       0.24500007
137         16.75729314      12.45452987       4.05332273       0.24944053
138         16.34180796      12.24182319       3.82378713       0.27619764
139         16.00679430      11.94645722       3.73779702       0.32254007
140         16.00913745      11.81868480       3.81438192       0.37607073
141         16.32739407      11.90051054       3.98499262       0.44189091
142         16.66839496      11.98305825       4.18505567       0.50028104
143         16.87639054      11.97879449       4.35975223       0.53784382
144         16.72267360      11.76305754       4.44400040       0.51561565
145         16.10119629      11.28891390       4.33713238       0.47515001
146         15.27433011      10.77557660       4.02385996       0.47489356
147         14.73800339      10.52636781       3.66626029       0.54537529
148         14.65252292      10.63201124       3.37198675       0.64852494
149         14.87874344      10.98557317       3.13471522       0.75845505
150         15.17778075      11.42089305       2.89410383       0.86278387
151         15.42871833      11.82613631       2.64971044       0.95287158
152         15.57096957      12.07011212       2.49071357       1.01014387
153         15.46754135      12.07694595       2.37906448       1.01153091
154         15.12562122      11.85428164       2.32899458       0.94234500
155         14.65149255      11.47612625       2.34199074       0.83337556
156         14.33168704      11.05975563       2.44940651       0.82252489
157         14.29357679      10.82558002       2.54518687       0.92280990
158         14.59048637      10.90176074       2.57944321       1.10928242
159         15.07268115      11.23305900       2.57073013       1.26889201
160         15.72023195      11.78897561       2.58107928       1.35017707
161         16.32890541      12.36420211       2.59842055       1.36628275
162         16.70099138      12.68951641       2.59495451       1.41652046
163         16.91200561      12.75963801       2.61626122       1.53610639
164         17.13953165      12.71571926       2.71372245       1.71008993
165         17.51877512      12.79909697       2.90664309       1.81303505
166         17.95051165      13.05165021       3.08218196       1.81667949
167         18.33918009      13.36805752       3.13327160       1.83785096
168         18.76909632      13.78986479       3.09981268       1.87941885
169         19.39455030      14.38770585       3.08911245       1.91773200
170         20.11518357      15.16739967       3.04751632       1.90026757
171         20.77631733      15.96746416       2.95951790       1.84933527
172         21.17097166      16.54387446       2.89544419       1.73165300
173         21.33436315      16.75491005       2.95320520       1.62624790
174         21.28265183      16.72153636       3.03805290       1.52306257
175         20.98465839      16.49104501       3.04239617       1.45121721
176         20.87652834      16.38118077       3.03131151       1.46403606
177         21.27527726      16.64031997       3.06839316       1.56656414
178         22.01803770      17.15312904       3.15810741       1.70680126
179         22.82926509      17.72468528       3.29713062       1.80744919
180         23.53916272      18.24424587       3.45666298       1.83825387
181         23.99229298      18.62896790       3.60525513       1.75806995
182         23.98616480      18.64132599       3.72066227       1.62417654
183         23.89455456      18.59191598       3.78225245       1.52038614
184         23.93351597      18.68757966       3.72145324       1.52448308
185         24.30203793      19.14347629       3.55987205       1.59868958
186         24.80333722      19.56344021       3.54790628       1.69199073
187         30.53447792      12.70664970      17.20388863       0.62393959
188         30.72312002      12.76644391      17.16615588       0.79052024
189         31.26823712      12.79547843      17.47715399       0.99560470
190         32.10566804      12.95734492      17.94509137       1.20323175
191         32.76104692      13.14520878      18.28197547       1.33386268
192         32.77349527      12.94675790      18.46997577       1.35676160
193         32.33490986      12.40329747      18.59430145       1.33731094
194         32.14622928      12.02321997      18.77323738       1.34977192
195         32.64440707      12.12148028      19.06471323       1.45821357
196         33.34769832      12.45435313      19.30422965       1.58911554
197         34.11763924      12.71035449      19.62157472       1.78571004
198         34.73596577      12.82096670      19.93123773       1.98376135
199         35.36470245      12.94834186      20.25302402       2.16333656
200         35.77578836      13.05053217      20.46469171       2.26056448
201         35.83575900      13.04383290      20.41862493       2.37330117
202         35.48348325      12.86788310      20.13577522       2.47982493
203         35.05705602      12.61181380      19.82919742       2.61604480
204         35.02066056      12.54844310      19.66368270       2.80853476
205         35.37497558      12.65070403      19.71458507       3.00968648
206         36.05997214      12.83279118      20.01183704       3.21534392
207         36.92799836      13.07454225      20.51828827       3.33516784
208         37.83631032      13.37233259      21.04574942       3.41822831
209         38.55871073      13.64150738      21.50019764       3.41700571
210         38.79371532      13.71062438      21.74391369       3.33917725
211         38.61611541      13.67963863      21.75578787       3.18068891
212         38.45833957      13.73241282      21.65811775       3.06780900
213         38.69339641      13.96275291      21.64466730       3.08597620
214         39.25125295      14.22085430      21.78693841       3.24346024
215         39.80114772      14.24261626      22.05688428       3.50164718
216         40.10417667      14.10195904      22.23396667       3.76825096
217         40.25023203      14.03191163      22.23644802       3.98187238
218         40.21723235      14.09481474      22.07855257       4.04386504
219         40.01511532      14.11233395      21.96709048       3.93569090
220         39.76657416      14.17885537      21.83912022       3.74859856
221         39.81136628      14.39251076      21.72233198       3.69652354
222         40.16831667      14.56322933      21.81864813       3.78643921
223         40.44648106      14.45570427      22.04395697       3.94681982
224         40.57452666      14.21622647      22.24218920       4.11611100
225         40.50682884      13.94210241      22.30188016       4.26284627
226         40.41994246      13.74648410      22.35023277       4.32322559
227         40.12968632      13.67089011      22.14272265       4.31607356
228         39.76616045      13.76170374      21.67042515       4.33403155
229         39.60087522      13.84579114      21.24784205       4.50724203
230         39.62626595      13.73249627      21.12945480       4.76431488
231         39.50437274      13.40745187      21.17274511       4.92417576
232         39.20728617      13.02661576      21.15875636       5.02191405
233         38.93511156      12.67912736      21.00832659       5.24765761
234         38.89935447      12.42052760      20.89007329       5.58875358
235         39.16083477      12.21483641      21.05698641       5.88901194
236         39.46474730      12.09769507      21.38524045       5.98181178
237         39.51491573      12.04930747      21.51599377       5.94961449
238         39.49930512      12.07954936      21.50688039       5.91287538
239         39.64252014      12.25834955      21.33415001       6.05002059
240         39.90821914      12.54945893      21.01186152       6.34689869
241         40.31004139      12.82093397      20.76442642       6.72468100
242         40.75018715      12.83983765      20.84455964       7.06578986
243         40.73622509      12.60051513      20.91429205       7.22141790
244         40.24908822      12.21782682      20.76250824       7.26875317
245         39.76904767      11.82485273      20.69828382       7.24591112
246         39.74668510      11.66339945      20.89613896       7.18714669
247         39.88240032      11.81004154      20.94099479       7.13136398
248         39.74275966      12.03639123      20.54845617       7.15791225
249         39.35757613      12.16817912      20.01706363       7.17233338
250         38.89338353      12.07284377      19.67417176       7.14636800
251         38.43852844      11.85290916      19.56514755       7.02047173
252         37.89488609      11.64835658      19.62901179       6.61751773
253         37.31741169      11.53518347      19.79299434       5.98923387
254         36.85231619      11.49953615      19.99762639       5.35515364
255         36.52327511      11.60202656      20.03723788       4.88401067
256         36.49039717      11.91546684      19.93994934       4.63498099
257         36.78706330      12.28118529      19.91299136       4.59288665
258         37.54165591      12.62189862      20.21988272       4.69987457
259         37.82914103      12.91271128      20.20433583       4.71209391
260         37.38833119      13.12278801      19.72404675       4.54149643
261         36.62952467      13.11897071      19.25929781       4.25125614
262         35.66752411      12.93738826      18.80623764       3.92389821
263         34.70510128      12.70137687      18.37205342       3.63167099
264         33.99581710      12.51104620      18.12193840       3.36283249
265         33.41371767      12.18391438      18.10890611       3.12089718
266         32.93074652      11.79889346      18.21909446       2.91275860
267         32.60559677      11.46746852      18.36954304       2.76858521
268         32.28127332      11.18439105      18.40542649       2.69145578
269         31.78906455      10.94475884      18.21904059       2.62526512
270         31.16047782      10.80707569      17.73762080       2.61578133
271         30.53554595      10.73288618      17.16511396       2.63754581
272         29.95717262      10.62869826      16.63897319       2.68950117
273         28.99548907      10.09250020      16.28976111       2.61322776
274         27.88256707       9.32047952      16.11334579       2.44874175
275         27.34203719       8.88572153      16.10237363       2.35394203
276         27.44723937       8.72046089      16.36073855       2.36603992
277         27.74479858       8.57462850      16.74873460       2.42143548
278         28.01284820       8.28813499      17.17804952       2.54666369
279         28.41877573       8.06078425      17.68843459       2.66955689
280         28.78438172       7.94693843      18.10824652       2.72919678
281         28.79497403       7.84948142      18.26982976       2.67566285
282         28.31014044       7.56346886      18.24655417       2.50011742
283         27.75990732       7.25826323      18.17070481       2.33093927
284         27.23131085       6.99518196      18.00918363       2.22694526
285         26.58357088       6.76379206      17.65004128       2.16973754
286         25.95747846       6.69606072      17.09343552       2.16798223
287         25.25504574       6.64559476      16.38091396       2.22853702
288         24.35456722       6.55037372      15.54411463       2.26007887
289         23.37709427       6.31981488      14.79547040       2.26180899
290         22.49629829       6.15721172      14.09684657       2.24224000
291         21.91150936       6.07048429      13.59295915       2.24806593
292         21.51414336       6.09297393      13.20257769       2.21859175
293         21.00863782       6.10869519      12.77828098       2.12166165
294         20.46893895       6.15028354      12.35140428       1.96725113
295         19.95303997       6.10827809      12.04481240       1.79994948
296         19.59982248       5.93913686      11.95449019       1.70619543
297         19.51390153       5.77821737      12.04940946       1.68627470
298         19.33906142       5.68721137      12.00981619       1.64203386
299         18.99484869       5.66472621      11.77706201       1.55306047
300         18.49301276       5.57562973      11.44894913       1.46843389
301         18.13864914       5.42828965      11.23766950       1.47268999
302         18.12958466       5.27796350      11.28945324       1.56216792
303         18.14900960       5.05154348      11.46468801       1.63277810
304         17.83557836       4.67484622      11.53186541       1.62886672
305         17.13382564       4.19461878      11.38811157       1.55109529
306         16.42646188       3.75419874      11.16437470       1.50788844
307         15.81307883       3.49245758      10.79810081       1.52252044
308         15.10275216       3.37687343      10.16069239       1.56518633
309         14.17052616       3.20350743       9.40790214       1.55911658
310         13.28940148       2.94352873       8.83362979       1.51224296
311         12.74088209       2.69634751       8.58479698       1.45973760
312         12.63702017       2.54319127       8.64744207       1.44638684
313         12.69813282       2.42613848       8.84727368       1.42472066
314         12.63914751       2.22995893       9.05489086       1.35429772
315         12.48001210       2.01925672       9.18594085       1.27481453
316         12.38002154       1.93295141       9.21068611       1.23638401
317         12.36803527       1.95682919       9.19032263       1.22088345
318         12.22400171       1.89582403       9.13270515       1.19547252
319         11.91283276       1.72910952       9.02168493       1.16203831
320         11.62042013       1.57422471       8.90867424       1.13752118
321         11.51975887       1.48837170       8.90870027       1.12268691
322         11.62533650       1.44954138       9.09483287       1.08096226
323         11.93054335       1.41114813       9.44699588       1.07239934
324         12.38625439       1.37097747       9.89036104       1.12491589
325         12.77287426       1.30553540      10.20381979       1.26351907
326         12.98597860       1.23710086      10.32891789       1.41995985
327         13.11979595       1.15684226      10.39263125       1.57032244
328         13.19531184       1.06396991      10.45266481       1.67867713
329         13.25277784       0.93314906      10.57189615       1.74773262
330         13.36887631       0.80706824      10.79606251       1.76574556
331         13.54120375       0.72704413      11.07326863       1.74089099
332         13.73508473       0.69631323      11.31162612       1.72714537
333         14.01005948       0.71644750      11.55201825       1.74159373
334         14.30694640       0.74694182      11.79100764       1.76899693
335         14.54454067       0.79173858      11.94428264       1.80851945
336         14.78927188       0.86796768      12.04993563       1.87136857
337         15.00814674       0.98282959      12.08800904       1.93730811
338         15.38153084       1.04792005      12.38165638       1.95195441
339         15.72407779       1.06283675      12.75540132       1.90583972
340         15.98946139       1.04262352      13.05007815       1.89675972
341         16.21479397       1.03873935      13.28558133       1.89047329
342         16.60582330       0.98835039      13.76458186       1.85289106
343         16.87936352       0.95197361      14.15875106       1.76863885
344         16.93456925       1.05700865      14.10675702       1.77080358
345         16.79750729       1.27119832      13.72345013       1.80285884
346         16.94317835       1.44740478      13.72935065       1.76642292
347         17.12338733       1.56589151      13.87823791       1.67925791
348         17.01111273       1.64193063      13.77485427       1.59432783
349         16.93503138       1.65352528      13.74155696       1.53994913
350         17.14927013       1.63145276      14.04660172       1.47121566
351         17.44239630       1.52975092      14.45314552       1.45949986
352         17.55581375       1.44427601      14.64109307       1.47044467
353         17.59710810       1.39658187      14.70467184       1.49585438
354         17.54067832       1.37527809      14.64255302       1.52284722
355         18.08609430       1.47386729      15.06480625       1.54742076
356          9.36866211       1.34129762       2.91360282       5.11376167
357          9.30848516       1.37761857       3.08770556       4.84316104
358          9.21667978       1.37155241       3.27127758       4.57384979
359          8.95593423       1.28030728       3.27769071       4.39793624
360          8.68337641       1.19947174       3.17484549       4.30905919
361          8.46033721       1.23168718       3.03307519       4.19557484
362          8.17979115       1.28610170       2.83743399       4.05625545
363          7.74251657       1.27431201       2.55996586       3.90823870
364          7.25046828       1.21258398       2.31867748       3.71920682
365          6.92043466       1.19163414       2.15036761       3.57843291
366          6.90361302       1.34053967       2.04896018       3.51411316
367          6.99297564       1.49359800       1.99224688       3.50713076
368          7.00408985       1.59893519       1.97020477       3.43494989
369          6.91793728       1.75434081       1.95024292       3.21335356
370          6.71148058       1.92878874       1.91285438       2.86983745
371          6.37577638       1.99699747       1.85760642       2.52117248
372          5.99339302       1.95880413       1.73555475       2.29903414
373          5.71681884       1.91135276       1.57434022       2.23112586
374          5.68206912       1.93783065       1.44483790       2.29940057
375          5.86060452       2.06782315       1.38402169       2.40875969
376          6.05906373       2.21002523       1.42755251       2.42148599
377          6.26331326       2.31426345       1.57967592       2.36937390
378          6.46030633       2.39920533       1.76428621       2.29681478
379          6.53980264       2.41713830       1.90060736       2.22205698
380          6.33579169       2.28904064       1.92658622       2.12016483
381          5.98216960       2.10408097       1.89982874       1.97825989
382          5.69160554       1.99918184       1.86643298       1.82599072
383          5.66776858       2.04118000       1.91779504       1.70879354
384          5.96919102       2.20744162       2.15724225       1.60450715
385          6.53054576       2.45217344       2.53497831       1.54339402
386          7.19474512       2.77026544       2.87892690       1.54555278
387          7.61174144       3.10060748       2.96660509       1.54452887
388          7.82108574       3.34771533       2.89487561       1.57849480
389          7.98691025       3.46501926       2.82972800       1.69216298
390          8.11999906       3.46690383       2.83675937       1.81633586
391          8.09476018       3.42054612       2.77381740       1.90039666
392          7.88025200       3.35959756       2.60264280       1.91801163
393          7.56217967       3.31919375       2.42444998       1.81853594
394          7.45250064       3.36723106       2.42504239       1.66022720
395          7.69381083       3.54467045       2.61322362       1.53591676
396          8.05127305       3.77043710       2.81779310       1.46304284
397          8.31153095       4.02653173       2.89481433       1.39018489
398          8.39609391       4.29128468       2.81354952       1.29125971
399          8.30895558       4.43168675       2.66035115       1.21691768
400          8.06966669       4.36399341       2.50733442       1.19833886
401          7.78238720       4.14506944       2.42561157       1.21170620
402          7.70857590       4.02491110       2.45653803       1.22712677
403          7.96405036       4.18620934       2.57251991       1.20532111
404          8.35626341       4.48183300       2.68854332       1.18588709
405          8.51266724       4.63517644       2.71440064       1.16309016
406          8.43211604       4.64970861       2.66869140       1.11371603
407          8.29554284       4.63033288       2.61632647       1.04888349
408          8.26288964       4.74076440       2.51969380       1.00243144
409          8.28259449       4.87389032       2.39383780       1.01486637
410          8.07601190       4.86158948       2.23251052       0.98191190
411          7.63717159       4.70235070       2.03088681       0.90393408
412          7.21280206       4.51702434       1.86965863       0.82611910
413          6.91671672       4.40503330       1.74450783       0.76717558
414          6.62570146       4.27878562       1.62393611       0.72297972
415          6.29169207       4.13306981       1.50500075       0.65362151
416          6.01956473       4.04364191       1.40909843       0.56682438
417          5.85726460       4.05585943       1.33426597       0.46713921
418          5.74260287       4.08944584       1.28370935       0.36944768
419          5.63550786       4.06569741       1.27341301       0.29639744
420          5.40985027       3.91396289       1.22739329       0.26849409
421          5.22456207       3.80764397       1.17361479       0.24330332
422          5.14105772       3.80021876       1.14484935       0.19598961
423          5.18498633       3.90676915       1.13846102       0.13975615
424          5.27406682       4.02629214       1.14605418       0.10172050
425          5.25910008       4.06075351       1.11535526       0.08299131
426          5.30246899       4.15039261       1.07232737       0.07974900
427          5.34040202       4.22376356       1.02477777       0.09186069
428          5.19093994       4.14235059       0.92910477       0.11948458
429          5.18216476       4.14645652       0.88835903       0.14734921
430          5.27970220       4.29888111       0.83387103       0.14695005
431          5.44448861       4.52553306       0.79366318       0.12529238
432          5.64719843       4.74306181       0.79718905       0.10694757
433          5.78848049       4.84174154       0.84487384       0.10186511
434          5.90914397       4.86449619       0.95469136       0.08995642
435          5.93667886       4.82350932       1.03472221       0.07844733
436          5.96197128       4.79329949       1.09582198       0.07284982
437          6.01218539       4.76006858       1.18686435       0.06525246
438          6.17752037       4.81453800       1.30537037       0.05761201
439          6.30022793       4.86797335       1.36625462       0.06599995
440          6.38317924       4.91208906       1.37414247       0.09694771
441          6.54501259       5.09214129       1.32711587       0.12575543
442          6.71642330       5.27517347       1.31793752       0.12331231
443          6.90553548       5.45535809       1.35387753       0.09629987
444          7.03688996       5.58136604       1.38050485       0.07501907
445          7.16707468       5.76586676       1.32980368       0.07140424
446          7.33677323       5.99478655       1.27323842       0.06874826
447          7.33189323       6.05035658       1.21916138       0.06237527
448          7.18214265       5.95569951       1.17879404       0.04764909
449          7.01780057       5.84549616       1.13607402       0.03623039
450          6.87834783       5.76950470       1.07704787       0.03179525
451          7.03438726       5.95392555       1.04769331       0.03276840
452          7.30114259       6.30227259       0.96505644       0.03381356
453          7.41985679       6.51911288       0.86757023       0.03317368
454          7.37701064       6.55239931       0.79166070       0.03295062
455          7.18490403       6.41656106       0.74085897       0.02748400
456          6.85631096       6.15383067       0.68606684       0.01641345
457          6.51396329       5.85002455       0.65604883       0.00788991
458          6.17401604       5.60743016       0.56352013       0.00306575
459          5.91382963       5.49474818       0.41808295       0.00099851
460          5.71059041       5.41383606       0.29661505       0.00013929
461          5.44968986       5.25215519       0.19753466       0.00000001
462          5.24206849       5.09675966       0.14505777       0.00025107
463          5.07605186       4.95246952       0.12135017       0.00223218
464          4.92510884       4.83234074       0.08486124       0.00790686
465          4.89511752       4.83333990       0.04491413       0.01686348
466          4.87317392       4.82620098       0.01928068       0.02769226
467          4.66409128       4.61658217       0.00808756       0.03942155
468          4.37608701       4.31316358       0.00602508       0.05689836
469          4.20770324       4.11855759       0.00620384       0.08294181
470          4.11761624       3.99888020       0.00513111       0.11360493
471          4.02701421       3.90490762       0.00081362       0.12129297
472          3.91015271       3.79995969       0.00078899       0.10940403
473          3.84888921       3.74416726       0.00410801       0.10061394
474          3.88171348       3.77578836       0.00720788       0.09871725
475          3.91826332       3.79487601       0.01147119       0.11191612
476          4.00741674       3.84592270       0.01555294       0.14594111
477          4.10617964       3.88780634       0.01621559       0.20215771
478          4.07751662       3.81575355       0.01168805       0.25007502
479          3.86691736       3.60522339       0.01047441       0.25121956
480          3.59231476       3.37421234       0.01445017       0.20365225
481          3.41419230       3.23053176       0.01955482       0.16410572
482          3.32342398       3.14106097       0.02434106       0.15802195
483          3.30240740       3.08749076       0.02943469       0.18548195
484          3.25721054       2.99570879       0.03675053       0.22475121
485          3.15165939       2.82799065       0.04581579       0.27785295
486          3.01500575       2.63438950       0.05865041       0.32196584
487          2.83327023       2.41637527       0.06861523       0.34827973
488          2.64801235       2.22252406       0.07471214       0.35077616
489          2.48722637       2.06772741       0.09137410       0.32812486
490          2.36937004       1.94312886       0.11983129       0.30640989
491          2.34773211       1.89145661       0.13925018       0.31702531
492          2.39704903       1.89508196       0.14265836       0.35930870
493          2.53665222       1.96936195       0.14398327       0.42330701
494          2.79768642       2.11074206       0.16012622       0.52681814
495          3.02195543       2.24928939       0.17737902       0.59528703
496          3.03035771       2.32528262       0.16437197       0.54070312
497          2.87816295       2.33370487       0.13801841       0.40643967
498          2.73846838       2.30489990       0.13051165       0.30305682
499          2.73334426       2.34461536       0.14462950       0.24409939
500          2.89854130       2.46402314       0.17200781       0.26251035
501          3.09401099       2.60083412       0.18922594       0.30395093
502          3.24063326       2.71534068       0.21383413       0.31145845
503          3.37803199       2.77443490       0.25923698       0.34436012
504          3.64714315       2.87212147       0.33004107       0.44498061
505          3.99562633       3.03457090       0.38144508       0.57961035
506          4.21268538       3.18157559       0.37038764       0.66072215
507          4.41745663       3.36028916       0.32718344       0.72998403
508          4.61010972       3.53636295       0.29028952       0.78345724
509          4.72815043       3.67402376       0.27190537       0.78222131
510          4.79922895       3.80639772       0.25897371       0.73385751
511          4.98908732       4.00498871       0.26759917       0.71649944
512          5.22131258       4.12875745       0.34281893       0.74973621
513          5.40911454       4.17877543       0.47279421       0.75754489
514          5.60872937       4.24907032       0.61599883       0.74366022
515          5.75584128       4.30835916       0.70542969       0.74205243
516          5.65998462       4.28526201       0.68439005       0.69033256
517          5.48762585       4.28844714       0.56138532       0.63779339
518          5.44473998       4.37081884       0.42584220       0.64807894
519          5.46359117       4.46362725       0.33361500       0.66634892
520          5.55048665       4.57987388       0.28966417       0.68094860
521          5.67227699       4.74936854       0.24584619       0.67706226
522          5.77990871       4.92333997       0.21570072       0.64086802
523          5.74367225       4.97572113       0.20416528       0.56378584
524          5.60750087       4.92062250       0.20046351       0.48641485
525          5.36240198       4.73796172       0.19588780       0.42855246
526          5.01910963       4.43591605       0.18033408       0.40285950
527          4.59688968       4.05371324       0.15520930       0.38796714
528          4.27117598       3.72020888       0.13783922       0.41312788
529          4.11420378       3.50279073       0.15241107       0.45900198
530          4.07892761       3.38071792       0.17657003       0.52163966
531          4.12587319       3.35190707       0.18009031       0.59387581
532          4.20775858       3.40634604       0.14563643       0.65577612
533          4.40547191       3.60181014       0.10042727       0.70323450
534          4.62003539       3.83439062       0.06056935       0.72507541
535          4.79841624       4.04959164       0.02954700       0.71927760
536          4.98987819       4.28420322       0.00806404       0.69761092
537          5.20852691       4.53605179       0.00026261       0.67221251
538          5.39142409       4.71207468       0.00007416       0.67927524
539          5.47436476       4.77829416       0.00000720       0.69606340
540          5.46985339       4.77176204       0.00005582       0.69803554
541          5.46122582       4.79254095       0.00038021       0.66830466
542          5.50055133       4.86455407       0.00204590       0.63395137
543          5.55210274       4.94565631       0.00315072       0.60329571
544          5.55479145       5.01628212       0.00007847       0.53843086
545          5.59813711       5.12509013       0.01147734       0.46156964
546          5.77473802       5.29487409       0.03544548       0.44441846
547          6.03366981       5.47647936       0.05555776       0.50163270
548          6.27036378       5.65185835       0.07546205       0.54304338
549          6.41100113       5.81436046       0.08560383       0.51103684
550          6.55364237       6.05434041       0.07645847       0.42284349
551          6.64955505       6.27100166       0.05672953       0.32182386
552          6.59640007       6.33551070       0.03284911       0.22804026
553          6.41898518       6.23263058       0.01736049       0.16899410
554          6.19437755       6.03199598       0.01212673       0.15025485
555          5.92164903       5.73555046       0.01240446       0.17369410
556          5.63015889       5.40354516       0.00984363       0.21677009
557          5.44206362       5.21106928       0.00270251       0.22829183
558          5.43208863       5.22165006       0.00010213       0.21033643
559          5.52557511       5.33976910       0.00082339       0.18498263
560          5.62737874       5.47201702       0.00012613       0.15523559
561          5.66256892       5.52935647       0.00522819       0.12798427
562          5.67528567       5.54138897       0.01409517       0.11980153
563          5.68058248       5.52828994       0.02144882       0.13084372
564          5.68768206       5.50264449       0.02587178       0.15916579
565          5.81046570       5.60876271       0.02565743       0.17604556
566          5.98445246       5.79469811       0.02010302       0.16965132
567          6.31370042       6.12768606       0.01629405       0.16972031
568          6.88787554       6.66098184       0.01617435       0.21071936
569          7.61486865       7.31120289       0.01650745       0.28715831
570          8.28406429       7.89108725       0.01341459       0.37956245
571          8.79209902       8.33184992       0.01296641       0.44728269
572          9.18904097       8.68526332       0.02152329       0.48225437
573          9.51434937       8.95433842       0.03690624       0.52310471
574          9.81117671       9.17796544       0.04917557       0.58403571
575         10.07461227       9.36611157       0.05157377       0.65692693
576         10.23551253       9.47307647       0.04591251       0.71652355
577         10.26691349       9.48512277       0.03622399       0.74556673
578         10.28942371       9.49493081       0.02881432       0.76567859
579         10.37524334       9.51360355       0.02645293       0.83518685
580         10.45546626       9.49711637       0.03236189       0.92598799
581         10.51123864       9.48152499       0.05017854       0.97953511
582         10.55902052       9.48800851       0.08018205       0.99082996
583         10.60975079       9.47871221       0.10472379       1.02631478
584         10.62648532       9.48872610       0.12088899       1.01687024
585         10.52138192       9.44860122       0.11710944       0.95567126
586         10.35827811       9.32200404       0.09046404       0.94581003
587         10.25837729       9.17199402       0.06297665       1.02340663
588         10.13958429       8.99554471       0.04938375       1.09465582
589          9.94360952       8.82161561       0.06074321       1.06125070
590          9.68983577       8.65579742       0.09348523       0.94055312
591          9.45449900       8.52361694       0.12915793       0.80172413
592          9.26982245       8.41948614       0.14932067       0.70101564
593          9.15219504       8.33815169       0.16898890       0.64505445
594          9.02741429       8.19256894       0.20450940       0.63033594
595          8.88769775       8.01917393       0.26035396       0.60816986
596          8.78151452       7.90204455       0.30591903       0.57355094
597          8.69778551       7.83622521       0.32056399       0.54099630
598          8.76463275       7.92159381       0.33105514       0.51198380
599          8.95640576       8.11282576       0.39228180       0.45129819
600          9.32297087       8.39855325       0.54336873       0.38104889
601          9.76035743       8.68196202       0.74917216       0.32922325
602         10.10070738       8.84198117       0.93707408       0.32165212
603         10.36569053       8.90533290       1.09588029       0.36447734
604         10.57526170       8.98584779       1.19030009       0.39911382
605         10.89335558       9.20756430       1.28720121       0.39859007
606         11.23835757       9.47999056       1.40963601       0.34873101
607         11.68924480       9.84782776       1.55011661       0.29130043
608         12.07083180      10.18266378       1.62008200       0.26808601
609         12.57530891      10.58106116       1.70581738       0.28843036
610         13.15564110      11.00898849       1.83500304       0.31164957
611         13.49192236      11.24093840       1.93736785       0.31361612
612         13.77654857      11.44067407       2.02678012       0.30909438
613         14.01297414      11.64525078       2.08031020       0.28741316
614         14.27450115      11.93118580       2.08862628       0.25468907
615         14.65428412      12.32771893       2.11468958       0.21187560
616         15.20781515      12.81671390       2.20531386       0.18578740
617         15.69354963      13.16177712       2.32465865       0.20711387
618         15.91777454      13.29904339       2.36211463       0.25661652
619         15.92228322      13.35216362       2.30759347       0.26252613
620         15.93255853      13.40395130       2.27481547       0.25379176
621         15.98839168      13.41175835       2.31457127       0.26206206
622         15.97066774      13.33576076       2.38067736       0.25422963
623         16.06175579      13.37860799       2.46257607       0.22057173
624         16.19069425      13.54036842       2.48598396       0.16434186
625         16.20464864      13.70792867       2.36937011       0.12734986
626         16.06035519      13.77002425       2.17820530       0.11212564
627         15.97772866      13.79552656       2.06890449       0.11329762
628         16.03169908      13.86912534       2.04710133       0.11547241
629         15.96629532      13.78882979       2.06327831       0.11418722
630         15.74790607      13.56252515       2.08128487       0.10409605
631         15.55393698      13.38351514       2.08725789       0.08316395
632         15.53655166      13.40692050       2.07305955       0.05657161
633         15.64055334      13.56206982       2.03876113       0.03972239
634         15.75792034      13.78791900       1.92951241       0.04048893
635         15.86643985      14.01915203       1.79302528       0.05426253
636         15.98445605      14.26360686       1.65212018       0.06872901
637         16.09566355      14.47233001       1.54953780       0.07379574
638         16.20652299      14.62244309       1.51349902       0.07058087
639         16.35380225      14.77606877       1.51748896       0.06024452
640         16.44495847      14.83242742       1.55876758       0.05376346
641         16.41017184      14.76071304       1.59417270       0.05528610
642         16.12995605      14.48029812       1.57529471       0.07436322
643         15.55081371      13.97309817       1.46323778       0.11447775
644         14.64337462      13.19734875       1.28959842       0.15642746
645         13.93767144      12.54935535       1.21966742       0.16864867
646         13.57351410      12.15936511       1.27515269       0.13899630
647         13.47954048      11.97504329       1.41083860       0.09365859
648         13.53338650      11.89860230       1.56381583       0.07096837
649         13.53315098      11.75639637       1.68567588       0.09107874
650         13.37725695      11.55647930       1.66249302       0.15828463
651         13.09896064      11.34144680       1.49098345       0.26653040
652         12.85154545      11.12436537       1.35973930       0.36744077
653         12.65413790      10.90666219       1.32887213       0.41860358
654         12.53858150      10.72522866       1.40111354       0.41223930
655         12.59948990      10.63357035       1.58227055       0.38364900
656         12.79106434      10.61151623       1.84811531       0.33143279
657         12.92992436      10.62523774       2.02534889       0.27933772
658         12.98162663      10.63383338       2.09064358       0.25714967
659         12.96746064      10.61492564       2.06375221       0.28878279
660         12.85146082      10.50694131       1.95707101       0.38744850
661         12.81873724      10.45169194       1.83027978       0.53676553
662         13.04809044      10.64549117       1.74043331       0.66216597
663         13.52906755      11.06426663       1.74786731       0.71693361
664         14.13962773      11.55950327       1.88900843       0.69111604
665         14.63615781      11.96103148       2.06346083       0.61166550
666         14.82737423      12.13557890       2.10920120       0.58259413
667         14.74117383      12.11999814       1.99337712       0.62779857
668         14.61168493      12.04082880       1.85799581       0.71286032
669         14.70477417      12.08236779       1.81499429       0.80741209
670         14.95399348      12.27652986       1.79515935       0.88230427
671         15.10630181      12.45536254       1.74342098       0.90751828
672         15.05751093      12.53397382       1.65088107       0.87265603
673         14.70832440      12.38520101       1.55792930       0.76519409
674         14.24671079      12.12931415       1.45793768       0.65945897
675         14.03197567      12.00444801       1.42497009       0.60255757
676         14.27527811      12.18399697       1.45376494       0.63751621
677         14.85873001      12.64972529       1.47447303       0.73453169
678         15.47735142      13.18794485       1.47973328       0.80967330
679         15.64736669      13.41667356       1.43118011       0.79951302
680         15.16105729      13.14191111       1.31044482       0.70870135
681         14.51402898      12.66081571       1.23604854       0.61716474
682         14.29223382      12.43208181       1.29397300       0.56617902
683         14.52629516      12.55983663       1.42444172       0.54201681
684         14.90352040      12.74208535       1.63178310       0.52965194
685         15.37035421      12.94350904       1.88946383       0.53738135
686         15.78871268      13.13450410       2.06422168       0.58998689
687         16.07552493      13.28459088       2.14168655       0.64924750
688         16.00789120      13.18560320       2.18449919       0.63778881
689         15.76290329      12.92501630       2.27859574       0.55929124
690         15.45409487      12.57804591       2.38982623       0.48622273
691         15.26741299      12.31981913       2.48034847       0.46724539
692         15.22631555      12.08365671       2.62316862       0.51949022
693         15.36754035      11.85466891       2.90299210       0.60987934
694         15.63299547      11.75981187       3.19865399       0.67452962
695         15.78586308      11.80452621       3.28703035       0.69430651
696         15.53187317      11.68876295       3.18385792       0.65925230
697         15.18665909      11.45926848       3.11255643       0.61483417
698         15.15509056      11.37035581       3.16954892       0.61518583
699         15.27629788      11.37997532       3.24036267       0.65595989
700         15.28827028      11.28732687       3.34005363       0.66088978
701         15.17405455      11.01025168       3.59591231       0.56789055
702         15.14958923      10.70372788       3.99416657       0.45169478
703         15.02922305      10.31519007       4.34325932       0.37077367
704         14.76074348       9.96406447       4.46056626       0.33611275
705         14.43084769       9.68039665       4.38748535       0.36296569
706         14.34066006       9.57221059       4.33115527       0.43729420
707         14.66464531       9.74876809       4.36685315       0.54902406
708         15.08660111      10.10644836       4.36026952       0.61988322
709         15.36400540      10.53204472       4.18469305       0.64726764
710         15.36289036      10.74349357       3.97228677       0.64711002
711         15.18204973      10.70305007       3.83758905       0.64141062
712         15.06422220      10.67297615       3.74922233       0.64202371
713         15.12346030      10.75162878       3.72010619       0.65172533
714         15.19224658      10.80387208       3.72417293       0.66420158
715         15.15113437      10.73156956       3.76422897       0.65533584
716         14.96342121      10.50848190       3.80609626       0.64884306
717         14.76883152      10.26417637       3.81522154       0.68943361
718         14.83122633      10.21209392       3.84276452       0.77636789
719         14.96708886      10.29363093       3.85731823       0.81613969
720         15.09190238      10.45906356       3.85821092       0.77462790
721         15.21539920      10.67028004       3.84137856       0.70374059
722         15.41387964      10.98940381       3.75659842       0.66787741
723         15.64453454      11.32685963       3.67225141       0.64542351
724         15.78394081      11.50205933       3.67888358       0.60299789
725         15.83764497      11.48755948       3.79848562       0.55159987
726         15.76860763      11.34038283       3.93153835       0.49668645
727         15.72545142      11.23329904       4.02768153       0.46447085
728         15.64148078      10.97432681       4.18137202       0.48578196
729         15.69051848      10.74114625       4.42937795       0.51999428
730         16.17269135      10.89440344       4.76985661       0.50843130
731         16.77172423      11.24942340       5.06591054       0.45639030
732         17.13823569      11.52213785       5.20568273       0.41041511
733         17.31794345      11.67069171       5.28723829       0.36001345
734         17.38151356      11.64353421       5.47843373       0.25954562
735         17.48560548      11.60043961       5.73675943       0.14840644
736         17.65954734      11.66439007       5.92113246       0.07402481
737         17.98755153      11.92675142       6.01369108       0.04710904
738         18.65303152      12.41380362       6.19531355       0.04391435
739         19.50904317      12.85232337       6.60686856       0.04985124
740         20.43202871      13.16643294       7.21672621       0.04886956
741         21.09148298      13.21659806       7.84146391       0.03342101
742         21.45272871      13.09880668       8.34029852       0.01362351
743         21.63028853      12.97148280       8.65665035       0.00215539
744         21.66140722      12.81825988       8.84301213       0.00013522
745         21.69311181      12.66277948       9.03031871       0.00001361
746         21.95849703      12.67971974       9.27876907       0.00000821
747         22.58122815      13.05404691       9.52702622       0.00015501
748         23.24205930      13.58203326       9.65664345       0.00338259
749         23.54884824      13.89815042       9.64639473       0.00430310
750         23.79692390      14.14775375       9.64841700       0.00075315
751         24.12698688      14.43160041       9.69505296       0.00033351
752         24.40714842      14.55831237       9.84634970       0.00248635
753         24.56733951      14.46345666      10.10122170       0.00266115
754         24.91868698      14.44477988      10.47255841       0.00134868
755         25.31593946      14.37736844      10.93805714       0.00051387
756         25.59851430      14.17414010      11.42275880       0.00161540
757         25.77879310      13.98486380      11.79081686       0.00311244
758         26.19276714      14.11714308      12.07285829       0.00276576
759         26.99677260      14.50595986      12.48668155       0.00413120
760         27.91522118      14.90323881      13.00474407       0.00723829
761         28.68757476      15.19998154      13.47891751       0.00867571
762         28.88275065      15.23390843      13.63943972       0.00940249
763         29.06555635      15.26782360      13.78923403       0.00849872
764         29.38973883      15.38431531      13.99891826       0.00650527
765         29.56189253      15.55050562      14.00480076       0.00658616
766         29.63039302      15.67572779      13.94820885       0.00645639
767         29.81797260      15.77150065      14.03408981       0.01238214
768         29.54859142      15.57970624      13.94416711       0.02471806
769         28.94214271      15.45934322      13.45596797       0.02683153
770         28.35922574      15.45465855      12.88367032       0.02089687
771         28.36758261      15.73168459      12.61867025       0.01722777
772         29.00047592      16.21088724      12.77207367       0.01751501
773         29.93270337      16.83524546      13.07709540       0.02036250
774         30.72432241      17.52410810      13.17548768       0.02472663
775         31.19209570      18.01343125      13.14404983       0.03461462
776         31.19243606      18.18422089      12.96208326       0.04613191
777         30.80243811      18.05397423      12.69083661       0.05762727
778         30.29552212      17.89034534      12.34784067       0.05733611
779         29.54666304      17.56670222      11.92890333       0.05105749
780         28.70641656      17.17970318      11.48139342       0.04531996
781         28.11185457      16.97399979      11.09702143       0.04083336
782         28.04323060      17.05609078      10.94380594       0.04333388
783         28.43218700      17.30649383      11.07391287       0.05178029
784         28.85151997      17.48232055      11.30420190       0.06499752
785         29.00807888      17.49169385      11.42495845       0.09142658
786         28.87530160      17.18045474      11.54448618       0.15036069
787         28.52684111      16.65798228      11.64447164       0.22438719
788         28.20987512      16.18500750      11.72262618       0.30224145
789         28.00876410      15.87228708      11.78470766       0.35176937
790         27.85193011      15.56929621      11.91270225       0.36993165
791         27.83759897      15.30021957      12.15238355       0.38499585
792         27.86781673      15.04064839      12.42950576       0.39766258
793         27.71127189      14.70202451      12.63487931       0.37436807
794         27.39211547      14.42471763      12.63185392       0.33554392
795         26.82932038      14.03004832      12.50550412       0.29376795
796         25.98367615      13.43696690      12.31531535       0.23139389
797         25.09285982      12.83284255      12.08877770       0.17123957
798         24.36420064      12.29190235      11.92803036       0.14426793
799         24.00590089      11.88058652      11.96738872       0.15792566
800         24.07340637      11.74074758      12.14738670       0.18527209
801         24.46206862      11.84135489      12.40474301       0.21597072
802         24.72138118      11.93941557      12.54400404       0.23796157
803         24.65842046      11.92755907      12.48209882       0.24876257
804         24.46379475      11.91745375      12.31440400       0.23193700
805         24.08412851      11.87337128      12.00822543       0.20253181
806         23.62979377      11.85194058      11.58330983       0.19454336
807         23.16083633      11.87283485      11.08111123       0.20689025
808         22.89903536      11.99392366      10.65241825       0.25269346
809         22.94780590      12.30287501      10.35379961       0.29113127
810         23.07011727      12.77210090      10.01510387       0.28291250
811         23.00880993      13.19223155       9.53417894       0.28239944
812         22.75328376      13.51746359       8.95995792       0.27586225
813         22.50104806      13.73897689       8.43373170       0.32833946
814         22.20889918      13.92788088       7.90005546       0.38096285
815         21.85906972      13.98499379       7.47113318       0.40294275
816         21.24597376      13.88137715       6.95052197       0.41407464
817         20.70965334      13.86390617       6.39478660       0.45096057
818         20.39779569      14.05799556       5.80374999       0.53605014
819         20.09432374      14.24421554       5.25481300       0.59529519
820         19.73832307      14.24805306       4.84610706       0.64416296
821         19.25443089      13.91773920       4.66170253       0.67498916
822         18.92132041      13.52165562       4.67446838       0.72519642
823         18.53613463      13.25676660       4.61038822       0.66897981
824         18.27607136      13.16870183       4.56239112       0.54497841
825         18.12352192      13.12670659       4.54356470       0.45325063
826         17.89670078      12.94441014       4.55536651       0.39692413
827         17.57235578      12.70085597       4.50658986       0.36490995
828         17.19794745      12.49616483       4.35395114       0.34783147
829         16.80964578      12.37302764       4.12652209       0.31009604
830         16.35865766      12.25901507       3.81972693       0.27991566
831         15.87377230      12.11326435       3.47850949       0.28199846
832         15.53668074      12.03103320       3.20006539       0.30558215
833         15.53623162      12.23894299       2.96907340       0.32821523
834         15.91717799      12.81574544       2.75845239       0.34298016
835         16.36731026      13.39999185       2.59589964       0.37141877
836         16.55025592      13.64958554       2.47786838       0.42280199
837         16.42306175      13.60110008       2.30752430       0.51443738
838         16.03608330      13.30595086       2.11893113       0.61120131
839         15.55135373      12.85303630       1.98874919       0.70956825
840         15.15832054      12.47646178       1.87067734       0.81118143
841         14.86596929      12.22134722       1.72380651       0.92081556
842         14.49039828      11.99257394       1.50874455       0.98907980
843         14.12309179      11.81829640       1.31153441       0.99326097
844         13.89622942      11.80674912       1.13826874       0.95121155
845         13.94890393      11.98187709       1.02103883       0.94598801
846         13.96693762      12.09473832       0.91057008       0.96162922
847         13.71085996      11.92042591       0.80727709       0.98315697
848         13.27235227      11.49395339       0.76095993       1.01743895
849         12.78303216      10.95443824       0.76196729       1.06662662
850         12.52223929      10.57255269       0.80607497       1.14361163
851         12.41169658      10.33045983       0.86300975       1.21822700
852         12.24007141      10.06325686       0.92241868       1.25439588
853         12.00521584       9.76481789       0.99926114       1.24113681
854         11.74827438       9.51801780       1.02191398       1.20834260
855         11.35219638       9.30219445       0.91054764       1.13945428
856         10.86761292       9.09248898       0.75520617       1.01991776
857         10.18663386       8.67286721       0.64040158       0.87336507
858          9.65509803       8.28694582       0.60909977       0.75905245
859          9.43435474       8.08277716       0.64841827       0.70315931
860          9.40401112       8.00344220       0.72680440       0.67376452
861          9.47690925       7.96162080       0.85873119       0.65655726
862          9.66382038       8.08404196       0.94493432       0.63484411
863          9.77033719       8.24547630       0.93285521       0.59200567
864          9.64473143       8.22066324       0.88300679       0.54106140
865          9.49756436       8.12405709       0.87739546       0.49611181
866          9.35609485       7.95778542       0.94318230       0.45512713
867          9.13734776       7.72766515       1.02005344       0.38962917
868          8.89762499       7.51675982       1.07456417       0.30630100
869          8.80175273       7.42551453       1.13357321       0.24266500
870          8.88623247       7.44708323       1.23418524       0.20496400
871          9.03064379       7.49709791       1.35730695       0.17623893
872          9.15607032       7.56987570       1.43897166       0.14722295
873          9.23498259       7.68496355       1.43736754       0.11265150
874          9.28940497       7.83417523       1.37975190       0.07547783
875          9.18782290       7.77638884       1.35933944       0.05209462
876          8.98446515       7.51528953       1.42313285       0.04604277
877          8.75547048       7.20144737       1.49925978       0.05476334
878          8.51403883       6.92814813       1.52055435       0.06533634
879          8.12814310       6.63013354       1.43246795       0.06554161
880          7.61476515       6.27846594       1.27997235       0.05632686
881          7.28432752       6.08574565       1.15197875       0.04660312
882          7.28455522       6.12921952       1.10535945       0.04997625
883          7.40068495       6.24983080       1.08293935       0.06791480
884          7.47516086       6.36886449       1.01099365       0.09530272
885          7.44435687       6.43640609       0.87542838       0.13252240
886          7.23377288       6.28534563       0.76801179       0.18041546
887          6.88330890       5.95004608       0.70048827       0.23277455
888          6.58715624       5.70104018       0.62093199       0.26518407
889          6.45117641       5.68217486       0.52308538       0.24591617
890          6.44173319       5.77838054       0.44931172       0.21404093
891          6.38785224       5.75971056       0.42714499       0.20099669
892          6.22286352       5.58783150       0.41984573       0.21518629
893          6.15440481       5.53276665       0.37509483       0.24654332
894          6.12361980       5.51537663       0.31475122       0.29349196
895          6.00127932       5.34559490       0.29717524       0.35850918
896          5.84449367       5.09884219       0.30909865       0.43655283
897          5.83005037       5.02731398       0.29861455       0.50412184
898          5.91060493       5.10902824       0.26420380       0.53737289
899          5.98135684       5.22409714       0.22593969       0.53132001
900          5.91585660       5.20918931       0.19395345       0.51271384
901          5.68082604       4.97352090       0.17486998       0.53243516
902          5.39786211       4.67297037       0.15288983       0.57200191
903          5.06308437       4.34929674       0.13369934       0.58008830
904          4.69306537       3.99943222       0.11745996       0.57617319
905          4.39170923       3.68449158       0.10940709       0.59781056
906          4.13109291       3.41723837       0.10052578       0.61332876
907          3.94395174       3.23313649       0.08610526       0.62470998
908          3.90485591       3.18077783       0.07626831       0.64780978
909          3.95457854       3.21412793       0.07324907       0.66720154
910          4.08036070       3.32323770       0.07061696       0.68650604
911          4.16064728       3.42795382       0.06028635       0.67240710
912          4.17501794       3.53990844       0.04237391       0.59273559
913          4.19214661       3.68031534       0.02644381       0.48538745
914          4.24650707       3.79722342       0.01924750       0.43003616
915          4.27755519       3.84849182       0.01684792       0.41221545
916          4.17043388       3.73889872       0.02023783       0.41129733
917          3.99374321       3.53938613       0.02265032       0.43170677
918          3.85191678       3.35196826       0.02623302       0.47371550
919          3.85251646       3.30489828       0.02841348       0.51920470
920          3.97341172       3.36734472       0.03462712       0.57143989
921          4.11362871       3.47183274       0.04120563       0.60059034
922          4.19572395       3.57758515       0.04286270       0.57527610
923          4.24338109       3.68387030       0.04211745       0.51739334
924          4.22733679       3.73076209       0.04175562       0.45481908
925          4.14565734       3.70228053       0.04842531       0.39495150
926          4.07385141       3.66893832       0.06777977       0.33713332
927          4.10509149       3.68772269       0.09883443       0.31853437
928          4.16746873       3.69505118       0.12525690       0.34716066
929          4.31053610       3.73598373       0.14664755       0.42790482
930          4.55481329       3.88262776       0.15834766       0.51383787
931          4.71748224       3.98043019       0.16266604       0.57438601
932          4.83982423       4.09437232       0.17096281       0.57448910
933          4.91848607       4.19593908       0.21563604       0.50691095
934          4.84338151       4.16809283       0.27039549       0.40489319
935          4.54196800       3.93382744       0.30894304       0.29919751
936          4.19117774       3.64075486       0.33388745       0.21653542
937          3.99145457       3.47761267       0.33923605       0.17460585
938          3.95842695       3.44527530       0.34214129       0.17101036
939          4.05696705       3.48087522       0.36934653       0.20674530
940          4.22271729       3.51837380       0.44248488       0.26185861
941          4.21861964       3.42243018       0.51861163       0.27757782
942          4.00058270       3.15190331       0.61082930       0.23785010
943          3.78942304       2.86857183       0.73811513       0.18273608
944          3.73383112       2.67591728       0.90917453       0.14873930
945          3.75030853       2.49671358       1.13112493       0.12247003
946          3.75271250       2.34503549       1.32575904       0.08191798
947          3.74697175       2.35204772       1.36132992       0.03359411
948          3.71362088       2.49866750       1.20829597       0.00665740
949          3.66306731       2.64261168       1.02034959       0.00010605
950          3.51222746       2.64098817       0.87122845       0.00001084
951          3.35632965       2.56731104       0.78737994       0.00163867
952          3.30368067       2.54124555       0.75313939       0.00929573
953          3.34983288       2.60945212       0.72289683       0.01748392
954          3.38421663       2.67465369       0.69013940       0.01942354
955          3.32968672       2.64085787       0.66650622       0.02232263
956          3.16860309       2.52205586       0.62412239       0.02242484
957          2.90871601       2.35907424       0.54069862       0.00894315
958          2.65948228       2.19062156       0.46827369       0.00058703
959          2.50429607       2.04631600       0.44218315       0.01579692
960          2.40636166       1.91702497       0.46301137       0.02632531
961          2.35481547       1.85779986       0.47540160       0.02161401
962          2.31798019       1.85117369       0.45232270       0.01448381
963          2.27210990       1.86205538       0.39919698       0.01085754
964          2.17817629       1.81422067       0.35158017       0.01237545
965          2.08267159       1.72793105       0.33381337       0.02092718
966          2.02954750       1.65482609       0.32758167       0.04713973
967          2.07160300       1.65628370       0.32617063       0.08914867
968          2.18200092       1.72158384       0.33045114       0.12996594
969          2.23949087       1.74499289       0.35375040       0.14074758
970          2.18538034       1.67653244       0.38191526       0.12693263
971          2.04168160       1.53447409       0.39070417       0.11650334
972          1.88597780       1.37769010       0.37867389       0.12961382
973          1.73276163       1.24269762       0.32555103       0.16451298
974          1.60079340       1.16510747       0.24464363       0.19104230
975          1.55467753       1.18907287       0.17966440       0.18594026
976          1.60819212       1.31490158       0.14653094       0.14675960
977          1.68533484       1.46900693       0.11861279       0.09771512
978          1.70965899       1.55809334       0.08611852       0.06544714
979          1.69330513       1.58911206       0.05046522       0.05372786
980          1.58692096       1.51491423       0.02244256       0.04956417
981          1.40741158       1.34625887       0.00618899       0.05496372
982          1.24853947       1.19388345       0.00008399       0.05457203
983          1.21639464       1.18025581       0.00147032       0.03466850
984          1.25796328       1.24241662       0.00396717       0.01157949
985          1.28659173       1.27853708       0.00639938       0.00165527
986          1.30369212       1.29366118       0.00996053       0.00007041
987          1.33004208       1.31149612       0.01854550       0.00000046
988          1.32961422       1.29447454       0.03499397       0.00014572
989          1.23101979       1.17516687       0.05466352       0.00118940
990          1.14362738       1.07209534       0.06974449       0.00178755
991          1.10537858       1.02908845       0.07609099       0.00019914
992          1.10830547       1.02700706       0.08017724       0.00112117
993          1.10460924       0.99891529       0.10120306       0.00449088
994          1.08958071       0.94791887       0.13393690       0.00772494
995          1.10375661       0.90934709       0.18113256       0.01327696
996          1.16760234       0.90353582       0.24597031       0.01809621
997          1.22451463       0.90350836       0.30493784       0.01606843
998          1.25299464       0.91799562       0.32477641       0.01022260
999          1.21635271       0.91165274       0.29715162       0.00754835
1000         1.05910188       0.80921931       0.24220079       0.00768178
