1            3.60582597       1.93279980      -0.64939264
2            3.62256913       1.93439877      -0.64248639
3            3.60633562       1.90698042      -0.63449470
4            3.55716279       1.88816501      -0.61938851
5            3.51777650       1.91223049      -0.60922686
6            3.49995710       1.95460191      -0.56278645
7            3.49361014       1.99039924      -0.51032823
8            3.45338335       2.02698111      -0.49634193
9            3.41427113       2.02911271      -0.49850710
10           3.43594635       2.04254614      -0.50564038
11           3.49002453       2.06526637      -0.48952995
12           3.52690985       2.09273863      -0.45360625
13           3.52238497       2.11879807      -0.38725137
14           3.46881689       2.12240186      -0.31106431
15           3.42327602       2.11676884      -0.23537181
16           3.37760253       2.07610666      -0.17605132
17           3.34710350       2.03612835      -0.12797395
18           3.31771359       1.99740889      -0.11050042
19           3.29586429       1.96083184      -0.12950664
20           3.27086492       1.93148151      -0.19410001
21           3.26228827       1.90734584      -0.28089582
22           3.26703896       1.86905623      -0.37342252
23           3.26096039       1.84024215      -0.46613356
24           3.25220971       1.83121267      -0.51947346
25           3.21978996       1.84525707      -0.54082000
26           3.20397436       1.86803951      -0.53007761
27           3.16841323       1.91631202      -0.51172706
28           3.15339362       1.96911817      -0.47412563
29           1.34918681       3.41699320      -1.45593839
30           1.33811655       3.46460065      -1.46895564
31           1.32665854       3.49782335      -1.46881616
32           1.31205411       3.53524667      -1.46225846
33           1.31055939       3.57407400      -1.44265950
34           1.32515310       3.61739322      -1.43432363
35           1.31150466       3.66764079      -1.45718057
36           1.27896310       3.69167660      -1.45172609
37           1.26449581       3.70347074      -1.41319792
38           1.25883176       3.74434783      -1.40712367
39           1.24028531       3.79706276      -1.45681693
40           1.22027566       3.83675457      -1.51885142
41           1.24790742       3.84051799      -1.55391925
42           1.29008829       3.80745556      -1.56355978
43           1.29046378       3.76404126      -1.58423995
44           1.26891540       3.72681213      -1.61467797
45           1.28146023       3.70529491      -1.65042990
46           1.32016107       3.69066504      -1.66017381
47           1.33842541       3.70523722      -1.65220173
48           1.31882236       3.74701858      -1.65040839
49           1.28605572       3.79349398      -1.65375742
50           1.27559147       3.81134799      -1.66227664
51           1.28146888       3.79864229      -1.65451287
52           1.28093953       3.78125329      -1.64351645
53           1.29128585       3.76463263      -1.61824264
54           1.34011878       3.74798836      -1.56986017
55           1.39779022       3.73467420      -1.50288869
56           1.41571561       3.75502151      -1.46349173
57           1.38221033       3.81886938      -1.42592845
58           1.33177120       3.90180732      -1.37027393
59           1.28561143       3.94644017      -1.30577654
60           1.25823936       3.95636871      -1.25973715
61           1.24166803       3.94843873      -1.22367766
62           1.22470596       3.94652572      -1.17958488
63           1.18071560       3.96747898      -1.13803020
64           1.09582628       4.02252126      -1.09138545
65           0.99792924       4.09241054      -1.02779235
66           0.90408823       4.15494041      -0.95327337
67           0.82153699       4.20056383      -0.91997652
68           0.78607439       4.25957587      -0.93553311
69           0.79924335       4.32938745      -0.97239692
70           0.84748025       4.39010811      -0.98727442
71           0.89589462       4.42892266      -0.97860739
72           0.92220304       4.44397210      -0.93806958
73           0.93194041       4.44463646      -0.87382621
74           0.92760711       4.43114881      -0.81136905
75           0.91268015       4.42069840      -0.75064161
76           0.90731678       4.42394432      -0.70671466
77           0.90905434       4.43405420      -0.69870092
78           0.91805035       4.44912964      -0.75134362
79           0.93915673       4.46234213      -0.84195507
80           0.98573549       4.47608833      -0.92828968
81           1.02992935       4.47158555      -0.98112469
82           1.02926454       4.43727441      -0.99033690
83           0.97967711       4.40077801      -0.96292636
84           0.91658518       4.37904905      -0.92875447
85           0.87795726       4.36211243      -0.91443510
86           0.87958397       4.35590074      -0.94310688
87           0.92471239       4.36344609      -1.00997803
88           0.97643420       4.38637266      -1.07894558
89           1.01188331       4.44462046      -1.10316755
90           1.04689244       4.53111382      -1.08407154
91           1.09327934       4.62396006      -1.04780599
92           1.10883599       4.71047213      -0.98408699
93           1.06117053       4.81214214      -0.90862832
94           0.98412152       4.91628578      -0.88256304
95           0.94657288       4.98189158      -0.90262498
96           0.96381359       4.97621513      -0.88760803
97           1.00899244       4.92640340      -0.84456977
98           1.06963625       4.88365371      -0.79958292
99           1.11829138       4.87821041      -0.76366676
100          1.10675469       4.91420703      -0.75201494
101          1.06691473       4.94211646      -0.75074073
102          1.02611345       4.96915633      -0.75401151
103          0.99680693       4.99711023      -0.75908106
104          0.98581693       5.01722249      -0.76955663
105          0.96167956       5.02974661      -0.75647334
106          0.90990369       5.01859665      -0.71301041
107          0.89449337       4.96498156      -0.67650656
108          0.91351467       4.88759204      -0.63192805
109          0.92020481       4.83438062      -0.56809963
110          0.90066877       4.80208177      -0.50170144
111          0.88906828       4.76687209      -0.45328061
112          0.91366891       4.71316840      -0.44498530
113          0.94123173       4.65743689      -0.48074936
114          0.92860622       4.63102342      -0.54655325
115          0.88119653       4.63538631      -0.63437590
116          0.82829054       4.63931758      -0.71366620
117          0.79187910       4.61029109      -0.74657743
118          0.76531416       4.54793865      -0.73733528
119          0.72577696       4.47882188      -0.69240291
120          0.70089522       4.42446858      -0.63219658
121          0.70041939       4.38416310      -0.55665518
122          0.69711062       4.35417571      -0.48467635
123          0.65723008       4.32412934      -0.44702891
124          0.58719232       4.29981128      -0.46150960
125          0.50089122       4.26808770      -0.50311186
126          0.46047875       4.25323087      -0.52690394
127          0.45588039       4.25648926      -0.50396555
128          0.46512080       4.26995418      -0.45642393
129          0.46845414       4.29231818      -0.40715692
130          0.43922896       4.30026448      -0.34250734
131          0.37517693       4.29424282      -0.26924138
132          0.27775625       4.26570480      -0.19072998
133          0.19136566       4.19871888      -0.13412350
134          0.12810893       4.12383019      -0.11283645
135          0.10429638       4.05903436      -0.13414151
136          0.08540386       4.00505626      -0.15441782
137          0.07672837       3.94608635      -0.14995242
138          0.10699428       3.88825042      -0.12384755
139          0.14946123       3.86613811      -0.08146653
140          0.16799456       3.88584407      -0.03614658
141          0.15611431       3.92904443       0.01535612
142          0.14417055       3.97854066       0.05791284
143          0.14478646       4.02080177       0.08398572
144          0.17609456       4.04087959       0.06867118
145          0.24592807       4.01537810       0.03991862
146          0.32320863       3.93875592       0.03973257
147          0.36138953       3.84754790       0.08910265
148          0.34514947       3.76909682       0.15591782
149          0.29137682       3.70331250       0.22150061
150          0.22634479       3.63400638       0.27946896
151          0.16691098       3.56059292       0.32675877
152          0.13161928       3.51099927       0.35566650
153          0.13063591       3.47522143       0.35635629
154          0.16282123       3.45890418       0.32135192
155          0.21818280       3.46315621       0.26350142
156          0.28020488       3.49785779       0.25753894
157          0.31560105       3.52816398       0.31123731
158          0.30404452       3.53886431       0.40383213
159          0.25425037       3.53614946       0.47705843
160          0.17231820       3.53937357       0.51257856
161          0.08954923       3.54476151       0.51948834
162          0.04359122       3.54368605       0.54078401
163          0.03376242       3.55028588       0.59000495
164          0.03991525       3.58013779       0.65831143
165          0.02824341       3.63768780       0.69709726
166         -0.00688080       3.68841421       0.69844989
167         -0.05040946       3.70290477       0.70628098
168         -0.10764475       3.69342829       0.72152634
169         -0.18728698       3.69038691       0.73542937
170         -0.28870862       3.67851350       0.72910929
171         -0.39010498       3.65312474       0.71051003
172         -0.46159022       3.63440028       0.66653023
173         -0.48745023       3.65128902       0.62585161
174         -0.48337155       3.67580092       0.58473157
175         -0.45509080       3.67704639       0.55527213
176         -0.44154117       3.67386600       0.56058094
177         -0.47342886       3.68448275       0.60223196
178         -0.53580765       3.70990627       0.65705340
179         -0.60424354       3.74860007       0.69502143
180         -0.66550238       3.79201011       0.70642957
181         -0.71030284       3.83155074       0.67652966
182         -0.71173422       3.86170163       0.62503921
183         -0.70600844       3.87760119       0.58364675
184         -0.71708736       3.86190665       0.58530695
185         -0.76949988       3.81956212       0.61500033
186         -0.81723182       3.81638847       0.65137280
187          0.04118718       6.08055686       0.14050583
188          0.03280989       6.07600579       0.23971941
189          0.02874917       6.11336842       0.34840729
190          0.00619475       6.16896450       0.44752657
191         -0.01980622       6.20854248       0.50553709
192          0.00766562       6.23047077       0.51540846
193          0.08399442       6.24491082       0.50702897
194          0.13837446       6.26560921       0.51240421
195          0.12423434       6.29911555       0.55817250
196          0.07675341       6.32645769       0.61120862
197          0.04066756       6.36242447       0.68691198
198          0.02518822       6.39724128       0.75906799
199          0.00744552       6.43313579       0.82143589
200         -0.00672606       6.45659154       0.85412473
201         -0.00579872       6.45149706       0.89115959
202          0.01864280       6.42009021       0.92535335
203          0.05451441       6.38579850       0.96802654
204          0.06344780       6.36717492       1.02647572
205          0.04904315       6.37291073       1.08545216
206          0.02353743       6.40625898       1.14374537
207         -0.01004768       6.46251152       1.17685155
208         -0.05099404       6.52036445       1.19945249
209         -0.08761516       6.56963036       1.19912182
210         -0.09696006       6.59583676       1.17794894
211         -0.09277358       6.59710981       1.13405596
212         -0.09990106       6.58662809       1.10212356
213         -0.13085075       6.58518277       1.10730204
214         -0.16522883       6.60044786       1.15156828
215         -0.16811312       6.62927553       1.22187623
216         -0.14943155       6.64809053       1.29180569
217         -0.14009336       6.64835364       1.34607031
218         -0.14848019       6.63158183       1.36154372
219         -0.15081268       6.61970608       1.33446494
220         -0.15965612       6.60603425       1.28673715
221         -0.18792030       6.59352206       1.27324189
222         -0.21035397       6.60384338       1.29648485
223         -0.19623982       6.62789905       1.33726783
224         -0.16461518       6.64896235       1.37942746
225         -0.12808651       6.65528645       1.41527350
226         -0.10179916       6.66040308       1.42984414
227         -0.09159071       6.63840525       1.42812356
228         -0.10385107       6.58795019       1.43244106
229         -0.11516733       6.54233796       1.47363398
230         -0.09991232       6.52947847       1.53333842
231         -0.05579278       6.53418493       1.56965575
232         -0.00341436       6.53266462       1.59157011
233          0.04504974       6.51628391       1.64138400
234          0.08154908       6.50336577       1.71466184
235          0.11085295       6.52158901       1.77733601
236          0.12765187       6.55721765       1.79638163
237          0.13461473       6.57133338       1.78979052
238          0.13026136       6.57035092       1.78224783
239          0.10463338       6.55169036       1.81028632
240          0.06330442       6.51666951       1.86991256
241          0.02519279       6.48959982       1.94380635
242          0.02255405       6.49838406       2.00876271
243          0.05610554       6.50601443       2.03787696
244          0.11042516       6.48938934       2.04666989
245          0.16709761       6.48233646       2.04243037
246          0.19065402       6.50402928       2.03149279
247          0.16925187       6.50893297       2.02106874
248          0.13647571       6.46584030       2.02603485
249          0.11753425       6.40684312       2.02872860
250          0.13122617       6.36835746       2.02387652
251          0.16302055       6.35605059       2.00022464
252          0.19285709       6.36326386       1.92306100
253          0.20947742       6.38173162       1.79789849
254          0.21472937       6.40467037       1.66472785
255          0.19965120       6.40909714       1.56058715
256          0.15394723       6.39821684       1.50350796
257          0.10137376       6.39519729       1.49370947
258          0.05309482       6.42945219       1.51852677
259          0.01239985       6.42772314       1.52134316
260         -0.01671292       6.37397608       1.48168606
261         -0.01618600       6.32134145       1.41246481
262          0.00896786       6.26941572       1.33149055
263          0.04192686       6.21906314       1.25630172
264          0.06873024       6.18978681       1.18441010
265          0.11527954       6.18825584       1.11721348
266          0.17087423       6.20118292       1.05728794
267          0.21946088       6.21877029       1.01451397
268          0.26151871       6.22295440       0.99117305
269          0.29753958       6.20117661       0.97087435
270          0.31841427       6.14440529       0.96794509
271          0.32971758       6.07588005       0.97465964
272          0.34565753       6.01188955       0.99057723
273          0.42895641       5.96885742       0.96715546
274          0.55287993       5.94694302       0.91545296
275          0.62493323       5.94557610       0.88486354
276          0.65278332       5.97764078       0.88880108
277          0.67757931       6.02532159       0.90670359
278          0.72691385       6.07744086       0.94643432
279          0.76667394       6.13856187       0.98448523
280          0.78679450       6.18817834       1.00263544
281          0.80413337       6.20712194       0.98635271
282          0.85564982       6.20439835       0.93178332
283          0.91170956       6.19551077       0.87734875
284          0.96098534       6.17652265       0.84290266
285          1.00509683       6.13399502       0.82361026
286          1.01815120       6.06722062       0.82301431
287          1.02792086       5.98013398       0.84343589
288          1.04645618       5.87540232       0.85396323
289          1.09190177       5.77928786       0.85453854
290          1.12445302       5.68737655       0.84801846
291          1.14199069       5.61966285       0.84996253
292          1.13743096       5.56633495       0.84010115
293          1.13424850       5.50747195       0.80719984
294          1.12584945       5.44725627       0.75319466
295          1.13433288       5.40336350       0.69222932
296          1.16879153       5.39032640       0.65682152
297          1.20203368       5.40402573       0.64917376
298          1.22103848       5.39831797       0.63202605
299          1.22575744       5.36457223       0.59682583
300          1.24454883       5.31642938       0.56239690
301          1.27595695       5.28506314       0.56415175
302          1.30844409       5.29277796       0.60047452
303          1.35826207       5.31875432       0.62840942
304          1.44368670       5.32865984       0.62687799
305          1.55774912       5.30742742       0.59603712
306          1.66825049       5.27411312       0.57856845
307          1.73701416       5.21884618       0.58451191
308          1.76819885       5.12038390       0.60168143
309          1.81599150       5.00003017       0.59925326
310          1.89015446       4.90494209       0.58034024
311          1.96377009       4.86278222       0.55880337
312          2.01108735       4.87345314       0.55326560
313          2.04821932       4.90723650       0.54422399
314          2.11252127       4.94193437       0.51435034
315          2.18482044       4.96363151       0.47968421
316          2.21551974       4.96771102       0.46253542
317          2.20695886       4.96435429       0.45554331
318          2.22893671       4.95483639       0.44398402
319          2.29086988       4.93641178       0.42858617
320          2.35114485       4.91754003       0.41715374
321          2.38583757       4.91754439       0.41017657
322          2.40185696       4.94856386       0.39030071
323          2.41790841       5.00639637       0.38617452
324          2.43493850       5.07769424       0.41122788
325          2.46322569       5.12714164       0.47467100
326          2.49357561       5.14666319       0.54222804
327          2.53025995       5.15656022       0.60373243
328          2.57433680       5.16585792       0.64624509
329          2.63982956       5.18424504       0.67262575
330          2.70745620       5.21853602       0.67942095
331          2.75315714       5.26045192       0.67003564
332          2.77137212       5.29607590       0.66481639
333          2.75939375       5.33162581       0.67030192
334          2.74156801       5.36660347       0.68064380
335          2.71602904       5.38884995       0.69541941
336          2.67417814       5.40410152       0.71858710
337          2.61444835       5.40958122       0.74247952
338          2.58214631       5.45155759       0.74773098
339          2.57488623       5.50427027       0.73112890
340          2.58473659       5.54528899       0.72783636
341          2.58664034       5.57773894       0.72555219
342          2.61166784       5.64286474       0.71181677
343          2.63013462       5.69561139       0.68050918
344          2.57771671       5.68869610       0.68132280
345          2.47835166       5.63731733       0.69331315
346          2.40274460       5.63811364       0.67967580
347          2.35447010       5.65815051       0.64646920
348          2.32444756       5.64424888       0.61327431
349          2.31993123       5.63976041       0.59155423
350          2.32854262       5.68067943       0.56354415
351          2.36899497       5.73452908       0.55870498
352          2.40404562       5.75916793       0.56322629
353          2.42405532       5.76746691       0.57365862
354          2.43310346       5.75935870       0.58464432
355          2.39179661       5.81414058       0.59456104
356          2.44768193       3.63972769       1.61197015
357          2.43210600       3.68998663       1.55132566
358          2.43469301       3.74146715       1.48926343
359          2.47431933       3.74323917       1.44773307
360          2.51062200       3.71460941       1.42643471
361          2.49601194       3.67437242       1.39891760
362          2.47176173       3.61726826       1.36462212
363          2.47697168       3.53278913       1.32753394
364          2.50465206       3.45552022       1.27913188
365          2.51420601       3.39921298       1.24228199
366          2.44800920       3.36421874       1.22520416
367          2.38369750       3.34426956       1.22334086
368          2.34133588       3.33643963       1.20396914
369          2.28131066       3.32931078       1.14319029
370          2.21701758       3.31585959       1.04466682
371          2.19267436       3.29574016       0.93842740
372          2.20625313       3.25020435       0.86686398
373          2.22330915       3.18752695       0.84430273
374          2.21376611       3.13481390       0.86698481
375          2.16783322       3.10924431       0.90262530
376          2.11921061       3.12760209       0.90671982
377          2.08455563       3.18965139       0.88988443
378          2.05688913       3.26106416       0.86613195
379          2.05111111       3.31142497       0.84126392
380          2.09286839       3.32081501       0.80668594
381          2.15528091       3.31114255       0.75711363
382          2.19190170       3.29897438       0.70189960
383          2.17712726       3.31764457       0.65781566
384          2.12007982       3.40155514       0.61729878
385          2.03988426       3.52496132       0.59294146
386          1.94141453       3.62953988       0.59380999
387          1.84497178       3.65518335       0.59339812
388          1.77614968       3.63423320       0.60698899
389          1.74436975       3.61497934       0.65143901
390          1.74386361       3.61706800       0.69832241
391          1.75635412       3.59827793       0.72915611
392          1.77290547       3.54607064       0.73553033
393          1.78396051       3.48986434       0.69913839
394          1.77082432       3.49005456       0.63910540
395          1.72309645       3.54934662       0.58992845
396          1.66406463       3.61142814       0.56017044
397          1.59920400       3.63421519       0.52966838
398          1.53428435       3.61016366       0.48694345
399          1.50066879       3.56385809       0.45374728
400          1.51680864       3.51625628       0.44529401
401          1.56988161       3.49023730       0.45138263
402          1.59960786       3.50013449       0.45836490
403          1.55980316       3.53670750       0.44847853
404          1.48879196       3.57247761       0.43959179
405          1.45287998       3.58034362       0.42907394
406          1.44950767       3.56641279       0.40593481
407          1.45400514       3.55030605       0.37475749
408          1.42849632       3.52015414       0.35182234
409          1.39813706       3.48000302       0.35801312
410          1.40092473       3.42695860       0.34152204
411          1.43733555       3.35789166       0.30136184
412          1.48049674       3.30015441       0.25951830
413          1.50700885       3.25359798       0.22649296
414          1.53730340       3.20713732       0.20088950
415          1.57283069       3.15958452       0.15907598
416          1.59494509       3.11985432       0.10348476
417          1.59190953       3.08790411       0.03408319
418          1.58358814       3.06580878      -0.04157056
419          1.58946851       3.06125583      -0.10496869
420          1.62745217       3.04067763      -0.13122849
421          1.65450745       3.01613483      -0.15613478
422          1.65641099       3.00277613      -0.20668550
423          1.62927110       2.99978669      -0.27555290
424          1.59926370       3.00333900      -0.33045613
425          1.59069483       2.98890361      -0.36131052
426          1.56857473       2.96833221      -0.36699398
427          1.55064628       2.94511288      -0.34630735
428          1.57054943       2.89670061      -0.30372723
429          1.56954099       2.87532780      -0.26553172
430          1.53245164       2.84596519      -0.26605199
431          1.47849594       2.82367756      -0.29542601
432          1.42796881       2.82565424      -0.32236424
433          1.40543020       2.85196999      -0.33022950
434          1.40026568       2.90988289      -0.34946529
435          1.40957705       2.95001276      -0.36930813
436          1.41646545       2.97961496      -0.37948559
437          1.42406783       3.02223284      -0.39394703
438          1.41162042       3.07532786      -0.40936762
439          1.39947755       3.10166875      -0.39248808
440          1.38950265       3.10503803      -0.33802837
441          1.34924863       3.08480495      -0.29477252
442          1.30905139       3.08081440      -0.29823412
443          1.27015517       3.09636223      -0.33907044
444          1.24333448       3.10774867      -0.37549654
445          1.20460404       3.08597094      -0.38217692
446          1.15740065       3.06117847      -0.38719375
447          1.14607871       3.03695621      -0.39964222
448          1.16539578       3.01852262      -0.43110592
449          1.18807988       2.99866753      -0.45904981
450          1.20384664       2.97060897      -0.47108040
451          1.16575926       2.95636871      -0.46837221
452          1.09539322       2.91517266      -0.46550799
453          1.05257062       2.86423430      -0.46725621
454          1.04606049       2.82255297      -0.46786957
455          1.07273279       2.79353145      -0.48360965
456          1.12513440       2.76109132      -0.52127764
457          1.18714357       2.74276821      -0.56056746
458          1.23782467       2.68347958      -0.59402338
459          1.26173805       2.57939314      -0.61779347
460          1.27906082       2.47742357      -0.63759043
461          1.31406787       2.37724852      -0.64930836
462          1.34822555       2.31366430      -0.66523785
463          1.38041151       2.28115331      -0.69663856
464          1.40756740       2.22410932      -0.73831319
465          1.40734015       2.14472935      -0.77925212
466          1.40896435       2.07165469      -0.81580255
467          1.45720265       2.02273064      -0.84794125
468          1.52901024       2.01042116      -0.88792641
469          1.57640300       2.01156428      -0.93738883
470          1.60610594       2.00443158      -0.98644595
471          1.62974206       1.96132382      -0.99766404
472          1.65647744       1.90471090      -0.98015544
473          1.67084089       1.86870601      -0.96658964
474          1.66268718       1.84790057      -0.96358565
475          1.65778182       1.82569616      -0.98393131
476          1.64472355       1.80808839      -1.03141503
477          1.63407387       1.80545936      -1.09901216
478          1.65243058       1.82468851      -1.14946765
479          1.70708339       1.83045522      -1.15061072
480          1.76892305       1.81259093      -1.10067110
481          1.80845796       1.79296126      -1.05449228
482          1.83352211       1.77678358      -1.04691239
483          1.84870026       1.76123440      -1.08006880
484          1.87501437       1.74109552      -1.12347197
485          1.92416291       1.71875357      -1.17651023
486          1.98274572       1.69062133      -1.21681298
487          2.05135652       1.67085471      -1.23954493
488          2.11501275       1.65946459      -1.24165623
489          2.16786651       1.63051831      -1.22221448
490          2.21186440       1.58663323      -1.20293567
491          2.23052360       1.55963739      -1.21244265
492          2.22920621       1.55509838      -1.24881628
493          2.20248640       1.55334853      -1.30001312
494          2.15298666       1.53264206      -1.37521503
495          2.10606286       1.51163591      -1.42094110
496          2.08093823       1.52737167      -1.38471782
497          2.07817913       1.56129151      -1.28691885
498          2.08763629       1.57153584      -1.19989861
499          2.07461228       1.55249795      -1.14345680
500          2.03610525       1.51806156      -1.16175028
501          1.99311579       1.49779872      -1.20071009
502          1.95799689       1.47037777      -1.20747727
503          1.94016247       1.42364660      -1.23621469
504          1.91109252       1.35830779      -1.31646131
505          1.86382399       1.31518740      -1.41071409
506          1.82212880       1.32420499      -1.46224081
507          1.77271682       1.36080029      -1.50378367
508          1.72530398       1.39401457      -1.53452384
509          1.68905166       1.41135434      -1.53382540
510          1.65482681       1.42390520      -1.50604748
511          1.60457918       1.41549992      -1.49585554
512          1.57389156       1.34729239      -1.51526573
513          1.56162064       1.24519947      -1.51976319
514          1.54449865       1.14794387      -1.51175000
515          1.53016724       1.09290118      -1.51081729
516          1.53573853       1.10552110      -1.48025518
517          1.53496935       1.18354329      -1.44801232
518          1.51517563       1.28023394      -1.45442614
519          1.49309616       1.35520565      -1.46569462
520          1.46576198       1.39459522      -1.47458874
521          1.42652137       1.43697101      -1.47223057
522          1.38696591       1.46836388      -1.44993497
523          1.37519352       1.48095328      -1.40024938
524          1.38757835       1.48506828      -1.34682712
525          1.42914002       1.49020766      -1.30403182
526          1.49966452       1.50814220      -1.28410478
527          1.59244244       1.53883368      -1.27226272
528          1.67704167       1.56153275      -1.29214289
529          1.73425157       1.54240120      -1.32688949
530          1.76715310       1.51259743      -1.37163890
531          1.77500455       1.50842931      -1.42002602
532          1.76019707       1.55117639      -1.45919269
533          1.70798242       1.61589718      -1.48798342
534          1.64766596       1.68669139      -1.50090624
535          1.59346625       1.76090740      -1.49749499
536          1.53599428       1.84299980      -1.48462370
537          1.47602509       1.91659442      -1.46927831
538          1.43509460       1.94141160      -1.47357420
539          1.41989501       1.93548294      -1.48369678
540          1.42138965       1.92532836      -1.48487785
541          1.41663869       1.91330089      -1.46689167
542          1.40025256       1.88756820      -1.44560327
543          1.38194281       1.87666855      -1.42611377
544          1.36612016       1.94165825      -1.38317112
545          1.34195978       2.03993215      -1.32878181
546          1.30476663       2.12106949      -1.31603982
547          1.26563808       2.16850673      -1.35765297
548          1.22846223       2.20750336      -1.38630741
549          1.19452747       2.22538112      -1.36426105
550          1.14526904       2.20931105      -1.29965681
551          1.10162916       2.17097942      -1.21668785
552          1.08878193       2.11404303      -1.12692825
553          1.10930227       2.06455903      -1.06048156
554          1.14981376       2.04292124      -1.03701984
555          1.21092504       2.04417512      -1.06615888
556          1.28127329       2.03201489      -1.11497839
557          1.32304931       1.98478550      -1.12719158
558          1.32073296       1.92269367      -1.10801714
559          1.29503193       1.90410504      -1.07948871
560          1.26659169       1.94403075      -1.04339212
561          1.25436760       2.00510599      -1.00714153
562          1.25181047       2.05152290      -0.99551621
563          1.25459439       2.07925396      -1.01111590
564          1.26005435       2.09364687      -1.04834851
565          1.23754332       2.09297917      -1.06897047
566          1.19860805       2.07458493      -1.06128015
567          1.13040963       2.06044796      -1.06136389
568          1.02493817       2.05997822      -1.10843442
569          0.90190236       2.06128113      -1.18526418
570          0.79671806       2.04862117      -1.26547904
571          0.71933157       2.04666995      -1.31818460
572          0.65874889       2.07950797      -1.34383801
573          0.61344591       2.12490976      -1.37265242
574          0.57631026       2.15455545      -1.41361493
575          0.54541561       2.15989838      -1.45990293
576          0.52798964       2.14707184      -1.49586978
577          0.52603332       2.12312582      -1.51285470
578          0.52444141       2.10254760      -1.52442326
579          0.52141297       2.09544337      -1.56327822
580          0.52408679       2.11269391      -1.61167534
581          0.52661747       2.15680548      -1.63910730
582          0.52556486       2.21596416      -1.64479706
583          0.52707424       2.25641036      -1.66246459
584          0.52544838       2.28049074      -1.65779248
585          0.53196826       2.27501236      -1.62697704
586          0.55263026       2.23357220      -1.62192029
587          0.57729596       2.18375128      -1.66102826
588          0.60656861       2.15502435      -1.69565065
589          0.63570550       2.17926117      -1.67956287
590          0.66375231       2.23855334      -1.61921382
591          0.68630256       2.29218529      -1.54478313
592          0.70419089       2.31922013      -1.48665941
593          0.71824018       2.34388239      -1.45254546
594          0.74355957       2.38502696      -1.44332963
595          0.77401137       2.44304872      -1.42924510
596          0.79476842       2.48589928      -1.40672410
597          0.80650012       2.49898351      -1.38491715
598          0.79129336       2.50817371      -1.36492307
599          0.75752371       2.55912384      -1.32117995
600          0.70780022       2.66993529      -1.26668422
601          0.65930904       2.79834712      -1.22317243
602          0.63227907       2.90082567      -1.21653647
603          0.62164553       2.97964281      -1.25311223
604          0.60818560       3.02380855      -1.28114720
605          0.57142911       3.06734870      -1.28073254
606          0.52686664       3.12008073      -1.23992715
607          0.46770109       3.17783659      -1.18911519
608          0.41479733       3.20562422      -1.16716287
609          0.35297166       3.23886924      -1.18644977
610          0.28784639       3.28742264      -1.20764847
611          0.25307510       3.32469342      -1.20940703
612          0.22341942       3.35645008      -1.20535521
613          0.19331212       3.37512785      -1.18550192
614          0.15167111       3.37800784      -1.15405993
615          0.09474082       3.38699703      -1.10969211
616          0.02578213       3.41782972      -1.08042326
617         -0.02209039       3.45748293      -1.10449029
618         -0.04095938       3.46971705      -1.15596595
619         -0.04823528       3.45187632      -1.16176568
620         -0.05531474       3.44104894      -1.15317013
621         -0.05638079       3.45417131      -1.16131261
622         -0.04599012       3.47574418      -1.15360453
623         -0.05185198       3.50205952      -1.11904329
624         -0.07389799       3.50950014      -1.05478364
625         -0.09659603       3.47207564      -1.00625376
626         -0.10497236       3.40867422      -0.98424431
627         -0.10840700       3.37116849      -0.98598976
628         -0.11830149       3.36356929      -0.98920496
629         -0.10750539       3.36921141      -0.98730863
630         -0.07690741       3.37546569      -0.97203183
631         -0.05252272       3.37753434      -0.93777424
632         -0.05572022       3.37261213      -0.88724051
633         -0.07684559       3.36065173      -0.84869741
634         -0.10738275       3.32186870      -0.85061125
635         -0.13838984       3.27183874      -0.88233584
636         -0.17089309       3.21814807      -0.91155483
637         -0.19842560       3.17760412      -0.92104636
638         -0.21810435       3.16304328      -0.91506325
639         -0.23813927       3.16466382      -0.89484024
640         -0.24546309       3.18130594      -0.88126213
641         -0.23614137       3.19540532      -0.88452260
642         -0.19947272       3.18790725      -0.92208885
643         -0.13223478       3.14244346      -0.98773825
644         -0.02698957       3.06840467      -1.04490175
645          0.06331904       3.03718534      -1.06006120
646          0.11879785       3.06202639      -1.02221471
647          0.14532842       3.12058707      -0.95542955
648          0.15639090       3.18332602      -0.91579154
649          0.17706579       3.23113561      -0.95118518
650          0.20634376       3.22217679      -1.04724265
651          0.23811951       3.15385813      -1.16565846
652          0.27050509       3.09887840      -1.25556157
653          0.30330236       3.08556696      -1.29638845
654          0.33088648       3.11648622      -1.29145128
655          0.34491040       3.19068316      -1.26878670
656          0.34829374       3.29225385      -1.22509464
657          0.34618830       3.35594733      -1.17791674
658          0.34487007       3.37870560      -1.15649191
659          0.34777047       3.36937636      -1.18677778
660          0.36438473       3.33175334      -1.27184625
661          0.37291831       3.28567813      -1.38203548
662          0.34308308       3.25205463      -1.46312845
663          0.27952673       3.25486913      -1.49611196
664          0.20589902       3.30721183      -1.48072653
665          0.14735355       3.36927494      -1.43148311
666          0.12221019       3.38510872      -1.41267118
667          0.12444720       3.34466988      -1.44173005
668          0.13583623       3.29588300      -1.49370320
669          0.12985592       3.28001704      -1.54795376
670          0.10203804       3.27263537      -1.58870317
671          0.07661040       3.25318648      -1.60203018
672          0.06549070       3.21766597      -1.58355324
673          0.08656454       3.18097018      -1.52414637
674          0.12310948       3.14025070      -1.46146343
675          0.14108240       3.12652091      -1.42563846
676          0.11526771       3.13852155      -1.44783876
677          0.04918074       3.14707861      -1.50644088
678         -0.02569504       3.14924268      -1.54921112
679         -0.05705180       3.12911920      -1.54354756
680         -0.01935142       3.07754642      -1.49123666
681          0.04762197       3.04457700      -1.43499097
682          0.07991023       3.07032914      -1.40184132
683          0.06183999       3.12629958      -1.38561055
684          0.03622020       3.21021246      -1.37716454
685          0.00811711       3.30737749      -1.38245563
686         -0.01832967       3.36953975      -1.41749868
687         -0.03897730       3.39625002      -1.45515160
688         -0.02537262       3.41080494      -1.44800945
689          0.01068810       3.44230162      -1.39725041
690          0.05927188       3.47870608      -1.34668937
691          0.09586598       3.50771201      -1.33294614
692          0.12967052       3.55241970      -1.37014934
693          0.16276499       3.63661672      -1.43034036
694          0.17656776       3.72127792      -1.47069016
695          0.17005441       3.74581672      -1.48264321
696          0.18694268       3.71713663      -1.46133617
697          0.22067184       3.69704367      -1.43350626
698          0.23383015       3.71312250      -1.43373047
699          0.23240407       3.73290054      -1.45930615
700          0.24616425       3.76038116      -1.46234392
701          0.28765604       3.82908889      -1.40297777
702          0.33417075       3.93134091      -1.32147506
703          0.39409901       4.01684858      -1.25830451
704          0.44923533       4.04480507      -1.22914496
705          0.49449239       4.02743231      -1.25185898
706          0.51192704       4.01394258      -1.31067488
707          0.48352424       4.02250149      -1.39035422
708          0.42676190       4.02092564      -1.43671927
709          0.36051478       3.97845203      -1.45392209
710          0.32809908       3.92585945      -1.45382413
711          0.33427434       3.89177633      -1.45027379
712          0.33887385       3.86909067      -1.45065646
713          0.32685833       3.86155748      -1.45668771
714          0.31890156       3.86261143      -1.46437827
715          0.32991853       3.87296190      -1.45892080
716          0.36414710       3.88372170      -1.45490059
717          0.40205064       3.88605901      -1.47971403
718          0.41018927       3.89309685      -1.53051005
719          0.39745708       3.89680546      -1.55279714
720          0.37177842       3.89703271      -1.52952212
721          0.33928651       3.89274331      -1.48828512
722          0.29079900       3.87099443      -1.46663031
723          0.24028595       3.84911173      -1.45277518
724          0.21435736       3.85084140      -1.42592203
725          0.21649573       3.88177020      -1.39209034
726          0.23827748       3.91561052      -1.35415249
727          0.25421456       3.93970825      -1.33091362
728          0.29307382       3.97764014      -1.34637324
729          0.32845717       4.03740854      -1.37049893
730          0.30515885       4.11679994      -1.36243633
731          0.25180996       4.18355757      -1.32495929
732          0.21139850       4.21439633      -1.29002913
733          0.18958656       4.23219935      -1.24940385
734          0.19356364       4.27340522      -1.15884884
735          0.19988416       4.32795312      -1.03462820
736          0.19050899       4.36613752      -0.92146765
737          0.15231306       4.38508263      -0.86643880
738          0.08250316       4.42183848      -0.85895015
739          0.02081225       4.50318276      -0.87266655
740         -0.02273200       4.61919631      -0.87045725
741         -0.02963797       4.73306120      -0.83220679
742         -0.01340139       4.82075730      -0.76611243
743          0.00423149       4.87501841      -0.69581877
744          0.02556622       4.90652005      -0.66102114
745          0.04734603       4.93784867      -0.65308240
746          0.04496656       4.97890700      -0.64652648
747         -0.00721249       5.01938792      -0.66184298
748         -0.07955505       5.04031383      -0.70755269
749         -0.12219635       5.03866437      -0.71499063
750         -0.15552402       5.03898991      -0.67683622
751         -0.19306866       5.04648780      -0.63113028
752         -0.20970969       5.07068917      -0.59952932
753         -0.19725918       5.11104172      -0.59780635
754         -0.19480291       5.16893305      -0.61266826
755         -0.18592408       5.24007317      -0.62672383
756         -0.15902995       5.31255701      -0.60920056
757         -0.13380821       5.36657569      -0.59360340
758         -0.15145271       5.40740169      -0.59680212
759         -0.20284307       5.46644969      -0.58511821
760         -0.25464535       5.53900890      -0.56431448
761         -0.29288940       5.60416433      -0.55624914
762         -0.29723801       5.62596101      -0.55242619
763         -0.30158028       5.64618559      -0.55720413
764         -0.31645848       5.67431263      -0.56873739
765         -0.33758697       5.67509866      -0.56823749
766         -0.35343252       5.66752989      -0.56904099
767         -0.36550890       5.67900986      -0.53811759
768         -0.34128769       5.66698875      -0.49217285
769         -0.32601116       5.60103752      -0.48558932
770         -0.32541538       5.52218280      -0.50483516
771         -0.36049280       5.48507657      -0.51813803
772         -0.42044864       5.50660361      -0.51704836
773         -0.49725159       5.54902648      -0.50669540
774         -0.58035464       5.56260526      -0.49214561
775         -0.63839731       5.55827216      -0.46334260
776         -0.65847009       5.53308913      -0.43460924
777         -0.64317088       5.49521985      -0.40933584
778         -0.62387205       5.44674924      -0.40994304
779         -0.58543902       5.38662425      -0.42343360
780         -0.53901458       5.32122029      -0.43650779
781         -0.51412546       5.26401901      -0.44731997
782         -0.52407606       5.24094217      -0.44122472
783         -0.55428146       5.26054872      -0.42183980
784         -0.57536053       5.29497200      -0.39444652
785         -0.57648127       5.31288241      -0.34702435
786         -0.53910524       5.33051759      -0.26162894
787         -0.47559318       5.34519949      -0.17569739
788         -0.41723350       5.35663189      -0.09962774
789         -0.37817793       5.36568600      -0.05629116
790         -0.33996878       5.38427807      -0.04117257
791         -0.30572354       5.41882670      -0.02891230
792         -0.27240151       5.45835022      -0.01878771
793         -0.22849594       5.48735734      -0.03753639
794         -0.19216266       5.48693175      -0.07013111
795         -0.13984464       5.46911202      -0.10738900
796         -0.05982089       5.44211816      -0.16835845
797          0.02353026       5.40969176      -0.23558161
798          0.09984503       5.38649787      -0.26956645
799          0.15900330       5.39219118      -0.25199403
800          0.17934854       5.41810993      -0.21896020
801          0.16469899       5.45483657      -0.18466614
802          0.15048003       5.47455135      -0.16157959
803          0.15219613       5.46580119      -0.15063161
804          0.15365944       5.44198831      -0.16779426
805          0.16005011       5.39808845      -0.19935730
806          0.16316122       5.33622599      -0.20832194
807          0.16012795       5.26163011      -0.19454074
808          0.14260151       5.19660406      -0.14670640
809          0.09828053       5.15053186      -0.10982682
810          0.03201835       5.09746469      -0.11749744
811         -0.02628520       5.02054638      -0.11797996
812         -0.07078437       4.92611868      -0.12416674
813         -0.10078662       4.83688859      -0.07638351
814         -0.12618165       4.74350353      -0.03217076
815         -0.13382559       4.66613717      -0.01461492
816         -0.11994605       4.56918406      -0.00590632
817         -0.11760070       4.46159133       0.02214334
818         -0.14357339       4.34189714       0.08276181
819         -0.16832500       4.22513769       0.12216111
820         -0.16883336       4.13418733       0.15320499
821         -0.12482266       4.09189742       0.17218460
822         -0.07135442       4.09485169       0.20219201
823         -0.03515832       4.07998126       0.16851922
824         -0.02304463       4.06877525       0.08883389
825         -0.01725374       4.06436371       0.02384627
826          0.00799188       4.06713026      -0.01937349
827          0.04199994       4.05567282      -0.04531487
828          0.07083448       4.01941216      -0.05962025
829          0.08829450       3.96418408      -0.09252996
830          0.10453834       3.88721197      -0.12032208
831          0.12541445       3.79787607      -0.11835737
832          0.13724799       3.72167246      -0.09659779
833          0.10740590       3.65589974      -0.07649192
834          0.02591739       3.59365873      -0.06374756
835         -0.05477396       3.54397938      -0.03995128
836         -0.08870858       3.50692444       0.00083962
837         -0.08214096       3.45185355       0.06785026
838         -0.04190632       3.38845468       0.13240101
839          0.02071282       3.34302999       0.19296610
840          0.07362244       3.30052687       0.25126347
841          0.10992162       3.24573792       0.31019871
842          0.14279638       3.16110943       0.34513227
843          0.16805105       3.07802223       0.34723215
844          0.16973093       2.99969658       0.32590811
845          0.14434116       2.94326446       0.32322651
846          0.12807694       2.88703776       0.33123431
847          0.15322899       2.83128580       0.34215008
848          0.21555262       2.80512997       0.35928915
849          0.29607700       2.80570718       0.38338353
850          0.35427977       2.83061658       0.42000515
851          0.39172270       2.86178298       0.45434057
852          0.43356229       2.89322610       0.47060552
853          0.48095511       2.93243030       0.46467056
854          0.52069748       2.94369741       0.44985374
855          0.55587606       2.88702600       0.41805960
856          0.59045054       2.80182579       0.36051714
857          0.66085276       2.73305075       0.28514739
858          0.72712039       2.71324824       0.22184352
859          0.76280343       2.73804403       0.18915331
860          0.77679041       2.78532804       0.17143896
861          0.78419155       2.85947730       0.16088957
862          0.76258100       2.90487712       0.14737841
863          0.73433223       2.89864410       0.12002641
864          0.73865607       2.87248421       0.08617612
865          0.75555281       2.86949370       0.05495941
866          0.78487127       2.90397553       0.02523847
867          0.82595814       2.94277675      -0.02518981
868          0.86415498       2.96941167      -0.09594797
869          0.88084624       2.99749375      -0.15678225
870          0.87689152       3.04373870      -0.19666314
871          0.86774308       3.09783497      -0.22958443
872          0.85448526       3.13237125      -0.26569621
873          0.83364929       3.13170244      -0.31375667
874          0.80686630       3.10742821      -0.37466035
875          0.81720824       3.09870693      -0.42115019
876          0.86442313       3.12575112      -0.43481685
877          0.92227471       3.15724244      -0.41537696
878          0.97368841       3.16590740      -0.39378290
879          1.03092140       3.12965733      -0.39338169
880          1.10013925       3.06415843      -0.41205983
881          1.13889556       3.00610253      -0.43351508
882          1.13009991       2.98416056      -0.42583895
883          1.10585981       2.97344352      -0.38878796
884          1.08216504       2.93828160      -0.34068125
885          1.06881866       2.86844310      -0.28535638
886          1.09876681       2.80916262      -0.22463923
887          1.16655434       2.76975157      -0.16692549
888          1.21814086       2.72079218      -0.13443238
889          1.22209468       2.65604622      -0.15349329
890          1.20199974       2.60310698      -0.18674706
891          1.20588627       2.58636310      -0.20106610
892          1.24196652       2.58075484      -0.18551088
893          1.25364259       2.54524966      -0.15286135
894          1.25734207       2.49382673      -0.10764366
895          1.29377171       2.47793762      -0.05063628
896          1.34776437       2.48876621       0.01132881
897          1.36365872       2.47925616       0.06062274
898          1.34551001       2.44680739       0.08366458
899          1.32019758       2.40813094       0.07952437
900          1.32346112       2.37320127       0.06664775
901          1.37568676       2.35097438       0.08028891
902          1.44412054       2.32381109       0.10691544
903          1.52032921       2.29844900       0.11224264
904          1.60596792       2.27552412       0.10966809
905          1.68632302       2.26356723       0.12378946
906          1.75724858       2.24985781       0.13376045
907          1.80773351       2.22623678       0.14099333
908          1.82235244       2.20896697       0.15547367
909          1.81302706       2.20344545       0.16743142
910          1.78285101       2.19853831       0.17916396
911          1.75435255       2.17833259       0.17061169
912          1.72436153       2.13864905       0.12050059
913          1.68741117       2.09541534       0.04730489
914          1.65717941       2.07153516       0.00637878
915          1.64406864       2.06259932      -0.00735257
916          1.67220276       2.07505954      -0.00806797
917          1.72450034       2.08330002       0.00765132
918          1.77498784       2.09476591       0.03887729
919          1.78788805       2.10136278       0.07116596
920          1.77079335       2.11888344       0.10654379
921          1.74254050       2.13579149       0.12558500
922          1.71437543       2.13983289       0.10907694
923          1.68648486       2.13802517       0.06990795
924          1.67430789       2.13714171       0.02501012
925          1.68169486       2.15285732      -0.02094097
926          1.69037868       2.19314528      -0.06876081
927          1.68548155       2.24717923      -0.08500415
928          1.68357438       2.28671631      -0.06018923
929          1.67295667       2.31574569       0.00475170
930          1.63538750       2.33072901       0.06743221
931          1.61072442       2.33611858       0.10848994
932          1.58237043       2.34627629       0.10855795
933          1.55742682       2.39716608       0.06258415
934          1.56423521       2.45279546      -0.01308046
935          1.62243810       2.48862625      -0.10240314
936          1.69774975       2.51062975      -0.18405897
937          1.74099014       2.51523954      -0.23153399
938          1.74968069       2.51772825      -0.23585865
939          1.74011559       2.54053867      -0.19470011
940          1.73009310       2.59799517      -0.13767142
941          1.75584484       2.65294675      -0.12253609
942          1.83046592       2.71435549      -0.16169386
943          1.91214010       2.79193607      -0.22191623
944          1.97000285       2.88630624      -0.26372529
945          2.02572674       2.99634337      -0.29943546
946          2.07447510       3.08421590      -0.36317947
947          2.07218725       3.09956024      -0.46610569
948          2.02510857       3.03202497      -0.56779972
949          1.98021480       2.94292335      -0.63909482
950          1.98071423       2.86619599      -0.64609982
951          2.00354290       2.82014412      -0.60891212
952          2.01169751       2.80063584      -0.55297825
953          1.99044610       2.78303320      -0.51716585
954          1.97038912       2.76354609      -0.51002427
955          1.98075432       2.74919812      -0.49998504
956          2.01772778       2.72281397      -0.49964337
957          2.06989816       2.66812192      -0.55482442
958          2.12575112       2.61710506      -0.67362131
959          2.17533095       2.59776833      -0.77507845
960          2.22125926       2.61324919      -0.81164341
961          2.24281465       2.62229353      -0.79640967
962          2.24524753       2.60534920      -0.76974133
963          2.24125447       2.56462017      -0.75359216
964          2.25889588       2.52574176      -0.76063765
965          2.29131806       2.51056564      -0.79405493
966          2.31942553       2.50514731      -0.86650950
967          2.31885911       2.50391330      -0.94797039
968          2.29373457       2.50764860      -1.00990053
969          2.28484418       2.52756900      -1.02455605
970          2.31101616       2.55079273      -1.00566870
971          2.36708706       2.55786313      -0.99071850
972          2.43207553       2.54816464      -1.00941183
973          2.49106249       2.50337059      -1.05499464
974          2.52642453       2.42741443      -1.08647650
975          2.51537979       2.35666817      -1.08060055
976          2.45913439       2.31559340      -1.03248480
977          2.39380001       2.27720188      -0.96198682
978          2.35758988       2.22625937      -0.90521902
979          2.34522609       2.15744445      -0.88118534
980          2.37500745       2.08260821      -0.87202277
981          2.44554201       2.01146995      -0.88383606
982          2.51317623       1.94196432      -0.88299921
983          2.51943018       1.89445499      -0.83558743
984          2.49118853       1.86981434      -0.75700068
985          2.47510183       1.85280370      -0.69007768
986          2.46843370       1.83299736      -0.65778396
987          2.46062026       1.79661795      -0.65007203
988          2.46807620       1.74573306      -0.66146396
989          2.52177483       1.69899749      -0.68388029
990          2.57040560       1.66870797      -0.69167203
991          2.59138600       1.65695385      -0.66350421
992          2.59241240       1.64964394      -0.61590879
993          2.60636847       1.61467551      -0.58237862
994          2.63221472       1.56682589      -0.56150102
995          2.65222905       1.50720309      -0.53416694
996          2.65528096       1.43684586      -0.51487049
997          2.65529540       1.38058803      -0.52263134
998          2.64770509       1.36290822      -0.54828575
999          2.65102089       1.38768365      -0.56251139
1000         2.70625979       1.44066081      -0.56174688
