1            0.00000000       0.00000000       0.00000000       0.00000000
2            0.00212111       0.00091119       0.00022249       0.00098742
3            0.01204533       0.00180874       0.00001740       0.01021919
4            0.04086857       0.00175401       0.00229360       0.03682095
5            0.08478224       0.00303423       0.01205635       0.06969166
6            0.12929014       0.00802027       0.03114976       0.09012011
7            0.16860543       0.01453366       0.05417469       0.09989708
8            0.18065574       0.01882640       0.06697331       0.09485604
9            0.16197893       0.01627348       0.06815469       0.07755075
10           0.11663061       0.00901872       0.06459072       0.04302117
11           0.08302983       0.00329312       0.06667065       0.01306606
12           0.08634816       0.00022630       0.08264150       0.00348037
13           0.12367905       0.00138569       0.11606102       0.00623234
14           0.16992681       0.00544469       0.14325507       0.02122706
15           0.18528498       0.00310136       0.13730669       0.04487694
16           0.15945759       0.00003440       0.10739472       0.05202848
17           0.13299973       0.00357082       0.08687431       0.04255460
18           0.10710441       0.00261683       0.08213304       0.02235454
19           0.11622489       0.00086449       0.10973912       0.00562128
20           0.18359639       0.01377993       0.16949020       0.00032627
21           0.26431589       0.01811318       0.24597998       0.00022273
22           0.33775147       0.00601685       0.32912456       0.00261006
23           0.40072489       0.00010826       0.38990989       0.01070674
24           0.41144400       0.00045538       0.39646461       0.01452401
25           0.38169473       0.00132497       0.36754503       0.01282473
26           0.34852796       0.00513767       0.32982315       0.01356714
27           0.36526895       0.01218865       0.32928213       0.02379817
28           0.42216325       0.01235202       0.36595565       0.04385559
29           0.48972548       0.00797066       0.40852859       0.07322623
30           0.52948015       0.00954995       0.42427369       0.09565651
31           0.58217831       0.01661729       0.43118436       0.13437666
32           0.65039841       0.02329830       0.42739119       0.19970891
33           0.70943024       0.02741336       0.40716556       0.27485132
34           0.72067069       0.02221106       0.38364929       0.31481035
35           0.70820666       0.01444877       0.34373912       0.35001877
36           0.71004427       0.01079410       0.32375080       0.37549937
37           0.77689371       0.01276701       0.37620037       0.38792633
38           0.87350156       0.01591952       0.50209272       0.35548932
39           0.97719588       0.01773267       0.66077355       0.29868965
40           1.05036383       0.01813806       0.78712345       0.24510233
41           1.09794040       0.01740948       0.84283022       0.23770070
42           1.12969161       0.01728682       0.84817789       0.26422690
43           1.16697975       0.02250523       0.85501871       0.28945580
44           1.16036875       0.03218047       0.84628092       0.28190736
45           1.12336787       0.04891109       0.82745324       0.24700353
46           1.12379262       0.08071253       0.84196680       0.20111329
47           1.19518104       0.11584973       0.90504201       0.17428930
48           1.21928300       0.13998063       0.91285508       0.16644728
49           1.16187048       0.14879498       0.84416854       0.16890696
50           1.06835614       0.14178261       0.77266046       0.15391307
51           1.00837214       0.13080219       0.74871626       0.12885369
52           1.03870532       0.13991596       0.78071561       0.11807374
53           1.15268428       0.14996449       0.87014160       0.13257818
54           1.23383394       0.14317782       0.94097052       0.14968560
55           1.17954421       0.12167989       0.92354122       0.13432310
56           1.03378441       0.12037508       0.82334525       0.09006408
57           0.93653642       0.15703955       0.72032992       0.05916696
58           0.93014072       0.20904054       0.66856644       0.05253374
59           0.93847858       0.21483869       0.65546115       0.06817874
60           0.92097627       0.17223181       0.64913001       0.09961445
61           0.90657935       0.13088533       0.64259783       0.13309619
62           0.88753659       0.11219142       0.62137107       0.15397410
63           0.86288057       0.11620328       0.58034308       0.16633421
64           0.81179537       0.12745216       0.53023197       0.15411124
65           0.73978065       0.12722345       0.48937931       0.12317788
66           0.67628476       0.11487163       0.47243885       0.08897429
67           0.66367081       0.10820585       0.48982983       0.06563513
68           0.71261024       0.12114228       0.53273903       0.05872892
69           0.79851097       0.14881653       0.58731110       0.06238334
70           0.87878508       0.16847104       0.65883981       0.05147423
71           0.88767744       0.16316040       0.69649001       0.02802703
72           0.80714400       0.14976614       0.64214078       0.01523708
73           0.74197142       0.14832744       0.57208434       0.02155964
74           0.78458637       0.15393231       0.58003130       0.05062276
75           0.93332515       0.15594231       0.68165738       0.09572546
76           1.13895635       0.15691208       0.83315895       0.14888532
77           1.30840579       0.17033340       0.92890651       0.20916589
78           1.32094553       0.18385522       0.86843826       0.26865205
79           1.21782976       0.17943661       0.71979846       0.31859469
80           1.10487268       0.14804948       0.60877979       0.34804340
81           1.00346347       0.11100613       0.56996056       0.32249679
82           0.91579932       0.09065220       0.57417932       0.25096780
83           0.88718194       0.10430659       0.59238216       0.19049319
84           0.88484363       0.14933453       0.59358652       0.14192258
85           0.90207615       0.18158407       0.61192342       0.10856867
86           0.93107320       0.18575010       0.65901341       0.08630969
87           0.93299819       0.16146560       0.69952819       0.07200440
88           0.90975183       0.12283868       0.71486472       0.07204844
89           0.90119846       0.09328815       0.72187931       0.08603100
90           0.92003412       0.07835964       0.74616811       0.09550637
91           0.95860137       0.07504936       0.78872333       0.09482868
92           0.98652938       0.08020509       0.81223233       0.09409196
93           0.99741124       0.09250267       0.81490560       0.09000298
94           1.04890417       0.09916615       0.86345537       0.08628265
95           1.18418136       0.10416319       0.99350143       0.08651675
96           1.31346997       0.12135873       1.10630653       0.08580472
97           1.32220414       0.12437667       1.12007964       0.07774783
98           1.23421051       0.09790914       1.07260483       0.06369654
99           1.12594041       0.06420322       1.01040440       0.05133279
100          1.03496023       0.05045454       0.94099033       0.04351536
101          0.97150072       0.05564859       0.87917920       0.03667294
102          0.96734736       0.06183175       0.87146327       0.03405235
103          0.99469835       0.05620427       0.89943050       0.03906358
104          1.02436744       0.05709810       0.90567229       0.06159706
105          1.02897996       0.06481940       0.87360375       0.09055681
106          1.02756741       0.06073818       0.87213974       0.09468949
107          1.00927797       0.03840174       0.90752998       0.06334625
108          1.01557378       0.02921139       0.95118643       0.03517596
109          1.06046756       0.04454123       0.99511520       0.02081112
110          1.12543372       0.07756320       1.02841138       0.01945913
111          1.18040881       0.10064165       1.05094411       0.02882305
112          1.21358489       0.11173300       1.04758015       0.05427174
113          1.29839292       0.14874315       1.04623538       0.10341440
114          1.46622688       0.21903545       1.06773896       0.17945247
115          1.61898219       0.27823884       1.09909046       0.24165289
116          1.64433997       0.28202060       1.11943146       0.24288790
117          1.60616036       0.26062916       1.12596035       0.21957085
118          1.55875631       0.24442739       1.08103523       0.23329369
119          1.48399998       0.22640789       0.98940873       0.26818336
120          1.37769008       0.20381808       0.87892003       0.29495196
121          1.26197434       0.19523995       0.77788953       0.28884486
122          1.17260286       0.22020753       0.69504272       0.25735261
123          1.14457511       0.27300733       0.65273067       0.21883711
124          1.13059548       0.29439109       0.63856888       0.19763551
125          1.12079982       0.28744058       0.64676151       0.18659774
126          1.11626636       0.29945352       0.63520087       0.18161197
127          1.10345756       0.34024210       0.59715046       0.16606500
128          1.07609076       0.38972012       0.54384160       0.14252903
129          1.08922244       0.42457885       0.54004529       0.12459830
130          1.17202854       0.46968835       0.57510347       0.12723671
131          1.35249560       0.56176269       0.64093208       0.14980082
132          1.56930930       0.68878379       0.71418997       0.16633555
133          1.72525577       0.76998996       0.80344044       0.15182537
134          1.80884041       0.79483801       0.88808323       0.12591918
135          1.88263598       0.80538572       0.97813963       0.09911063
136          1.98320364       0.85321295       1.05773641       0.07225428
137          2.00608848       0.89851140       1.06707119       0.04050590
138          1.96662493       0.92727784       1.01931292       0.02003416
139          1.99873404       0.98543481       0.99926492       0.01403431
140          2.09516935       1.03698524       1.03948905       0.01869507
141          2.17812479       1.04845777       1.09942082       0.03024620
142          2.21287466       1.04564194       1.12527012       0.04196260
143          2.21891448       1.06476789       1.10309127       0.05105531
144          2.24429209       1.12364083       1.06787298       0.05277827
145          2.30449373       1.22124913       1.03315048       0.05009413
146          2.36664954       1.30618464       1.01367900       0.04678590
147          2.44310493       1.33950805       1.05824332       0.04535356
148          2.56397076       1.34282736       1.16822358       0.05291982
149          2.70823332       1.32130130       1.31617917       0.07075285
150          2.82093024       1.29466885       1.43560591       0.09065548
151          2.78802111       1.26108532       1.41959847       0.10733732
152          2.65888481       1.24439812       1.28132697       0.13315972
153          2.61640952       1.27961880       1.17061448       0.16617624
154          2.76975076       1.40990855       1.19423628       0.16560593
155          3.00313498       1.54509201       1.34049204       0.11755093
156          3.14910538       1.56358699       1.51518187       0.07033652
157          3.16604357       1.46490152       1.65426002       0.04688203
158          3.14112498       1.33900364       1.75618703       0.04593431
159          3.13302728       1.22994872       1.83657691       0.06650166
160          3.21436456       1.17363346       1.93377409       0.10695701
161          3.31805984       1.14816988       2.01604558       0.15384438
162          3.35496905       1.14570425       2.02862667       0.18063813
163          3.30680093       1.15059304       1.97917974       0.17702816
164          3.25285254       1.18649432       1.90026087       0.16609734
165          3.23956001       1.23654233       1.83402356       0.16899412
166          3.24823476       1.25560409       1.79901162       0.19361905
167          3.26179099       1.22366844       1.81383916       0.22428340
168          3.29287484       1.18420947       1.85252369       0.25614168
169          3.35038860       1.18885119       1.87424035       0.28729706
170          3.35432228       1.20574325       1.84279053       0.30578850
171          3.30425507       1.17363392       1.83442233       0.29619882
172          3.27920496       1.09882083       1.91623973       0.26414440
173          3.37307425       1.03020492       2.10813601       0.23473332
174          3.60159795       1.02262108       2.32831963       0.25065724
175          3.82911052       1.08333677       2.43323887       0.31253488
176          3.88214847       1.19492297       2.34741011       0.33981539
177          3.82156671       1.31822509       2.21375395       0.28958766
178          3.76789487       1.39926377       2.14848665       0.22014445
179          3.75844119       1.40783415       2.17200341       0.17860363
180          3.74952957       1.34606938       2.24584527       0.15761492
181          3.64926607       1.23153241       2.27864843       0.13908524
182          3.35462220       1.09157542       2.14093390       0.12211287
183          2.98022703       0.98446896       1.87852323       0.11723485
184          2.77187703       0.96525123       1.67161761       0.13500819
185          2.88521853       1.09566247       1.64283795       0.14671811
186          3.25996402       1.34229422       1.77235066       0.14531914
187          3.61347967       1.60757459       1.85985197       0.14605310
188          3.74522635       1.76106000       1.81955536       0.16461099
189          3.64581147       1.73510989       1.72877459       0.18192699
190          3.54661421       1.66504516       1.69457509       0.18699396
191          3.61443379       1.72373674       1.70461483       0.18608222
192          3.87902055       1.94979022       1.71977911       0.20945121
193          4.01737471       2.09534133       1.66253820       0.25949518
194          3.88962699       2.01887960       1.55217332       0.31857407
195          3.70370998       1.92755729       1.43305425       0.34309844
196          3.59420859       1.90685744       1.34296609       0.34438506
197          3.53134920       1.87936251       1.30150479       0.35048190
198          3.43590869       1.78745747       1.28974801       0.35870321
199          3.29728736       1.69449352       1.25924791       0.34354593
200          3.14291355       1.66477943       1.16187205       0.31626206
201          2.97566518       1.65712520       1.03753529       0.28100470
202          2.78705119       1.59731660       0.95190352       0.23783108
203          2.65186683       1.51867543       0.94219140       0.19100000
204          2.63251981       1.49904357       0.96474303       0.16873321
205          2.63634400       1.52060854       0.95841807       0.15731740
206          2.65165588       1.54566236       0.95981082       0.14618271
207          2.62559181       1.50985935       0.99371790       0.12201457
208          2.51112997       1.36358338       1.04175829       0.10578830
209          2.28248952       1.16435853       1.01665925       0.10147175
210          2.00943572       1.00144156       0.90114607       0.10684808
211          1.86957179       0.95476529       0.79299609       0.12181040
212          1.93759745       1.02540903       0.75564176       0.15654667
213          2.13930850       1.17527324       0.75442501       0.20961024
214          2.37361968       1.37746014       0.72552012       0.27063941
215          2.48349031       1.57090124       0.62415333       0.28843574
216          2.42312834       1.68648564       0.48920467       0.24743803
217          2.29517188       1.70520787       0.39268476       0.19727925
218          2.28041803       1.73816949       0.36572397       0.17652458
219          2.42575345       1.86336849       0.37566595       0.18671901
220          2.61480345       1.98969475       0.39289584       0.23221286
221          2.70001397       2.01123704       0.39336138       0.29541556
222          2.63006495       1.93309034       0.36861456       0.32836006
223          2.45791673       1.80644613       0.33360551       0.31786510
224          2.27152258       1.66124682       0.30893448       0.30134128
225          2.12453041       1.53349876       0.28559657       0.30543508
226          2.03031646       1.45132659       0.26160719       0.31738268
227          1.94700532       1.41400856       0.24705386       0.28594290
228          1.85229345       1.39254175       0.24605021       0.21370150
229          1.81810269       1.40409096       0.25829428       0.15571745
230          1.84569668       1.46610646       0.26238326       0.11720696
231          1.96849732       1.59352621       0.27260486       0.10236626
232          2.10074682       1.72631022       0.28301748       0.09141912
233          2.12245257       1.78657591       0.26323125       0.07264541
234          2.02963593       1.77582969       0.19518379       0.05862246
235          1.92735141       1.74608969       0.11631066       0.06495106
236          1.94872848       1.78396776       0.07910259       0.08565813
237          2.18206784       1.97369245       0.09736852       0.11100687
238          2.49090349       2.19655775       0.15950744       0.13483831
239          2.70656693       2.27786840       0.25368687       0.17501165
240          2.75313056       2.15555331       0.34364983       0.25392742
241          2.60937867       1.86740908       0.38135862       0.36061098
242          2.34699079       1.54894162       0.36869502       0.42935415
243          2.11461325       1.33268688       0.35567266       0.42625372
244          1.99356720       1.26451570       0.34107415       0.38797735
245          1.93673146       1.27896525       0.32088176       0.33688445
246          1.86729064       1.27526112       0.28785078       0.30417873
247          1.79641017       1.23593641       0.26810198       0.29237178
248          1.69288883       1.15171746       0.26309095       0.27808042
249          1.58461695       1.07276690       0.27562643       0.23622363
250          1.45387104       1.00542604       0.26907542       0.17936958
251          1.28880063       0.92656220       0.23650953       0.12572891
252          1.13146329       0.85572320       0.19040487       0.08533521
253          0.99339085       0.78790136       0.14141731       0.06407217
254          0.90739611       0.74078012       0.09689515       0.06972084
255          0.89302156       0.72693411       0.07135393       0.09473353
256          0.94974850       0.74240141       0.08258430       0.12476279
257          0.95239310       0.69831594       0.11365950       0.14041766
258          0.86437064       0.59008232       0.13163414       0.14265418
259          0.74403589       0.46806199       0.12292348       0.15305042
260          0.64878878       0.36971854       0.10298101       0.17608923
261          0.59543891       0.30650408       0.08371801       0.20521682
262          0.56974371       0.26735551       0.06644038       0.23594783
263          0.55348319       0.23875017       0.05278928       0.26194374
264          0.56778426       0.23460601       0.04859784       0.28458040
265          0.57629805       0.22678631       0.05144692       0.29806482
266          0.54177895       0.19076041       0.04555985       0.30545869
267          0.47713271       0.12158467       0.02711041       0.32843763
268          0.45086135       0.06713579       0.01725132       0.36647424
269          0.45221161       0.03685355       0.02093125       0.39442681
270          0.47238215       0.02275244       0.02998498       0.41964472
271          0.48406039       0.01184474       0.03433979       0.43787586
272          0.46452889       0.00600979       0.03020786       0.42831124
273          0.41742096       0.00372632       0.02462358       0.38907106
274          0.38405098       0.00184364       0.02679055       0.35541680
275          0.36852983       0.00139751       0.03004936       0.33708296
276          0.35452746       0.00632255       0.02586808       0.32233683
277          0.32122732       0.01498944       0.03005841       0.27617947
278          0.28469456       0.02271593       0.04288612       0.21909251
279          0.25867524       0.03452155       0.05930819       0.16484550
280          0.25880437       0.05378787       0.06725172       0.13776478
281          0.25817756       0.06393280       0.07166857       0.12257619
282          0.22862686       0.06010051       0.06862636       0.09989999
283          0.18503336       0.05225105       0.04694369       0.08583862
284          0.17910064       0.05078546       0.02869712       0.09961807
285          0.21989479       0.05689520       0.02640990       0.13658969
286          0.27204723       0.06574171       0.04614206       0.16016346
287          0.34073721       0.08451238       0.07166909       0.18455574
288          0.40884360       0.11565108       0.08227106       0.21092147
289          0.44976005       0.15203499       0.08298515       0.21473991
290          0.46829743       0.19894921       0.08162238       0.18772584
291          0.47131463       0.24877376       0.07187360       0.15066727
292          0.43746424       0.26340160       0.05108494       0.12297770
293          0.35926107       0.22606790       0.02792548       0.10526769
294          0.29790365       0.18746305       0.01441374       0.09602687
295          0.29071006       0.18644849       0.01136597       0.09289560
296          0.33125511       0.22377612       0.01980760       0.08767139
297          0.38124988       0.26192242       0.03313611       0.08619135
298          0.42240515       0.28553751       0.04360782       0.09325982
299          0.41448214       0.27580565       0.04107508       0.09760141
300          0.38767453       0.24689827       0.03059009       0.11018617
301          0.39246910       0.22980631       0.01860566       0.14405714
302          0.46524608       0.24729352       0.00972757       0.20822499
303          0.50609072       0.25053940       0.00419100       0.25136032
304          0.46223823       0.21755678       0.00063015       0.24405130
305          0.43669082       0.20498495       0.00116035       0.23054552
306          0.53479470       0.26301560       0.01609371       0.25568539
307          0.73598355       0.37244849       0.05385991       0.30967515
308          0.90036805       0.43246402       0.10677522       0.36112880
309          0.94022441       0.41880800       0.15952206       0.36189435
310          0.91057319       0.40191854       0.18316230       0.32549234
311          0.84673084       0.40384364       0.16546214       0.27742506
312          0.74456984       0.37713415       0.12619555       0.24124014
313          0.64881104       0.32476669       0.10176006       0.22228429
314          0.60269310       0.27184358       0.10371582       0.22713370
315          0.62807515       0.24543461       0.12942703       0.25321352
316          0.71277598       0.25923459       0.17554605       0.27799535
317          0.77161979       0.27761676       0.21204592       0.28195711
318          0.76506041       0.29419931       0.22799853       0.24286256
319          0.72556462       0.31571573       0.23800071       0.17184819
320          0.68563303       0.32400000       0.25004739       0.11158564
321          0.59965042       0.28423760       0.24485075       0.07056207
322          0.48503752       0.20977694       0.22351957       0.05174101
323          0.42349541       0.14210447       0.22037196       0.06101898
324          0.42831476       0.10370635       0.22444225       0.10016616
325          0.45188511       0.09239275       0.20619379       0.15329858
326          0.42477136       0.08236689       0.14656212       0.19584235
327          0.35669082       0.06686340       0.07225048       0.21757694
328          0.29928291       0.05995900       0.02168416       0.21763975
329          0.31443806       0.06932644       0.00756519       0.23754643
330          0.41480502       0.09375245       0.01326752       0.30778505
331          0.56454612       0.12842321       0.02647043       0.40965248
332          0.65471541       0.15529216       0.03002695       0.46939631
333          0.62809249       0.14120160       0.03080409       0.45608680
334          0.54992889       0.07248148       0.04690195       0.43054546
335          0.54756884       0.01727900       0.07861386       0.45167599
336          0.64696022       0.00614235       0.10094892       0.53986895
337          0.81204404       0.01539670       0.09506921       0.70157813
338          0.98616249       0.02052922       0.07671101       0.88892226
339          1.11860932       0.00587702       0.07085000       1.04188230
340          1.23610543       0.00005143       0.07952890       1.15652510
341          1.36731176       0.00003011       0.09100462       1.27627704
342          1.50475598       0.00001432       0.09314130       1.41160036
343          1.58464379       0.00076361       0.08728762       1.49659256
344          1.63553653       0.00620698       0.08090441       1.54842514
345          1.62647538       0.00941011       0.06322863       1.55383664
346          1.47781095       0.00946782       0.02859970       1.43974343
347          1.24281976       0.02001111       0.00336958       1.21943907
348          1.02590440       0.05450596       0.00002225       0.97137620
349          0.92353795       0.09273409       0.00007564       0.83072821
350          0.93380837       0.10581198       0.00052244       0.82747395
351          1.07090687       0.10432125       0.00013444       0.96645118
352          1.23219948       0.11728424       0.00199658       1.11291866
353          1.28423685       0.13711435       0.00803183       1.13909068
354          1.30033709       0.15298124       0.03014590       1.11720995
355          1.38868678       0.15240025       0.06475194       1.17153458
356          1.53490051       0.17394955       0.07504701       1.28590395
357          1.70299914       0.21078996       0.05557170       1.43663748
358          1.82526084       0.22107734       0.03636516       1.56781834
359          1.80862410       0.18997483       0.03584566       1.58280361
360          1.69790625       0.15455492       0.05354690       1.48980443
361          1.60134467       0.14975635       0.07982720       1.37176111
362          1.54389553       0.17421334       0.10230905       1.26737313
363          1.55069177       0.19227396       0.12854162       1.22987619
364          1.56877269       0.20216841       0.16846571       1.19813856
365          1.54406283       0.23012520       0.20926502       1.10467262
366          1.50610699       0.27830091       0.22950984       0.99829625
367          1.52186708       0.30790721       0.23420129       0.97975858
368          1.61464929       0.29952753       0.23517449       1.07994728
369          1.74438864       0.28972510       0.23004053       1.22462301
370          1.90312253       0.30507909       0.23149058       1.36655286
371          2.07950935       0.35142383       0.24793853       1.48014700
372          2.19485497       0.39664648       0.27892679       1.51928171
373          2.15186382       0.39611989       0.34244820       1.41329573
374          2.00274964       0.34410253       0.41819983       1.24044728
375          1.95481936       0.29821746       0.47004578       1.18655612
376          2.06515956       0.27700730       0.48975199       1.29840027
377          2.14970906       0.25339270       0.48918025       1.40713611
378          2.22253615       0.25849799       0.49822117       1.46581698
379          2.26414661       0.28435179       0.52660814       1.45318668
380          2.26381303       0.31350910       0.57107579       1.37922814
381          2.27908576       0.33955720       0.63988732       1.29964125
382          2.28686242       0.36826176       0.63350336       1.28509730
383          2.23610764       0.35915664       0.56044328       1.31650771
384          2.10077073       0.28762828       0.49485444       1.31828801
385          1.91913276       0.18264652       0.44358312       1.29290312
386          1.79677623       0.10227565       0.38833780       1.30616279
387          1.73686543       0.07625463       0.34531829       1.31529252
388          1.67983760       0.08968460       0.30572757       1.28442542
389          1.57990063       0.13169611       0.26047163       1.18773289
390          1.47673125       0.16991304       0.21787929       1.08893892
391          1.39150712       0.15804906       0.20006104       1.03339702
392          1.33647033       0.11306363       0.20418295       1.01922375
393          1.26308129       0.08237188       0.18512403       0.99558538
394          1.10460348       0.06851563       0.12655522       0.90953263
395          0.88282798       0.05338074       0.07261341       0.75683383
396          0.70033483       0.03392549       0.04165741       0.62475192
397          0.59757651       0.02602160       0.02545277       0.54610214
398          0.57598907       0.03040056       0.01998948       0.52559903
399          0.62356311       0.03509592       0.03649514       0.55197206
400          0.71092160       0.02259115       0.10053061       0.58779983
401          0.81287100       0.00464376       0.21844821       0.58977904
402          0.88697655       0.00076504       0.29323038       0.59298113
403          0.87376390       0.00341450       0.27103747       0.59931194
404          0.80126914       0.00789991       0.21447865       0.57889058
405          0.66867959       0.00271924       0.17056202       0.49539833
406          0.54588328       0.00340922       0.15892081       0.38355325
407          0.50873357       0.03069769       0.17948429       0.29855159
408          0.53130514       0.06483824       0.21041803       0.25604886
409          0.55026918       0.09331336       0.22561817       0.23133765
410          0.54449424       0.11809015       0.21634514       0.21005895
411          0.49336930       0.12664702       0.18638395       0.18033833
412          0.41757750       0.12438120       0.14496291       0.14823339
413          0.38096659       0.12976549       0.12035780       0.13084331
414          0.40413158       0.14994801       0.11814664       0.13603693
415          0.42516127       0.16536765       0.12808401       0.13170961
416          0.42607670       0.17646569       0.13905480       0.11055621
417          0.43514335       0.20036909       0.14938217       0.08539208
418          0.47088614       0.24766204       0.14722179       0.07600230
419          0.54967157       0.32420531       0.13939906       0.08606720
420          0.62534670       0.39651077       0.13280430       0.09603164
421          0.62844382       0.41672135       0.12721009       0.08451238
422          0.58713251       0.41724273       0.10513239       0.06475739
423          0.56559052       0.44063009       0.06807066       0.05688977
424          0.59703884       0.49147542       0.03462359       0.07093983
425          0.64742493       0.54155768       0.01229359       0.09357366
426          0.72721422       0.61152265       0.00350709       0.11218448
427          0.83424172       0.71077836       0.00399597       0.11946740
428          0.91212552       0.77572072       0.00846800       0.12793680
429          0.93539874       0.78020032       0.00905360       0.14614482
430          0.90247651       0.72231809       0.00219945       0.17795897
431          0.85756221       0.63332712       0.00013403       0.22410106
432          0.84917555       0.56719927       0.00172067       0.28025561
433          0.89681915       0.57224182       0.00200264       0.32257469
434          0.94953939       0.60590927       0.00047165       0.34315848
435          0.93645108       0.59742853       0.00078986       0.33823269
436          0.83583352       0.51020135       0.00937764       0.31625453
437          0.76654644       0.40543258       0.02612778       0.33498608
438          0.79604617       0.37799281       0.03010279       0.38795057
439          0.88833460       0.43828866       0.02048814       0.42955780
440          0.96849663       0.51285328       0.01052015       0.44512320
441          1.02320314       0.55642795       0.00352110       0.46325409
442          1.02727244       0.52730875       0.00005534       0.49990835
443          0.96227025       0.44227948       0.00158451       0.51840626
444          0.87073084       0.38797699       0.00256898       0.48018487
445          0.79739207       0.40406960       0.00094176       0.39238071
446          0.79079137       0.46432077       0.00077654       0.32569405
447          0.88787480       0.54219013       0.00365471       0.34202995
448          1.06986380       0.62457780       0.01613450       0.42915150
449          1.24601918       0.70609992       0.04215797       0.49776129
450          1.27397024       0.75202292       0.06891276       0.45303456
451          1.13592020       0.73449900       0.08027756       0.32114364
452          0.93771335       0.64928207       0.08344442       0.20498686
453          0.80970681       0.55358314       0.10613779       0.14998588
454          0.79906298       0.47574619       0.16759718       0.15571960
455          0.87837041       0.41347459       0.24707197       0.21782384
456          0.97182238       0.37161351       0.30651618       0.29369269
457          1.04062396       0.37205225       0.35288523       0.31568648
458          1.09377872       0.40257690       0.44195842       0.24924340
459          1.18661855       0.43797559       0.59433670       0.15430626
460          1.27176949       0.43535462       0.74088344       0.09553144
461          1.31158943       0.42644001       0.79736760       0.08778183
462          1.36281849       0.43859823       0.80143774       0.12278253
463          1.43267544       0.47220199       0.79175917       0.16871428
464          1.43452484       0.50215289       0.75022104       0.18215091
465          1.39652966       0.49806706       0.72327034       0.17519226
466          1.40150644       0.46086698       0.76446014       0.17617933
467          1.43175232       0.40711755       0.83633595       0.18829882
468          1.45375130       0.37108612       0.86555244       0.21711274
469          1.41510922       0.35143439       0.79449270       0.26918213
470          1.30543376       0.31564250       0.65752602       0.33226524
471          1.19899046       0.23739412       0.56865395       0.39294240
472          1.10416116       0.13005639       0.56539039       0.40871437
473          1.04375899       0.05159263       0.62158582       0.37058054
474          1.01653053       0.01071948       0.69697305       0.30883799
475          1.07951247       0.00006304       0.80094834       0.27850110
476          1.21789344       0.00812902       0.91947114       0.29029327
477          1.41221496       0.01644595       1.05110449       0.34466452
478          1.58447866       0.02166793       1.15234390       0.41046683
479          1.67007729       0.03321142       1.19567723       0.44118863
480          1.69273019       0.05867939       1.22117884       0.41287195
481          1.70398334       0.08803517       1.26953839       0.34640978
482          1.72826053       0.10192550       1.33307613       0.29325890
483          1.83297839       0.10133655       1.44785626       0.28378558
484          1.95844867       0.08922568       1.56393858       0.30528441
485          1.97103361       0.07639117       1.57622930       0.31841314
486          1.84972508       0.07020378       1.46533095       0.31419035
487          1.73594847       0.06035154       1.34806186       0.32753507
488          1.71038290       0.04565128       1.30522214       0.35950949
489          1.74832015       0.03229491       1.33782590       0.37819934
490          1.84127283       0.02548798       1.47665570       0.33912915
491          1.95824756       0.01888823       1.66472684       0.27463248
492          1.91878991       0.01030755       1.69143964       0.21704272
493          1.75317412       0.00524283       1.55451575       0.19341553
494          1.66681853       0.00569963       1.45971331       0.20140559
495          1.72081437       0.01284681       1.47709910       0.23086846
496          1.84325536       0.02045735       1.57800294       0.24479507
497          1.91971552       0.01787566       1.68229105       0.21954881
498          1.93705664       0.00788642       1.74527250       0.18389772
499          1.94512618       0.00019811       1.76000625       0.18492183
500          1.97245150       0.00576111       1.73620442       0.23048597
501          2.02752546       0.02973705       1.71824239       0.27954602
502          2.10437075       0.06769904       1.74946527       0.28720644
503          2.17878057       0.09992312       1.81760705       0.26125039
504          2.28115640       0.12828726       1.89391100       0.25895814
505          2.43699358       0.17011934       1.96252933       0.30434491
506          2.63642453       0.20407624       2.08506163       0.34728665
507          2.73533670       0.22131148       2.17523751       0.33878772
508          2.74246976       0.23356247       2.21534575       0.29356154
509          2.76111314       0.23686232       2.27270019       0.25155064
510          2.86669698       0.23748394       2.39593497       0.23327807
511          3.00648044       0.24415116       2.52165685       0.24067243
512          3.10314998       0.27586406       2.57283387       0.25445205
513          3.04598039       0.31654478       2.50804538       0.22139023
514          2.90474568       0.36845460       2.40090330       0.13538778
515          2.91709046       0.43710621       2.41447170       0.06551256
516          3.01697481       0.50211539       2.48423290       0.03062652
517          2.93083748       0.52526123       2.38596627       0.01960999
518          2.65221939       0.47166700       2.16001142       0.02054097
519          2.31381879       0.36290094       1.92208447       0.02883338
520          2.11538488       0.25704892       1.82843759       0.02989837
521          2.08170668       0.17680780       1.89441444       0.01048445
522          2.10510255       0.12113758       1.98395470       0.00001026
523          2.08706801       0.09025948       1.99057639       0.00623214
524          2.13710565       0.07203469       2.05462409       0.01044687
525          2.26198710       0.06323383       2.19293891       0.00581436
526          2.39169081       0.06798244       2.32136366       0.00234471
527          2.33456633       0.08513419       2.24765602       0.00177612
528          2.05401278       0.09499853       1.95642410       0.00259015
529          1.84808386       0.08995441       1.75633302       0.00179643
530          1.93551444       0.06910350       1.86630235       0.00010859
531          2.22548530       0.05370216       2.17157011       0.00021303
532          2.49898176       0.05897409       2.43981770       0.00018997
533          2.63481104       0.08399741       2.55066478       0.00014885
534          2.66776682       0.11841976       2.54908947       0.00025758
535          2.68728739       0.15864436       2.52776204       0.00088100
536          2.67194543       0.17562989       2.49457218       0.00174336
537          2.63858356       0.16847920       2.46855713       0.00154722
538          2.62320836       0.16041983       2.46278497       0.00000356
539          2.63971639       0.17314617       2.46485959       0.00171063
540          2.68008477       0.20522181       2.47451103       0.00035193
541          2.75562368       0.26423928       2.48911732       0.00226708
542          2.82122194       0.34329727       2.47096801       0.00695666
543          2.80869657       0.40638296       2.39478172       0.00753189
544          2.74808935       0.43878816       2.30583958       0.00346161
545          2.72734358       0.45047357       2.27663019       0.00023982
546          2.70464631       0.44035762       2.26351125       0.00077743
547          2.66742062       0.42869353       2.23657630       0.00215079
548          2.68737927       0.43314349       2.25132265       0.00291312
549          2.77784757       0.47631573       2.29929913       0.00223271
550          2.87078766       0.53051565       2.34001893       0.00025309
551          2.93420441       0.57248340       2.36086793       0.00085308
552          3.04672000       0.59776517       2.44549093       0.00346390
553          3.27149519       0.63359484       2.63070137       0.00719898
554          3.54596377       0.66458756       2.87220966       0.00916655
555          3.64019042       0.68438369       2.94628722       0.00951951
556          3.46095866       0.70340283       2.74636997       0.01118586
557          3.32811169       0.77996093       2.53123779       0.01691296
558          3.49510345       0.94802351       2.52268977       0.02439016
559          3.81522372       1.16290769       2.61039259       0.04192344
560          4.03703181       1.34115913       2.61995029       0.07592239
561          4.20045338       1.47154009       2.62541059       0.10350270
562          4.39626823       1.56366494       2.74929127       0.08331202
563          4.53488795       1.57705567       2.92163514       0.03619714
564          4.55021266       1.55824388       2.97180573       0.02016305
565          4.50386948       1.57909742       2.87854324       0.04622882
566          4.52315676       1.65127306       2.78049996       0.09138375
567          4.54931603       1.68986155       2.76376976       0.09568472
568          4.46839968       1.64437487       2.76266912       0.06135568
569          4.34564502       1.57786748       2.73688858       0.03088897
570          4.31355058       1.56227863       2.73273098       0.01854097
571          4.36272158       1.56522193       2.77748696       0.02001268
572          4.39870606       1.53702075       2.82879538       0.03288993
573          4.40343344       1.53066941       2.82312520       0.04963883
574          4.48526531       1.68308716       2.75898980       0.04318835
575          4.63992270       1.96788061       2.64469388       0.02734821
576          4.80629728       2.27440081       2.51474087       0.01715560
577          4.97019847       2.51356584       2.43740745       0.01922518
578          5.21402197       2.69171769       2.49659722       0.02570706
579          5.43925867       2.83165399       2.58081590       0.02678877
580          5.53114278       2.84148345       2.66401364       0.02564569
581          5.51357197       2.71999927       2.76886858       0.02470412
582          5.54962298       2.65480420       2.87276364       0.02205514
583          5.70739821       2.73858853       2.95110637       0.01770332
584          5.91274231       2.99079337       2.90429638       0.01765256
585          5.99577905       3.24012467       2.73042672       0.02522766
586          6.01322687       3.40203479       2.57354860       0.03764347
587          6.02440460       3.48151426       2.49461103       0.04827931
588          5.92850473       3.48628079       2.38259674       0.05962720
589          5.84365594       3.48501889       2.27377215       0.08486490
590          5.81721100       3.51193567       2.18633440       0.11894093
591          5.91118545       3.53400183       2.23366269       0.14352093
592          6.12477539       3.56639637       2.40532084       0.15305819
593          6.32450950       3.68311174       2.48896296       0.15243480
594          6.36437702       3.90998935       2.29927001       0.15511766
595          6.19134528       4.08006525       1.94226077       0.16901926
596          6.08512729       4.22871631       1.65921246       0.19719853
597          6.30707446       4.45276649       1.61149939       0.24280857
598          6.61139585       4.62168476       1.71958262       0.27012847
599          6.82496172       4.74474209       1.80674202       0.27347761
600          6.84585692       4.85999150       1.72621822       0.25964721
601          6.77657488       4.94304039       1.59073204       0.24280245
602          6.54598290       4.85458641       1.48585551       0.20554097
603          6.42271322       4.73601997       1.50746745       0.17922580
604          6.59876284       4.77219972       1.64214627       0.18441685
605          6.87286229       4.89780833       1.77515466       0.19989930
606          6.84064719       4.92520722       1.72582001       0.18961995
607          6.57318696       4.81356294       1.58125668       0.17836734
608          6.39317969       4.67337085       1.55926298       0.16054586
609          6.47955067       4.57919863       1.77026354       0.13008850
610          6.64908847       4.48915381       2.03829157       0.12164309
611          6.61696999       4.38454130       2.08046456       0.15196413
612          6.48709693       4.35327594       1.93285137       0.20096963
613          6.58178987       4.45434549       1.88551659       0.24192778
614          6.83030364       4.51145629       2.05942275       0.25942461
615          7.07174964       4.41718917       2.39507235       0.25948812
616          7.21268259       4.25746662       2.69442232       0.26079365
617          7.31872696       4.24040356       2.81353882       0.26478458
618          7.51946813       4.40755716       2.85043523       0.26147574
619          7.77885547       4.61119916       2.94493506       0.22272125
620          7.92830271       4.66744828       3.11118330       0.14967114
621          7.94594083       4.50220588       3.34711083       0.09662412
622          7.81939686       4.18632257       3.53581785       0.09725644
623          7.60545370       3.82342154       3.64999294       0.13203922
624          7.48126385       3.55049748       3.78560463       0.14516175
625          7.54896796       3.41445538       4.01336983       0.12114274
626          7.60155789       3.25737079       4.25147553       0.09271157
627          7.54564616       3.02283609       4.44710606       0.07570401
628          7.37680091       2.84018132       4.46606724       0.07055236
629          7.00109440       2.70215951       4.23617621       0.06275868
630          6.36794313       2.48725977       3.82449566       0.05618770
631          5.73533360       2.20239829       3.47222580       0.06070952
632          5.33014272       1.89658121       3.34474521       0.08881630
633          5.11953435       1.59919164       3.38026353       0.14007919
634          4.98963208       1.31931385       3.48520412       0.18511412
635          4.84257549       1.12396331       3.54187808       0.17673410
636          4.64543878       1.03408781       3.47124196       0.14010902
637          4.32720250       0.99206935       3.20560481       0.12952833
638          3.99505517       0.97288478       2.87930495       0.14286544
639          3.78462667       0.96417659       2.67175465       0.14869543
640          3.74154369       0.87977498       2.72395371       0.13781499
641          3.85221330       0.74663390       2.97580344       0.12977596
642          3.94669186       0.59046983       3.21197163       0.14425040
643          3.89098468       0.47943435       3.22346658       0.18808375
644          3.69542414       0.40070457       3.06569854       0.22902103
645          3.55233185       0.34367825       2.94793516       0.26071844
646          3.50990028       0.31580176       2.89460911       0.29948941
647          3.44557911       0.31679930       2.78972507       0.33905474
648          3.18478501       0.33448519       2.51075015       0.33954966
649          2.87826317       0.36872997       2.19489342       0.31463977
650          2.63449344       0.38455977       1.97835581       0.27157786
651          2.53989505       0.37549310       1.94739279       0.21700916
652          2.52722281       0.34286323       2.00692913       0.17743046
653          2.55865656       0.30034715       2.09527032       0.16303909
654          2.57945713       0.27058570       2.16462135       0.14425008
655          2.60325019       0.27793779       2.21411141       0.11120098
656          2.61306926       0.31933723       2.20878901       0.08494302
657          2.68733930       0.37664204       2.21698723       0.09371004
658          2.92717982       0.46397160       2.34119796       0.12201026
659          3.27134108       0.57112458       2.56264548       0.13757102
660          3.46978567       0.65773894       2.68029054       0.13175619
661          3.47663786       0.69885619       2.66828625       0.10949542
662          3.39632137       0.71844609       2.60148431       0.07639097
663          3.43603907       0.74535150       2.63381460       0.05687297
664          3.59292702       0.77119913       2.76399124       0.05773665
665          3.74281445       0.77543209       2.91220887       0.05517349
666          3.82443554       0.80059710       2.99543810       0.02840034
667          3.97483792       0.88372679       3.07923267       0.01187846
668          4.15324158       0.98460991       3.14646215       0.02216951
669          4.44772219       1.07819955       3.30206807       0.06745457
670          4.87090582       1.19550257       3.54830143       0.12710183
671          5.40474625       1.32291035       3.90935575       0.17248015
672          5.88892009       1.45047759       4.21988316       0.21855934
673          6.23437005       1.55323188       4.40672234       0.27441583
674          6.47537868       1.62883078       4.52213103       0.32441687
675          6.72627292       1.68475299       4.71027519       0.33124475
676          7.01974946       1.67569367       5.04144093       0.30261486
677          7.38491709       1.63221290       5.45641433       0.29628986
678          7.69768955       1.60027026       5.75566109       0.34175820
679          7.86386008       1.63424272       5.82966731       0.39995005
680          8.07983957       1.73927525       5.90640402       0.43416031
681          8.33444346       1.83165913       6.03659790       0.46618643
682          8.48338541       1.81925065       6.13068787       0.53344690
683          8.43974341       1.75706814       6.11545633       0.56721894
684          8.36036261       1.69119733       6.13318895       0.53597633
685          8.36532409       1.63477766       6.22805869       0.50248775
686          8.67169563       1.64242736       6.45053335       0.57873493
687          9.25388103       1.77385708       6.74005173       0.73997222
688          9.82742876       2.06534839       6.86973924       0.89234114
689         10.20522660       2.42533254       6.78386578       0.99602827
690         10.45477819       2.68407175       6.68645690       1.08424954
691         10.53569988       2.73819763       6.64142560       1.15607665
692         10.43877894       2.67006175       6.55326628       1.21545091
693         10.17819316       2.56930777       6.37739424       1.23149115
694          9.84124595       2.46203596       6.15827255       1.22093744
695          9.64588728       2.42607511       5.93102397       1.28878820
696          9.82365677       2.52917018       5.75615795       1.53832864
697         10.33138576       2.74028440       5.74223696       1.84886439
698         10.85474427       2.98825565       5.77107393       2.09541470
699         11.24310743       3.28305311       5.68557500       2.27447932
700         11.50279463       3.62456715       5.48935369       2.38887380
701         11.75841691       3.92927193       5.45650010       2.37264488
702         12.16820844       4.18128810       5.68682595       2.30009440
703         12.65870984       4.33674228       6.01785793       2.30410963
704         13.06459901       4.36013421       6.31389784       2.39056696
705         13.30693257       4.41228669       6.50362108       2.39102479
706         13.46457317       4.57946839       6.66620797       2.21889681
707         13.39492450       4.67789395       6.80329201       1.91373854
708         13.18943015       4.56114320       6.95388545       1.67440150
709         12.88270742       4.25547831       7.02885677       1.59837234
710         12.37767576       3.92435522       6.87118826       1.58213228
711         11.96324194       3.80403832       6.66758399       1.49161964
712         11.98560771       3.98354149       6.70095583       1.30111039
713         12.19100421       4.27266780       6.82308673       1.09524968
714         12.27705662       4.40044720       6.91837882       0.95823060
715         12.30935185       4.25476722       7.15802655       0.89655808
716         12.22410998       3.88358451       7.45232868       0.88819679
717         11.82465542       3.50327351       7.44512617       0.87625575
718         11.39279631       3.33356970       7.26579400       0.79343261
719         11.28448860       3.37073286       7.28744764       0.62630810
720         11.39843279       3.32412366       7.57516624       0.49914289
721         11.45538020       3.16099145       7.81097725       0.48341150
722         11.49170120       3.03946846       7.93241573       0.51981702
723         11.56371916       3.01942923       8.01695405       0.52733588
724         11.46462969       3.01577824       7.98493297       0.46391847
725         11.27213654       2.98043355       7.91799989       0.37370309
726         11.08532856       2.90578706       7.88871575       0.29082574
727         11.03933841       2.83485977       8.00382905       0.20064960
728         10.97944334       2.80556259       8.05193835       0.12194241
729         10.84357652       2.80264791       7.96073619       0.08019243
730         10.80452372       2.72979309       8.00268862       0.07204201
731         10.96102780       2.69687103       8.19315114       0.07100564
732         11.02205409       2.72124618       8.23348081       0.06732710
733         10.82112744       2.70066913       8.04603338       0.07442493
734         10.59893795       2.61174744       7.89777519       0.08941532
735         10.45119330       2.52906261       7.83708497       0.08504572
736         10.41896154       2.49646415       7.86647874       0.05601866
737         10.43453582       2.45433122       7.94759274       0.03261187
738         10.49187051       2.35780152       8.10498144       0.02908754
739         10.45253554       2.17104977       8.23324271       0.04824306
740         10.28952269       1.92300220       8.28441309       0.08210740
741         10.12640733       1.77804767       8.24207847       0.10628119
742         10.13661726       1.79695470       8.22133411       0.11832845
743         10.31847416       1.90376420       8.29077661       0.12393334
744         10.46508578       2.01687959       8.31114378       0.13706241
745         10.49105558       2.05909186       8.26156243       0.17040128
746         10.42702254       2.02185836       8.15836811       0.24679606
747         10.37036651       1.98675238       8.01559741       0.36801672
748         10.40817253       2.01525059       7.94734381       0.44557813
749         10.68245522       2.08305699       8.15802479       0.44137344
750         11.17160208       2.09481128       8.61870222       0.45808857
751         11.49819922       1.95728911       9.01473567       0.52617445
752         11.37800011       1.77337149       9.02329608       0.58133255
753         11.07176549       1.64057011       8.86249089       0.56870449
754         10.92763306       1.57440582       8.82101102       0.53221622
755         10.85862983       1.51574542       8.79887156       0.54401285
756         10.80441335       1.46744783       8.73541832       0.60154720
757         10.69055736       1.47555775       8.57383508       0.64116453
758         10.61269348       1.49714669       8.48550509       0.63004170
759         10.51675103       1.46910881       8.41414154       0.63350068
760         10.19744786       1.43492121       8.09050242       0.67202423
761          9.66433008       1.41884092       7.51213303       0.73335613
762          9.20742157       1.43481338       7.05621647       0.71639172
763          8.85538402       1.40228223       6.85156418       0.60153761
764          8.72671867       1.26592686       6.96318955       0.49760227
765          8.62866272       1.14938364       7.01588737       0.46339171
766          8.38152821       1.15662183       6.72845344       0.49645294
767          8.10888712       1.21296072       6.31370144       0.58222496
768          7.90728422       1.18058749       6.07457381       0.65212292
769          7.66860821       1.04932410       5.97816901       0.64111509
770          7.25437199       0.95452859       5.72025195       0.57959145
771          6.78098137       0.93228879       5.32886259       0.51982998
772          6.37399538       0.88477972       5.01315436       0.47606131
773          5.93107322       0.71947912       4.77666587       0.43492823
774          5.41903942       0.54226235       4.51742535       0.35935172
775          4.92529713       0.44547641       4.19416564       0.28565508
776          4.58303252       0.41795571       3.90482099       0.26025583
777          4.50096899       0.40820575       3.81632318       0.27644007
778          4.67193706       0.38870787       3.98374391       0.29948528
779          4.86310910       0.35102386       4.21783903       0.29424620
780          4.80298596       0.29842943       4.23973780       0.26481873
781          4.47798606       0.23852183       3.99966945       0.23979478
782          4.07226382       0.16751111       3.67342682       0.23132589
783          3.73816279       0.10696098       3.38889746       0.24230435
784          3.46361350       0.07591405       3.13377274       0.25392671
785          3.23378910       0.06697338       2.92894627       0.23786946
786          3.13214339       0.05902623       2.88432788       0.18878929
787          3.15175164       0.04578825       2.98101099       0.12495240
788          3.24678644       0.04210921       3.11930917       0.08536806
789          3.31428297       0.05149669       3.18356562       0.07922066
790          3.33452329       0.06602692       3.17086977       0.09762660
791          3.33440101       0.07402699       3.14651402       0.11386000
792          3.36890754       0.07052048       3.19312315       0.10526392
793          3.45133914       0.06783628       3.30464105       0.07886182
794          3.45645281       0.07217504       3.32617520       0.05810256
795          3.47190093       0.08943481       3.33063350       0.05183262
796          3.56685349       0.10714923       3.40500753       0.05469673
797          3.77265340       0.11744526       3.59017037       0.06503778
798          4.10933094       0.11611155       3.91507395       0.07814545
799          4.48702121       0.11179462       4.28371795       0.09150865
800          4.79479774       0.14152125       4.54119301       0.11208349
801          4.89944049       0.22261290       4.54137598       0.13545162
802          4.78412822       0.34872735       4.28146436       0.15393651
803          4.65725657       0.45806204       4.02988453       0.16931000
804          4.72431212       0.46098796       4.05927893       0.20404523
805          4.96865645       0.38610791       4.32008742       0.26246112
806          5.19972094       0.33853090       4.54547146       0.31571859
807          5.23938239       0.35304063       4.57520866       0.31113310
808          5.02092569       0.37772633       4.38956452       0.25363485
809          4.76321084       0.37689694       4.17884710       0.20746679
810          4.65762359       0.40481628       4.06661704       0.18619027
811          4.74617478       0.48915636       4.07337714       0.18364128
812          4.88110602       0.55318124       4.15010810       0.17781668
813          4.94794168       0.49490396       4.29556622       0.15747150
814          5.00424106       0.37014516       4.51045682       0.12363908
815          5.09328154       0.26042122       4.73335210       0.09950822
816          5.16441793       0.19128694       4.87100093       0.10213005
817          5.23717229       0.15412297       4.94035933       0.14268999
818          5.24618205       0.12840178       4.90856272       0.20921755
819          5.14274478       0.10245475       4.79539555       0.24489448
820          4.98568199       0.07958649       4.67009125       0.23600425
821          4.91007873       0.07070755       4.61767262       0.22169856
822          4.93069617       0.08171222       4.63519732       0.21378664
823          4.91597525       0.09680829       4.61084782       0.20831914
824          4.71621084       0.09366014       4.41820150       0.20434920
825          4.43115953       0.07992842       4.15032791       0.20090320
826          4.18588995       0.09543102       3.87579497       0.21466397
827          4.03244603       0.17180801       3.60165888       0.25897914
828          3.94064083       0.30418400       3.31966735       0.31678948
829          3.79052028       0.41632908       3.01986390       0.35432730
830          3.55368938       0.46813184       2.73311990       0.35243763
831          3.38684210       0.49264188       2.58149244       0.31270778
832          3.32198406       0.52294387       2.53745928       0.26158092
833          3.33389614       0.55061257       2.57085507       0.21242851
834          3.34760790       0.54294310       2.62068024       0.18398456
835          3.29422850       0.48929766       2.61859176       0.18633908
836          3.12231280       0.41792472       2.49259561       0.21179247
837          2.90647215       0.37169455       2.27436133       0.26041628
838          2.80691178       0.32743644       2.13345411       0.34602124
839          2.84745025       0.25704146       2.13454207       0.45586672
840          3.02697473       0.19615140       2.24975011       0.58107322
841          3.31583498       0.16172605       2.44628174       0.70782718
842          3.62368474       0.14498821       2.63543272       0.84326382
843          3.89496157       0.12763130       2.80226900       0.96506127
844          4.13735102       0.11282458       2.96170064       1.06282580
845          4.33421697       0.10340690       3.10644700       1.12436308
846          4.45273851       0.09636509       3.19094264       1.16543077
847          4.50289188       0.08708972       3.21218512       1.20361704
848          4.59113316       0.07496637       3.20183734       1.31432944
849          4.80395683       0.05986617       3.21768131       1.52640935
850          5.14679227       0.05261689       3.29474603       1.79942935
851          5.49423634       0.05962385       3.42521223       2.00940026
852          5.74634371       0.08087663       3.55666716       2.10879992
853          5.87864452       0.11298192       3.64166736       2.12399523
854          5.95621769       0.13353990       3.70159526       2.12108252
855          6.02135596       0.13388541       3.75510562       2.13236493
856          6.11383568       0.11858499       3.79746357       2.19778713
857          6.16938666       0.10754010       3.77715225       2.28469431
858          6.12235179       0.10641951       3.68191958       2.33401270
859          6.00709766       0.10768225       3.58313666       2.31627875
860          5.86704994       0.10656484       3.49206488       2.26842023
861          5.73604213       0.12656074       3.41701772       2.19246367
862          5.58154278       0.20377580       3.29142966       2.08633732
863          5.41961148       0.33713898       3.16087646       1.92159605
864          5.30073712       0.46361900       3.07650063       1.76061749
865          5.22715846       0.52783609       3.04728258       1.65203979
866          5.20302730       0.51619059       3.09991078       1.58692592
867          5.22983420       0.47880776       3.22625016       1.52477628
868          5.24895231       0.46335214       3.35463958       1.43096059
869          5.26401836       0.47915824       3.44410002       1.34076011
870          5.35053258       0.50828424       3.51868353       1.32356482
871          5.46944412       0.53019373       3.57985040       1.35939999
872          5.56895986       0.55160506       3.62496795       1.39238685
873          5.71620490       0.58714257       3.73593792       1.39312440
874          5.95662443       0.63397881       3.94153521       1.38111041
875          6.08899383       0.66519321       4.03691831       1.38688230
876          5.91675818       0.65018250       3.86233224       1.40424344
877          5.56075216       0.58809935       3.57895143       1.39370137
878          5.32354128       0.51001008       3.42291375       1.39061745
879          5.36911110       0.46252443       3.47940363       1.42718303
880          5.59442952       0.44724739       3.69130911       1.45587301
881          5.76595682       0.41656177       3.95289701       1.39649804
882          5.79790504       0.38055029       4.14832506       1.26902969
883          5.78196857       0.35378744       4.24442272       1.18375841
884          5.80253616       0.33710973       4.32428141       1.14114503
885          5.94915182       0.32154566       4.49731314       1.13029303
886          6.06962659       0.29948211       4.68771417       1.08243031
887          6.14466065       0.26665661       4.87744102       1.00056302
888          6.18439965       0.23009731       5.05509202       0.89921032
889          6.25248306       0.19587696       5.25967884       0.79692727
890          6.29361453       0.17467382       5.45806434       0.66087637
891          6.26010954       0.16764701       5.58378899       0.50867354
892          6.21714814       0.16630219       5.67161603       0.37922992
893          6.24487394       0.14142405       5.79201452       0.31143537
894          6.27938001       0.09512523       5.87351395       0.31074083
895          6.28066892       0.05044877       5.86233074       0.36788941
896          6.17654096       0.02997834       5.73807147       0.40849116
897          5.96525241       0.02920245       5.55186439       0.38418557
898          5.73409057       0.03219783       5.37520567       0.32668706
899          5.61938761       0.01708715       5.27648804       0.32581241
900          5.60251906       0.00242917       5.23946002       0.36062987
901          5.39072350       0.00002550       5.04264835       0.34804965
902          4.98416289       0.00000629       4.69263282       0.29152378
903          4.61050526       0.00038549       4.36164859       0.24847118
904          4.36099146       0.00002147       4.15973300       0.20123700
905          4.24411796       0.00278217       4.07637667       0.16495912
906          4.15878550       0.01694086       4.00052982       0.14131483
907          4.11367019       0.04941160       3.92056545       0.14369314
908          4.05168540       0.11982695       3.75254280       0.17931565
909          3.98882273       0.26595179       3.49099102       0.23187992
910          3.92354142       0.43449278       3.23510017       0.25394848
911          3.75630146       0.51755361       3.00139939       0.23734845
912          3.61493496       0.53502216       2.87644765       0.20346516
913          3.59739957       0.54484503       2.88065040       0.17190414
914          3.58955967       0.56455270       2.87691237       0.14809460
915          3.46529969       0.60201744       2.72877827       0.13450398
916          3.32867603       0.67891183       2.53814445       0.11161975
917          3.21372075       0.75219503       2.38075457       0.08077115
918          3.05103789       0.76968284       2.22625713       0.05509792
919          2.88151339       0.75126222       2.08825031       0.04200086
920          2.82180212       0.76325559       2.02361021       0.03493633
921          2.83882756       0.81383996       1.99439809       0.03058951
922          2.81556759       0.85079396       1.94126059       0.02351304
923          2.73461602       0.85697394       1.85396839       0.02367368
924          2.68663272       0.86877424       1.78166237       0.03619611
925          2.63841579       0.86669052       1.70408684       0.06763843
926          2.48904294       0.82276075       1.57235484       0.09392735
927          2.25693550       0.75434123       1.40688889       0.09570538
928          2.05555918       0.70990370       1.26268272       0.08297276
929          1.97317339       0.71229275       1.19102208       0.06985855
930          1.87201373       0.70879553       1.09881402       0.06440419
931          1.75571062       0.68513886       1.00206729       0.06850448
932          1.66197571       0.67493259       0.91278026       0.07426287
933          1.57898656       0.68801302       0.81049884       0.08047471
934          1.49430004       0.68801703       0.72431397       0.08196905
935          1.39034203       0.64664619       0.64708734       0.09660850
936          1.29464965       0.63035416       0.53300015       0.13129535
937          1.30301967       0.70931021       0.41979937       0.17391010
938          1.38739797       0.84754146       0.35451620       0.18534031
939          1.42485847       0.92321818       0.33998067       0.16165963
940          1.40049684       0.92352463       0.35060895       0.12636326
941          1.40523158       0.96949368       0.34138117       0.09435673
942          1.42239628       1.06257008       0.28778506       0.07204114
943          1.42227829       1.11492249       0.23618419       0.07117161
944          1.37691548       1.09157674       0.19340487       0.09193388
945          1.36242047       1.08792214       0.14304235       0.13145598
946          1.39390870       1.14151365       0.09023676       0.16215829
947          1.44115125       1.20305544       0.06468019       0.17341562
948          1.44312368       1.19415112       0.06250944       0.18646312
949          1.38829835       1.13024333       0.07033807       0.18771695
950          1.26082809       1.02395432       0.07654736       0.16032641
951          1.13739993       0.93985161       0.07259202       0.12495630
952          1.10938551       0.95359549       0.05464134       0.10114868
953          1.17476116       1.05501477       0.03049919       0.08924721
954          1.27513612       1.17868845       0.00905824       0.08738943
955          1.26924124       1.17414872       0.00001169       0.09508084
956          1.18873711       1.04648556       0.01140517       0.13084637
957          1.22561371       0.99210765       0.04438399       0.18912206
958          1.45204933       1.15492571       0.07972707       0.21739655
959          1.71861031       1.43101667       0.09413281       0.19346084
960          1.88397698       1.65643757       0.08748868       0.14005073
961          1.86453181       1.69982636       0.06652185       0.09818360
962          1.71411270       1.57247868       0.04226021       0.09937381
963          1.63830929       1.47150966       0.03249120       0.13430843
964          1.78067558       1.57703218       0.03363639       0.17000702
965          2.04965391       1.83350416       0.04705668       0.16909308
966          2.29993175       2.06568785       0.07548539       0.15875851
967          2.50469999       2.22066785       0.11386275       0.17016939
968          2.66392677       2.30845250       0.16103982       0.19443445
969          2.69916844       2.25872942       0.21223681       0.22820220
970          2.64613455       2.10578719       0.24834479       0.29200258
971          2.62174736       1.97724036       0.26079807       0.38370894
972          2.62417169       1.91178935       0.27015660       0.44222573
973          2.65185824       1.88134754       0.32097202       0.44953867
974          2.80308955       1.92228625       0.44410387       0.43669942
975          3.11232167       2.05297261       0.63541707       0.42393199
976          3.47021361       2.20576777       0.85548187       0.40896397
977          3.71126189       2.30651129       1.01364988       0.39110072
978          3.83032731       2.42684562       1.04040090       0.36308080
979          3.86340268       2.55118245       0.93121958       0.38100065
980          3.90719955       2.67785003       0.82303715       0.40631238
981          3.82658498       2.70628988       0.73382597       0.38646913
982          3.57927292       2.58037774       0.68425410       0.31464109
983          3.39366533       2.45450421       0.67384089       0.26532023
984          3.43715190       2.46724931       0.70305582       0.26684677
985          3.63066817       2.56773588       0.77112199       0.29181029
986          3.89210672       2.73653109       0.86031433       0.29526130
987          4.17077815       2.96234087       0.94518989       0.26324739
988          4.43764215       3.19735418       1.02119044       0.21909753
989          4.61151194       3.36862437       1.06432114       0.17856644
990          4.57965572       3.36564129       1.07244659       0.14156785
991          4.42283867       3.26729304       1.03507596       0.12046967
992          4.36315696       3.23787502       1.00076709       0.12451485
993          4.44194173       3.29742199       0.99362113       0.15089862
994          4.40887692       3.25444367       0.97097365       0.18345960
995          4.15593787       3.02442912       0.92556699       0.20594176
996          3.82340484       2.72481425       0.87829614       0.22029445
997          3.62656641       2.50927564       0.87519702       0.24209376
998          3.69274958       2.45463509       0.98981067       0.24830382
999          4.00058118       2.53132816       1.22586376       0.24338926
1000         4.32821852       2.62478276       1.45950776       0.24392800
