0      300         -3.62878281      -2.11318241      -1.54396316
1      300         -3.59859683      -2.12809863      -1.57538645
2      300         -3.58625353      -2.10901110      -1.64505319
3      300         -3.58690187      -2.06529082      -1.73585102
4      300         -3.57369894      -2.00338099      -1.80795494
5      300         -3.53922687      -1.93668945      -1.84416327
6      300         -3.50822719      -1.88042784      -1.86002816
7      300         -3.49157349      -1.85439039      -1.85195023
8      300         -3.50121524      -1.85211787      -1.82244251
9      300         -3.53381586      -1.85903537      -1.75137862
10     300         -3.57139706      -1.85497580      -1.65827001
11     300         -3.61373965      -1.82570806      -1.60295779
12     300         -3.66600771      -1.77250512      -1.62290834
13     300         -3.70257094      -1.73469190      -1.68965824
14     300         -3.68447263      -1.74263324      -1.75580494
15     300         -3.62291770      -1.78547108      -1.77206068
16     300         -3.56902646      -1.81843792      -1.75025082
17     300         -3.57762782      -1.82659379      -1.69347751
18     300         -3.65818505      -1.78191346      -1.61893834
19     300         -3.74617076      -1.70149054      -1.56202605
20     300         -3.76336803      -1.61721872      -1.55888725
21     300         -3.70635116      -1.53948862      -1.59505189
22     300         -3.63918763      -1.48875476      -1.64743653
23     300         -3.60744317      -1.48352805      -1.66447874
24     300         -3.59238268      -1.50692749      -1.65720949
25     300         -3.55710526      -1.53888009      -1.66044121
26     300         -3.51838061      -1.53935131      -1.69822973
27     300         -3.51764318      -1.50823973      -1.75338042
28     300         -3.53950423      -1.47402000      -1.81456661
29     300         -3.53105896      -1.46181946      -1.85324702
30     300         -3.49987474      -1.45653611      -1.91053738
31     300         -3.47614500      -1.45943078      -1.99085119
32     300         -3.46321301      -1.47508715      -2.06822580
33     300         -3.47974907      -1.49378812      -2.10504279
34     300         -3.50857976      -1.52688972      -2.13558700
35     300         -3.52488815      -1.54419137      -2.15674319
36     300         -3.51579161      -1.49983066      -2.16680048
37     300         -3.50261021      -1.40459740      -2.14019241
38     300         -3.49561872      -1.30030262      -2.09048823
39     300         -3.49410520      -1.22598263      -2.03904126
40     300         -3.49683782      -1.19512456      -2.03150875
41     300         -3.49730347      -1.19221667      -2.05799322
42     300         -3.47876538      -1.18851019      -2.08197413
43     300         -3.44939366      -1.19324713      -2.07491265
44     300         -3.40762429      -1.20353784      -2.04095766
45     300         -3.34468330      -1.19559492      -1.99241972
46     300         -3.28841576      -1.16184545      -1.96144286
47     300         -3.25464295      -1.15774791      -1.95194267
48     300         -3.24304329      -1.19439596      -1.95494608
49     300         -3.25224249      -1.23417134      -1.93628072
50     300         -3.26711696      -1.24789849      -1.90292512
51     300         -3.25472939      -1.22960128      -1.88758176
52     300         -3.24153032      -1.18036860      -1.90807603
53     300         -3.25039436      -1.14314606      -1.93085539
54     300         -3.27995637      -1.15217189      -1.91046432
55     300         -3.28183169      -1.20579867      -1.84406994
56     300         -3.23250065      -1.26445989      -1.78720575
57     300         -3.17157330      -1.29552329      -1.77316557
58     300         -3.16527586      -1.30357686      -1.80507375
59     300         -3.21377461      -1.30749636      -1.85958073
60     300         -3.26700204      -1.31156041      -1.90878667
61     300         -3.29383294      -1.32491147      -1.93635849
62     300         -3.28789679      -1.35137989      -1.95180407
63     300         -3.27177838      -1.38501212      -1.93653320
64     300         -3.27209884      -1.41362590      -1.89493023
65     300         -3.28985564      -1.42584054      -1.84224874
66     300         -3.29983623      -1.41330397      -1.80015670
67     300         -3.28072781      -1.38329267      -1.78630367
68     300         -3.24301536      -1.34682016      -1.79372974
69     300         -3.21833057      -1.30149293      -1.77084248
70     300         -3.22485163      -1.27862264      -1.71137591
71     300         -3.24178650      -1.31184554      -1.66740172
72     300         -3.24364979      -1.35681984      -1.69079518
73     300         -3.23644073      -1.35158455      -1.76895819
74     300         -3.23388750      -1.28755696      -1.85335848
75     300         -3.23266152      -1.20040700      -1.92981977
76     300         -3.21606814      -1.14938445      -2.00130973
77     300         -3.19999939      -1.18128206      -2.06227971
78     300         -3.20518322      -1.26477304      -2.10840509
79     300         -3.24401082      -1.33293899      -2.13391519
80     300         -3.29560699      -1.35822509      -2.11185117
81     300         -3.32769778      -1.35543620      -2.04493003
82     300         -3.30581751      -1.34351874      -1.98041842
83     300         -3.24234455      -1.34273675      -1.92068930
84     300         -3.20265599      -1.33092707      -1.87346076
85     300         -3.19779546      -1.30138600      -1.83774827
86     300         -3.22695498      -1.27680439      -1.81229951
87     300         -3.27829932      -1.26768568      -1.81238156
88     300         -3.32335172      -1.26354760      -1.83727358
89     300         -3.34885489      -1.24937218      -1.85300421
90     300         -3.35483143      -1.22508144      -1.85190581
91     300         -3.34557777      -1.21194308      -1.85070728
92     300         -3.32464030      -1.21046119      -1.84396812
93     300         -3.31387623      -1.18395942      -1.83770224
94     300         -3.30603959      -1.11643699      -1.83810045
95     300         -3.28041701      -1.06137134      -1.83688758
96     300         -3.27611204      -1.05484426      -1.82279614
97     300         -3.31587845      -1.07751604      -1.79634490
98     300         -3.37539926      -1.10799367      -1.77053056
99     300         -3.40416194      -1.14313585      -1.75256652
100    300         -3.39288328      -1.17553685      -1.73546496
101    300         -3.38012291      -1.17966044      -1.72849595
102    300         -3.39170842      -1.16479931      -1.74160824
103    300         -3.38983073      -1.16151425      -1.79215071
104    300         -3.37418626      -1.17851469      -1.84488975
105    300         -3.38233163      -1.17929819      -1.85167974
106    300         -3.43281918      -1.16053873      -1.79564996
107    300         -3.45786941      -1.13789454      -1.73151572
108    300         -3.41773487      -1.11562780      -1.68822377
109    300         -3.35028110      -1.09907621      -1.68345914
110    300         -3.31154213      -1.08802676      -1.71373670
111    300         -3.29451794      -1.08966878      -1.77692611
112    300         -3.24311048      -1.09032593      -1.86554425
113    300         -3.16077058      -1.07986786      -1.96758147
114    300         -3.10129931      -1.06480726      -2.03554519
115    300         -3.09772669      -1.05515053      -2.03679975
116    300         -3.11826429      -1.05206962      -2.01254704
117    300         -3.13438683      -1.07345397      -2.02696802
118    300         -3.15295943      -1.11849214      -2.06182739
119    300         -3.17732065      -1.17567506      -2.08705796
120    300         -3.18692316      -1.23120195      -2.08140605
121    300         -3.15952006      -1.27949019      -2.05126249
122    300         -3.10628178      -1.30526492      -2.01176345
123    300         -3.08620462      -1.31407736      -1.98852531
124    300         -3.09264796      -1.30896757      -1.97593276
125    300         -3.08155935      -1.31618751      -1.97012272
126    300         -3.04548006      -1.34042730      -1.95147390
127    300         -3.00450713      -1.37572624      -1.92149333
128    300         -2.97718566      -1.37830467      -1.89694800
129    300         -2.94344468      -1.35482664      -1.90066571
130    300         -2.87927451      -1.31260007      -1.93100427
131    300         -2.79885282      -1.26808480      -1.95180571
132    300         -2.75129209      -1.21683402      -1.93361091
133    300         -2.73724593      -1.17080073      -1.89881408
134    300         -2.73134996      -1.12417299      -1.85878157
135    300         -2.70508754      -1.08471928      -1.81276472
136    300         -2.68088440      -1.08019103      -1.74522393
137    300         -2.66583014      -1.10357213      -1.68550525
138    300         -2.63609212      -1.11355002      -1.66242967
139    300         -2.61045809      -1.09362905      -1.68069306
140    300         -2.60484054      -1.06464971      -1.71787750
141    300         -2.60621646      -1.05239491      -1.74881090
142    300         -2.59690690      -1.06290089      -1.76991739
143    300         -2.56876355      -1.07980301      -1.77369838
144    300         -2.52368140      -1.09674231      -1.76778033
145    300         -2.48589846      -1.10636614      -1.76026365
146    300         -2.47141163      -1.08447287      -1.75692692
147    300         -2.46997853      -1.03233849      -1.77400624
148    300         -2.47930410      -0.96593389      -1.80995723
149    300         -2.49094765      -0.91501468      -1.84505364
150    300         -2.50580226      -0.92171337      -1.87158691
151    300         -2.51325687      -0.98122527      -1.90887372
152    300         -2.49758044      -1.03123302      -1.95161036
153    300         -2.44138711      -1.02037123      -1.95091025
154    300         -2.38576551      -0.95538621      -1.88682017
155    300         -2.37834809      -0.88225517      -1.80917350
156    300         -2.41845165      -0.82700201      -1.76048575
157    300         -2.47162956      -0.78797034      -1.75828606
158    300         -2.51975228      -0.75797877      -1.80184232
159    300         -2.54543916      -0.72258035      -1.87100598
160    300         -2.55725592      -0.69330721      -1.93619317
161    300         -2.55840706      -0.68888375      -1.96897861
162    300         -2.55612581      -0.70634918      -1.96471030
163    300         -2.53951961      -0.73468291      -1.95151358
164    300         -2.51678356      -0.75892115      -1.95505210
165    300         -2.50824540      -0.77191002      -1.98398481
166    300         -2.52258733      -0.76639395      -2.01754884
167    300         -2.54056892      -0.75210795      -2.05006758
168    300         -2.53843828      -0.74415343      -2.07996415
169    300         -2.53071940      -0.75568820      -2.09694462
170    300         -2.54543895      -0.75877393      -2.08820467
171    300         -2.58053626      -0.72889930      -2.05791296
172    300         -2.61379270      -0.66124026      -2.02845601
173    300         -2.61753552      -0.58729918      -2.04461997
174    300         -2.58794816      -0.55329816      -2.10301135
175    300         -2.53565749      -0.58105640      -2.12690003
176    300         -2.48064297      -0.62531348      -2.08209666
177    300         -2.44587801      -0.64741072      -2.01315870
178    300         -2.44226094      -0.63941058      -1.96657839
179    300         -2.46858051      -0.61456796      -1.94097062
180    300         -2.51903851      -0.60366314      -1.91690449
181    300         -2.58399794      -0.64998936      -1.89340968
182    300         -2.63657872      -0.74259012      -1.88635891
183    300         -2.64631081      -0.82027189      -1.91139776
184    300         -2.58204384      -0.83145001      -1.92700116
185    300         -2.47020859      -0.78188580      -1.92517063
186    300         -2.36088116      -0.74941851      -1.92613210
187    300         -2.30173345      -0.76427346      -1.94968596
188    300         -2.31154711      -0.79835368      -1.97049216
189    300         -2.33841652      -0.81142395      -1.97639114
190    300         -2.31587126      -0.80757342      -1.97533564
191    300         -2.23243392      -0.80177892      -2.00162156
192    300         -2.18125342      -0.82378790      -2.05336985
193    300         -2.20790998      -0.86731993      -2.10838682
194    300         -2.24041784      -0.91607997      -2.12970921
195    300         -2.24789272      -0.95431827      -2.13080646
196    300         -2.25788438      -0.97234728      -2.13597828
197    300         -2.29182452      -0.97751168      -2.14288153
198    300         -2.32705568      -0.99102025      -2.13009107
199    300         -2.33851949      -1.03528072      -2.10633498
200    300         -2.34148906      -1.09458765      -2.07406192
201    300         -2.36493290      -1.13752698      -2.03164244
202    300         -2.39643731      -1.14251697      -1.98099863
203    300         -2.40442846      -1.13096908      -1.95473464
204    300         -2.39565324      -1.13419412      -1.94059573
205    300         -2.38553611      -1.13348306      -1.92630163
206    300         -2.40001947      -1.11632841      -1.89326900
207    300         -2.46105708      -1.09251680      -1.86921430
208    300         -2.54972835      -1.10488719      -1.86250946
209    300         -2.62806229      -1.16389527      -1.87083941
210    300         -2.65166189      -1.22267913      -1.89297663
211    300         -2.61615799      -1.24390584      -1.93962295
212    300         -2.54468261      -1.24460598      -2.00179527
213    300         -2.45513033      -1.26140772      -2.06419331
214    300         -2.37542682      -1.32314866      -2.08102530
215    300         -2.33013519      -1.41375073      -2.04139459
216    300         -2.32294673      -1.48653677      -1.98812445
217    300         -2.31038625      -1.50843125      -1.96411144
218    300         -2.26373025      -1.50026647      -1.97607311
219    300         -2.21821741      -1.48636837      -2.02584786
220    300         -2.21060192      -1.48599713      -2.08748460
221    300         -2.23842662      -1.50604605      -2.11699026
222    300         -2.28474184      -1.53559648      -2.10775842
223    300         -2.33988917      -1.55736366      -2.09290877
224    300         -2.39043764      -1.57877005      -2.09662497
225    300         -2.42407264      -1.60170691      -2.10733043
226    300         -2.43966189      -1.61613728      -2.07869945
227    300         -2.44872275      -1.61714793      -2.00624176
228    300         -2.44383937      -1.60495581      -1.93857367
229    300         -2.41795398      -1.60094881      -1.88631818
230    300         -2.36643333      -1.59106666      -1.86391043
231    300         -2.31489156      -1.58118854      -1.84631911
232    300         -2.29215425      -1.60012174      -1.81349128
233    300         -2.29618021      -1.67138632      -1.78608391
234    300         -2.30738594      -1.77213892      -1.79881813
235    300         -2.29313025      -1.83193059      -1.83663727
236    300         -2.22390116      -1.80114312      -1.87714010
237    300         -2.14670395      -1.71379859      -1.91116652
238    300         -2.11952193      -1.60950903      -1.96230710
239    300         -2.16060254      -1.52696587      -2.04787528
240    300         -2.26225104      -1.49564001      -2.14447209
241    300         -2.38421798      -1.50597979      -2.19921437
242    300         -2.47436223      -1.51679943      -2.19684425
243    300         -2.50427594      -1.52916687      -2.16684144
244    300         -2.49786935      -1.54671815      -2.12438064
245    300         -2.49950821      -1.57666514      -2.09548717
246    300         -2.51705604      -1.59539676      -2.08467730
247    300         -2.55560181      -1.60025849      -2.07129647
248    300         -2.59303820      -1.58818105      -2.02999158
249    300         -2.62607346      -1.59445761      -1.96748362
250    300         -2.66620180      -1.62685996      -1.89854588
251    300         -2.70372973      -1.67682834      -1.83608507
252    300         -2.74114473      -1.73712748      -1.79708798
253    300         -2.76809697      -1.80190255      -1.80801020
254    300         -2.77617850      -1.84606085      -1.85175128
255    300         -2.76715562      -1.82580757      -1.89718092
256    300         -2.79312981      -1.77604817      -1.91868661
257    300         -2.86061465      -1.75036822      -1.92165904
258    300         -2.94463225      -1.76257796      -1.93517975
259    300         -3.02073796      -1.79227586      -1.96359303
260    300         -3.07515470      -1.82384177      -1.99697179
261    300         -3.11171849      -1.85542210      -2.02970777
262    300         -3.14016213      -1.88342323      -2.05576756
263    300         -3.14442136      -1.89273323      -2.07742394
264    300         -3.15256195      -1.88636328      -2.08991629
265    300         -3.19202154      -1.89973487      -2.09664633
266    300         -3.28009288      -1.94853001      -2.11705794
267    300         -3.36967706      -1.98183813      -2.14933432
268    300         -3.43681002      -1.96850603      -2.17199724
269    300         -3.47794370      -1.94002068      -2.19176307
270    300         -3.51994928      -1.92787243      -2.20568505
271    300         -3.55125995      -1.93937833      -2.19841808
272    300         -3.56773922      -1.95626339      -2.16771877
273    300         -3.58584518      -1.94950423      -2.14013159
274    300         -3.59139957      -1.93983490      -2.12455162
275    300         -3.54926833      -1.95234683      -2.11171031
276    300         -3.50635143      -1.93980880      -2.06949096
277    300         -3.47806477      -1.90609276      -2.01203635
278    300         -3.44298305      -1.86964969      -1.94997486
279    300         -3.39686068      -1.85385305      -1.91512994
280    300         -3.37593345      -1.84547254      -1.89407198
281    300         -3.38362876      -1.85121607      -1.86003276
282    300         -3.40019793      -1.89651748      -1.83694545
283    300         -3.40342652      -1.94378018      -1.85958646
284    300         -3.39025567      -1.95067117      -1.91354359
285    300         -3.37238135      -1.89837538      -1.94416743
286    300         -3.33807268      -1.84547158      -1.97356267
287    300         -3.28870770      -1.82635309      -2.00322503
288    300         -3.23886616      -1.82511098      -2.00736354
289    300         -3.18274558      -1.82748610      -1.97723656
290    300         -3.13001056      -1.84508988      -1.93212198
291    300         -3.11555615      -1.88716264      -1.89464492
292    300         -3.15331683      -1.94607322      -1.86841298
293    300         -3.19581278      -1.99312518      -1.85384518
294    300         -3.19698600      -2.00657111      -1.84875096
295    300         -3.15573300      -1.97244294      -1.84005671
296    300         -3.11699924      -1.93114914      -1.83754679
297    300         -3.09442571      -1.90435756      -1.84934787
298    300         -3.10361079      -1.91051252      -1.85637540
299    300         -3.13189422      -1.93828218      -1.87590618
300    300         -3.14940164      -1.97677986      -1.92351176
301    300         -3.13149665      -2.01455399      -2.00027992
302    300         -3.12824370      -2.04844444      -2.04532163
303    300         -3.16235299      -2.08807963      -2.03797865
304    300         -3.17603017      -2.14724627      -2.02411472
305    300         -3.11593234      -2.24004338      -2.04961659
306    300         -3.01849723      -2.34525979      -2.10044780
307    300         -2.97116284      -2.43994719      -2.14490309
308    300         -2.98162904      -2.51258454      -2.14553971
309    300         -2.99481235      -2.54115706      -2.11448252
310    300         -2.99329588      -2.51995279      -2.07067471
311    300         -3.01467032      -2.46842254      -2.03512519
312    300         -3.05889976      -2.43218093      -2.01543351
313    300         -3.10739660      -2.43523182      -2.02054862
314    300         -3.13336924      -2.47294209      -2.04716642
315    300         -3.11963196      -2.53216457      -2.07121580
316    300         -3.10188931      -2.57366685      -2.07495950
317    300         -3.08638138      -2.59067433      -2.03677404
318    300         -3.06689694      -2.60103557      -1.95850892
319    300         -3.05957283      -2.61322980      -1.87800753
320    300         -3.09564343      -2.60800637      -1.80959838
321    300         -3.17076868      -2.58596097      -1.77142966
322    300         -3.25181535      -2.58262033      -1.79098337
323    300         -3.30674810      -2.58693577      -1.86045354
324    300         -3.32482106      -2.56726807      -1.93549678
325    300         -3.34178649      -2.49601673      -1.98650395
326    300         -3.37020322      -2.38197690      -2.01041459
327    300         -3.38391755      -2.26043785      -2.01048192
328    300         -3.36548366      -2.20016050      -2.03135051
329    300         -3.32259259      -2.22836713      -2.09874695
330    300         -3.27042097      -2.27587976      -2.18400416
331    300         -3.23471155      -2.28646527      -2.22908819
332    300         -3.25301480      -2.28869336      -2.21930515
333    300         -3.35955897      -2.32975100      -2.20012279
334    300         -3.49733321      -2.39356404      -2.21603160
335    300         -3.55040965      -2.43090701      -2.27872091
336    300         -3.50469939      -2.42151537      -2.38156577
337    300         -3.48550261      -2.39014994      -2.48678990
338    300         -3.55212111      -2.37935905      -2.56468952
339    300         -3.62161128      -2.39519110      -2.61938173
340    300         -3.63426965      -2.41485213      -2.67368748
341    300         -3.62499834      -2.41837301      -2.73207105
342    300         -3.65641622      -2.40862720      -2.76731616
343    300         -3.70756719      -2.39761942      -2.78832048
344    300         -3.72578854      -2.36463544      -2.79049300
345    300         -3.72608553      -2.28229687      -2.74385625
346    300         -3.77024343      -2.17123052      -2.64824531
347    300         -3.86224793      -2.10846591      -2.52954735
348    300         -3.93330554      -2.12187944      -2.45540609
349    300         -3.95407034      -2.13603937      -2.45361911
350    300         -3.95177082      -2.10158777      -2.52704565
351    300         -3.97125068      -2.06849935      -2.59891276
352    300         -3.99907236      -2.02356194      -2.61124507
353    300         -4.01991097      -1.93955667      -2.60094469
354    300         -4.01916756      -1.85871838      -2.62633767
355    300         -4.04585540      -1.83923531      -2.67794021
356    300         -4.08790149      -1.87744590      -2.74256129
357    300         -4.09897143      -1.92248591      -2.79608869
358    300         -4.06464383      -1.92385291      -2.80205839
359    300         -4.02191755      -1.88178038      -2.76453861
360    300         -4.01576647      -1.83064533      -2.71518522
361    300         -4.04617153      -1.79332455      -2.66973984
362    300         -4.06727336      -1.75465540      -2.65296099
363    300         -4.07841423      -1.70273666      -2.63855832
364    300         -4.10849647      -1.65572747      -2.59499723
365    300         -4.15632514      -1.63411056      -2.54311092
366    300         -4.18367668      -1.62923893      -2.53379071
367    300         -4.17607389      -1.62823449      -2.58316828
368    300         -4.16704399      -1.63355700      -2.65059002
369    300         -4.18112246      -1.63204773      -2.71295968
370    300         -4.22159292      -1.61524815      -2.76057608
371    300         -4.25858157      -1.58504721      -2.77655462
372    300         -4.25816337      -1.52799167      -2.73278431
373    300         -4.21538534      -1.46649869      -2.65771685
374    300         -4.17487571      -1.42758356      -2.63325473
375    300         -4.15509764      -1.41335958      -2.68343684
376    300         -4.13216408      -1.41376819      -2.73019084
377    300         -4.13720979      -1.40733457      -2.75467245
378    300         -4.16202927      -1.38750470      -2.74944509
379    300         -4.18870164      -1.35748684      -2.71836860
380    300         -4.21149818      -1.31325284      -2.68398125
381    300         -4.23562856      -1.31725317      -2.67758448
382    300         -4.22807960      -1.36455481      -2.69135486
383    300         -4.16509268      -1.40972350      -2.69213040
384    300         -4.05615445      -1.44716205      -2.68102214
385    300         -3.94858845      -1.49001486      -2.68683795
386    300         -3.90492521      -1.52554452      -2.69082519
387    300         -3.92825669      -1.56025604      -2.67728810
388    300         -3.99168240      -1.60281820      -2.63379475
389    300         -4.04098791      -1.64640699      -2.58748552
390    300         -4.02633666      -1.66590058      -2.56052453
391    300         -3.96503217      -1.66131634      -2.55352928
392    300         -3.91578782      -1.68292199      -2.54175341
393    300         -3.89053772      -1.75743641      -2.49765736
394    300         -3.85982554      -1.84371365      -2.41392513
395    300         -3.81297155      -1.90908093      -2.33437566
396    300         -3.79009494      -1.95364317      -2.28295040
397    300         -3.80314038      -1.97179826      -2.26894525
398    300         -3.81612186      -1.92214541      -2.28691138
399    300         -3.77908634      -1.79611678      -2.31064421
400    300         -3.69692792      -1.64579798      -2.31193389
401    300         -3.65644218      -1.57167490      -2.31401584
402    300         -3.68721651      -1.59256982      -2.31811556
403    300         -3.71766426      -1.65006401      -2.30481175
404    300         -3.68092913      -1.70019086      -2.24780855
405    300         -3.57039427      -1.71453368      -2.16327992
406    300         -3.45357524      -1.68952655      -2.09036191
407    300         -3.37414926      -1.65446896      -2.04997587
408    300         -3.32331046      -1.63818960      -2.02493889
409    300         -3.28514033      -1.64805324      -2.00228504
410    300         -3.27290780      -1.68146034      -1.96862577
411    300         -3.27610562      -1.73244246      -1.92897405
412    300         -3.26855304      -1.76625620      -1.90568586
413    300         -3.24155160      -1.76945775      -1.91279500
414    300         -3.22212859      -1.75529415      -1.90688135
415    300         -3.20870461      -1.74028189      -1.87646310
416    300         -3.18115675      -1.72668251      -1.83618240
417    300         -3.13112626      -1.72948749      -1.81964831
418    300         -3.05939251      -1.73982058      -1.83733528
419    300         -2.99909180      -1.74875917      -1.85385288
420    300         -2.98324323      -1.75651718      -1.83467329
421    300         -2.98283952      -1.78894116      -1.79843789
422    300         -2.96498307      -1.85227887      -1.78247893
423    300         -2.92772973      -1.92710826      -1.81030848
424    300         -2.89287678      -2.00230595      -1.84986128
425    300         -2.84678367      -2.05396172      -1.87890267
426    300         -2.78570609      -2.04996873      -1.88960372
427    300         -2.74803272      -2.02116068      -1.90164570
428    300         -2.74549332      -2.01803200      -1.92625208
429    300         -2.77888982      -2.06628412      -1.96581499
430    300         -2.83296429      -2.12475938      -2.01735630
431    300         -2.87565648      -2.15466332      -2.07335490
432    300         -2.87231614      -2.15793325      -2.11191975
433    300         -2.85038107      -2.13489990      -2.12976046
434    300         -2.85584780      -2.08507799      -2.12554092
435    300         -2.91449901      -2.01634419      -2.10632828
436    300         -2.99204693      -1.95154150      -2.12274298
437    300         -3.01397161      -1.93968084      -2.16681994
438    300         -2.96674908      -1.97004561      -2.19936975
439    300         -2.91264506      -2.01061464      -2.21113870
440    300         -2.88284183      -2.05384352      -2.22459088
441    300         -2.90262253      -2.10574337      -2.25100513
442    300         -2.96374185      -2.15298830      -2.26396751
443    300         -3.00590482      -2.16386749      -2.23691689
444    300         -2.99311812      -2.14387056      -2.17036615
445    300         -2.94737194      -2.14104895      -2.11465927
446    300         -2.89244720      -2.17363664      -2.12879643
447    300         -2.83848046      -2.24020405      -2.19905972
448    300         -2.78848529      -2.31850646      -2.24948516
449    300         -2.76159026      -2.37569481      -2.21704158
450    300         -2.77175364      -2.39651536      -2.11065853
451    300         -2.82300240      -2.40204988      -1.99671791
452    300         -2.88475113      -2.43897036      -1.93124326
453    300         -2.93903924      -2.52256876      -1.93857639
454    300         -2.98576291      -2.61024576      -2.01067918
455    300         -3.01918170      -2.66682144      -2.08589737
456    300         -3.01882195      -2.70722385      -2.10582300
457    300         -2.99429333      -2.77798194      -2.04320599
458    300         -2.96698557      -2.88411477      -1.93678151
459    300         -2.96896873      -2.97392827      -1.85304476
460    300         -2.97575907      -3.00613683      -1.84024314
461    300         -2.96651532      -3.00841296      -1.89436654
462    300         -2.94161326      -3.00299091      -1.95471160
463    300         -2.92015534      -2.97933542      -1.97075457
464    300         -2.92304415      -2.96363543      -1.96252291
465    300         -2.94991097      -2.98751652      -1.96370037
466    300         -2.99072517      -3.02769646      -1.97789728
467    300         -3.01961443      -3.04353312      -2.00991674
468    300         -3.03596379      -3.00452561      -2.06279081
469    300         -3.06696211      -2.92406219      -2.12038769
470    300         -3.14155174      -2.86727388      -2.17081434
471    300         -3.26814949      -2.86510687      -2.18327089
472    300         -3.40164270      -2.90158955      -2.15271643
473    300         -3.52524787      -2.94803153      -2.09969510
474    300         -3.63672264      -3.00813958      -2.07169519
475    300         -3.71894389      -3.07207299      -2.08275187
476    300         -3.75702456      -3.13841628      -2.13104452
477    300         -3.77598313      -3.18665523      -2.18464001
478    300         -3.81102283      -3.20665268      -2.20818348
479    300         -3.87102111      -3.21825202      -2.18651429
480    300         -3.92549002      -3.23992035      -2.13252903
481    300         -3.94804054      -3.26777157      -2.08549700
482    300         -3.94711683      -3.31645140      -2.07667845
483    300         -3.92748949      -3.36375771      -2.09648864
484    300         -3.90517233      -3.36866212      -2.10824424
485    300         -3.89374277      -3.32369096      -2.10449001
486    300         -3.87444831      -3.27424307      -2.11626996
487    300         -3.84244440      -3.25564560      -2.14355426
488    300         -3.80849066      -3.26982665      -2.15894230
489    300         -3.78843237      -3.32835964      -2.12631112
490    300         -3.76621728      -3.40342535      -2.06801705
491    300         -3.73030893      -3.41373600      -2.00984160
492    300         -3.70119021      -3.35998462      -1.98375349
493    300         -3.70427870      -3.32136837      -1.99274550
494    300         -3.74212659      -3.32854207      -2.02445089
495    300         -3.77181202      -3.36936828      -2.03873085
496    300         -3.76248269      -3.41021404      -2.01252352
497    300         -3.71758835      -3.43427003      -1.97279613
498    300         -3.64285789      -3.43983468      -1.97398854
499    300         -3.55288081      -3.43083351      -2.02405270
500    300         -3.45633847      -3.42399986      -2.07268428
501    300         -3.36859241      -3.43585594      -2.07987961
502    300         -3.31267662      -3.46136899      -2.05508975
503    300         -3.27061070      -3.48937680      -2.05284246
504    300         -3.21632755      -3.51408545      -2.09563780
505    300         -3.17703483      -3.55715666      -2.13327348
506    300         -3.15834527      -3.58805105      -2.12601790
507    300         -3.14549980      -3.60158617      -2.08577636
508    300         -3.14209778      -3.62073015      -2.04551140
509    300         -3.14145957      -3.66106321      -2.02695184
510    300         -3.13466626      -3.70115497      -2.03454692
511    300         -3.10355518      -3.71718798      -2.04839556
512    300         -3.06615969      -3.69686337      -2.01448439
513    300         -3.02177820      -3.66266726      -1.91191395
514    300         -2.96764273      -3.66703945      -1.79991737
515    300         -2.92018180      -3.68932736      -1.71896749
516    300         -2.90403373      -3.65783974      -1.68399882
517    300         -2.94200264      -3.58288014      -1.68728437
518    300         -3.02637021      -3.49957502      -1.71376712
519    300         -3.12178289      -3.46537973      -1.71687461
520    300         -3.20829762      -3.48955970      -1.64635674
521    300         -3.28073456      -3.52171168      -1.54075958
522    300         -3.32835066      -3.52406029      -1.46501925
523    300         -3.36039002      -3.54657841      -1.44175324
524    300         -3.37731943      -3.59403990      -1.46771118
525    300         -3.36804839      -3.63678461      -1.49554099
526    300         -3.33700517      -3.61240088      -1.50181917
527    300         -3.32056449      -3.51190472      -1.49306968
528    300         -3.32885880      -3.43844956      -1.50157882
529    300         -3.36590736      -3.47930918      -1.53354269
530    300         -3.39704554      -3.58680723      -1.55855859
531    300         -3.38593699      -3.67517399      -1.55774615
532    300         -3.33895974      -3.71026249      -1.55616356
533    300         -3.28466109      -3.70976923      -1.56001258
534    300         -3.23048097      -3.70307613      -1.57364472
535    300         -3.20970061      -3.69260388      -1.58571672
536    300         -3.21832063      -3.68434667      -1.58329794
537    300         -3.22825837      -3.68250869      -1.54207757
538    300         -3.21267445      -3.68316954      -1.50260334
539    300         -3.17576867      -3.68624027      -1.52520348
540    300         -3.11474071      -3.69087608      -1.59157707
541    300         -3.04286706      -3.68511371      -1.62736978
542    300         -2.99130108      -3.66069064      -1.63074964
543    300         -2.96637194      -3.63168153      -1.60279865
544    300         -2.95760953      -3.62203303      -1.55944917
545    300         -2.96518834      -3.61767942      -1.51608068
546    300         -2.97403589      -3.60870115      -1.49758652
547    300         -2.97064643      -3.61362323      -1.48998984
548    300         -2.93862650      -3.62952641      -1.49671160
549    300         -2.90041776      -3.64289445      -1.52805442
550    300         -2.87215648      -3.64969402      -1.57317073
551    300         -2.85563006      -3.67698896      -1.60281803
552    300         -2.83279610      -3.73512611      -1.62880999
553    300         -2.81356041      -3.80794188      -1.63970525
554    300         -2.80150795      -3.82965764      -1.64153115
555    300         -2.79009167      -3.77039995      -1.64972639
556    300         -2.74562884      -3.70416883      -1.67401301
557    300         -2.65511782      -3.70148017      -1.70013665
558    300         -2.55040083      -3.72885335      -1.74871531
559    300         -2.47069856      -3.73180846      -1.81950333
560    300         -2.41571229      -3.73349429      -1.86568152
561    300         -2.37831692      -3.77128110      -1.83260138
562    300         -2.37297404      -3.82246154      -1.73421862
563    300         -2.38048642      -3.83707502      -1.68595983
564    300         -2.37216138      -3.80980943      -1.75897204
565    300         -2.34376411      -3.78066553      -1.84626061
566    300         -2.32883606      -3.77564136      -1.85329263
567    300         -2.34645100      -3.77531030      -1.79166395
568    300         -2.37265086      -3.76753684      -1.71971573
569    300         -2.37887136      -3.76627980      -1.68012838
570    300         -2.37769451      -3.77976183      -1.68542935
571    300         -2.38901640      -3.79508472      -1.72531896
572    300         -2.39158056      -3.79339823      -1.76676089
573    300         -2.33144432      -3.77420312      -1.75178123
574    300         -2.22597113      -3.73943389      -1.70933610
575    300         -2.12067114      -3.69897586      -1.67494256
576    300         -2.04335989      -3.67440227      -1.68261805
577    300         -1.98813730      -3.69324482      -1.70429737
578    300         -1.94603090      -3.71967421      -1.70763592
579    300         -1.94311278      -3.74536305      -1.70410587
580    300         -1.97954078      -3.77717417      -1.70113859
581    300         -1.99942582      -3.80810531      -1.69247289
582    300         -1.97391468      -3.83106086      -1.67701697
583    300         -1.89939177      -3.81738204      -1.67682610
584    300         -1.82874818      -3.76558270      -1.70279535
585    300         -1.78432224      -3.71741076      -1.73798242
586    300         -1.76290118      -3.69261618      -1.76368869
587    300         -1.76162433      -3.65674865      -1.78814998
588    300         -1.76196228      -3.62108564      -1.83527896
589    300         -1.75476689      -3.59180826      -1.88884130
590    300         -1.74888871      -3.60772672      -1.92280472
591    300         -1.74029231      -3.66409209      -1.93518968
592    300         -1.70963932      -3.69082716      -1.93439216
593    300         -1.65141351      -3.62951681      -1.93781295
594    300         -1.60886567      -3.50683257      -1.95508268
595    300         -1.57239853      -3.40128662      -1.98803357
596    300         -1.51862488      -3.38263087      -2.03671926
597    300         -1.47897241      -3.42451098      -2.06370201
598    300         -1.45053992      -3.45733345      -2.06691403
599    300         -1.42424397      -3.42703865      -2.05351905
600    300         -1.40548787      -3.37442467      -2.03671305
601    300         -1.42547021      -3.33213914      -1.99732943
602    300         -1.45254294      -3.34097207      -1.96731384
603    300         -1.44424631      -3.39464496      -1.97340099
604    300         -1.41568355      -3.44553171      -1.99106415
605    300         -1.40950202      -3.42688710      -1.97941689
606    300         -1.43479946      -3.37066270      -1.96629874
607    300         -1.46698475      -3.36188693      -1.94464490
608    300         -1.48887659      -3.44369492      -1.90464099
609    300         -1.51002048      -3.54086990      -1.89273686
610    300         -1.53485318      -3.55556397      -1.93378893
611    300         -1.54233225      -3.50345266      -1.99225952
612    300         -1.51825077      -3.48632355      -2.03582471
613    300         -1.50476391      -3.54825131      -2.05330058
614    300         -1.52707180      -3.66078454      -2.05336292
615    300         -1.56541987      -3.75465197      -2.05464276
616    300         -1.56955879      -3.79054308      -2.05853539
617    300         -1.52936452      -3.80150561      -2.05531015
618    300         -1.48141252      -3.82926372      -2.01589668
619    300         -1.46835501      -3.87703708      -1.93083670
620    300         -1.50694260      -3.94269350      -1.85480737
621    300         -1.58273233      -3.99355946      -1.85582281
622    300         -1.67342567      -4.02367788      -1.90733517
623    300         -1.74450643      -4.05884544      -1.92496414
624    300         -1.78095831      -4.11652208      -1.89201882
625    300         -1.82396404      -4.17509306      -1.84844890
626    300         -1.89015229      -4.22199868      -1.81910678
627    300         -1.94349906      -4.22648959      -1.80958010
628    300         -1.98495815      -4.17137973      -1.79447998
629    300         -2.05167794      -4.06881419      -1.78100261
630    300         -2.14473487      -3.97657335      -1.79035618
631    300         -2.25161862      -3.94204687      -1.84198379
632    300         -2.36419132      -3.95173171      -1.91823470
633    300         -2.48016893      -3.98005255      -1.97421206
634    300         -2.56861145      -3.99517021      -1.96436071
635    300         -2.61188173      -3.97630934      -1.91827455
636    300         -2.63275603      -3.90360270      -1.90386361
637    300         -2.64243359      -3.81003389      -1.92193861
638    300         -2.64685787      -3.74773270      -1.92957363
639    300         -2.69081960      -3.76362287      -1.91519758
640    300         -2.76470301      -3.83823413      -1.90420747
641    300         -2.86036246      -3.90537984      -1.92376627
642    300         -2.93637083      -3.90858392      -1.97764939
643    300         -2.99577051      -3.86409604      -2.02252458
644    300         -3.04254203      -3.83013761      -2.05456911
645    300         -3.06682039      -3.81453749      -2.09121942
646    300         -3.06593354      -3.78342942      -2.12624723
647    300         -3.05043586      -3.69771709      -2.12667206
648    300         -3.02155141      -3.59469968      -2.10489076
649    300         -3.00865398      -3.51972278      -2.06509449
650    300         -3.01600789      -3.50867257      -2.00980558
651    300         -3.04323757      -3.52984367      -1.96518811
652    300         -3.08074344      -3.56068727      -1.94774415
653    300         -3.10860428      -3.58444763      -1.92376585
654    300         -3.10158475      -3.60117146      -1.87743127
655    300         -3.06368350      -3.59938193      -1.83541302
656    300         -3.01507112      -3.60213749      -1.85008411
657    300         -2.94762820      -3.64327978      -1.89326283
658    300         -2.87305496      -3.71400891      -1.91486883
659    300         -2.81777175      -3.75034170      -1.90694552
660    300         -2.79280662      -3.74667139      -1.87486408
661    300         -2.78117082      -3.72609416      -1.82035233
662    300         -2.76544539      -3.73608555      -1.78244370
663    300         -2.75060337      -3.77570797      -1.78424768
664    300         -2.74819659      -3.81970193      -1.77885354
665    300         -2.73402189      -3.84391581      -1.71248716
666    300         -2.68871537      -3.86795666      -1.65295151
667    300         -2.63650769      -3.88700939      -1.69285746
668    300         -2.59041893      -3.93034175      -1.80368334
669    300         -2.53539241      -3.99687597      -1.90047659
670    300         -2.47860441      -4.09039149      -1.95927046
671    300         -2.42442506      -4.16741783      -2.01146646
672    300         -2.38249557      -4.21240187      -2.06781030
673    300         -2.35252626      -4.23971269      -2.11353920
674    300         -2.33080246      -4.28349925      -2.11950182
675    300         -2.33429694      -4.35849774      -2.09406757
676    300         -2.35120193      -4.44907931      -2.08828830
677    300         -2.36376492      -4.51227830      -2.12856405
678    300         -2.35040778      -4.52765281      -2.17637920
679    300         -2.30996696      -4.54349186      -2.20287158
680    300         -2.27539479      -4.57013131      -2.22674162
681    300         -2.27998681      -4.58920500      -2.27433765
682    300         -2.30323834      -4.58612728      -2.29710255
683    300         -2.32832238      -4.58971001      -2.27606720
684    300         -2.35019857      -4.60879029      -2.25282686
685    300         -2.34721059      -4.65297243      -2.30470946
686    300         -2.29692055      -4.70934337      -2.40417954
687    300         -2.19165081      -4.73420115      -2.48860126
688    300         -2.07143489      -4.71776794      -2.54197532
689    300         -1.99046912      -4.69900083      -2.58523620
690    300         -1.97403279      -4.69027876      -2.61917321
691    300         -1.99475045      -4.67311723      -2.64643806
692    300         -2.02587677      -4.63853273      -2.65368887
693    300         -2.05969519      -4.59476911      -2.64892354
694    300         -2.07119650      -4.54855178      -2.67921124
695    300         -2.03844631      -4.51238185      -2.78425693
696    300         -1.97340237      -4.50947892      -2.90369269
697    300         -1.90012563      -4.51548837      -2.99151789
698    300         -1.81686308      -4.49762679      -3.05210086
699    300         -1.72495321      -4.45611939      -3.08956136
700    300         -1.64654369      -4.44909767      -3.08430237
701    300         -1.58396299      -4.49788909      -3.06056937
702    300         -1.54629817      -4.56631468      -3.06189255
703    300         -1.54068937      -4.62592948      -3.09010900
704    300         -1.52823843      -4.66340222      -3.09025705
705    300         -1.48881356      -4.69508248      -3.03355935
706    300         -1.46593886      -4.72149451      -2.92734255
707    300         -1.49309950      -4.75020449      -2.83794983
708    300         -1.56590174      -4.76438153      -2.80823067
709    300         -1.64778427      -4.73447756      -2.80179156
710    300         -1.67838841      -4.69534894      -2.76528197
711    300         -1.63290168      -4.70180286      -2.68462542
712    300         -1.56173956      -4.72528630      -2.59050493
713    300         -1.53105852      -4.74346354      -2.52285570
714    300         -1.56607410      -4.78863126      -2.49083067
715    300         -1.65810158      -4.84307777      -2.48640509
716    300         -1.75707944      -4.84175826      -2.48004849
717    300         -1.80297622      -4.80869609      -2.43471150
718    300         -1.79282724      -4.81270971      -2.33535946
719    300         -1.80556487      -4.86548440      -2.25046361
720    300         -1.85086508      -4.90799497      -2.23924116
721    300         -1.88537567      -4.92963687      -2.26494653
722    300         -1.89113232      -4.94460503      -2.27014212
723    300         -1.89218319      -4.93894478      -2.22507877
724    300         -1.90238959      -4.92707649      -2.15527576
725    300         -1.92414588      -4.92186818      -2.08324578
726    300         -1.94507863      -4.94228634      -1.99190244
727    300         -1.95380144      -4.95077617      -1.89316569
728    300         -1.95467173      -4.93466007      -1.82714584
729    300         -1.97657426      -4.94208478      -1.81236958
730    300         -1.98656753      -4.97555051      -1.81043199
731    300         -1.97916280      -4.98258667      -1.80343783
732    300         -1.98541154      -4.94973549      -1.81677249
733    300         -2.01269264      -4.92348047      -1.84298711
734    300         -2.03848013      -4.91266182      -1.83558915
735    300         -2.04876251      -4.91790677      -1.78064577
736    300         -2.06215228      -4.93232993      -1.72455072
737    300         -2.09326937      -4.96010732      -1.71451385
738    300         -2.15533455      -4.98254518      -1.76360619
739    300         -2.24205926      -4.99144805      -1.83050704
740    300         -2.29534827      -4.98408444      -1.86997112
741    300         -2.28827742      -4.98046930      -1.88795219
742    300         -2.24901319      -4.99255328      -1.89600484
743    300         -2.20861395      -4.99608785      -1.91418257
744    300         -2.19382920      -4.98747579      -1.95676006
745    300         -2.20686215      -4.96946813      -2.04074889
746    300         -2.21926077      -4.94436545      -2.15060698
747    300         -2.20918759      -4.93228578      -2.21147955
748    300         -2.18550287      -4.96940803      -2.20832258
749    300         -2.18143652      -5.04894504      -2.22078557
750    300         -2.22975132      -5.11563735      -2.26934199
751    300         -2.29710286      -5.11706258      -2.30641483
752    300         -2.34793539      -5.09017601      -2.29808814
753    300         -2.37402952      -5.08320110      -2.27349467
754    300         -2.39762668      -5.07947160      -2.28153543
755    300         -2.41740020      -5.06875652      -2.31955790
756    300         -2.41405743      -5.04129359      -2.34469066
757    300         -2.40520335      -5.02617144      -2.33771482
758    300         -2.41671482      -5.01389638      -2.33989072
759    300         -2.43090084      -4.95756326      -2.36373400
760    300         -2.43763172      -4.85400948      -2.40032531
761    300         -2.43094585      -4.76953639      -2.39036243
762    300         -2.44460283      -4.73073168      -2.31955172
763    300         -2.50364866      -4.75196803      -2.24937245
764    300         -2.55668970      -4.76193445      -2.22469197
765    300         -2.55331927      -4.70710867      -2.24855733
766    300         -2.52743785      -4.62589040      -2.30699983
767    300         -2.54223438      -4.57784746      -2.35150444
768    300         -2.60441759      -4.55821186      -2.34465979
769    300         -2.65178302      -4.50488723      -2.30527220
770    300         -2.66323178      -4.42161534      -2.26495552
771    300         -2.68815551      -4.35218986      -2.23393512
772    300         -2.78056166      -4.29874089      -2.20345405
773    300         -2.89239816      -4.23860598      -2.14342268
774    300         -2.96134262      -4.16114863      -2.07843026
775    300         -2.98228787      -4.08924440      -2.05411591
776    300         -2.98987300      -4.06672360      -2.06973884
777    300         -3.00531840      -4.10911425      -2.09121564
778    300         -3.03631014      -4.16692023      -2.08640781
779    300         -3.08249586      -4.17224477      -2.05856857
780    300         -3.14039584      -4.11309977      -2.03365161
781    300         -3.21950160      -4.02980100      -2.02492666
782    300         -3.30173391      -3.95407824      -2.03620736
783    300         -3.35325776      -3.88342893      -2.04787457
784    300         -3.36999066      -3.82459886      -2.03168179
785    300         -3.38582967      -3.81151332      -1.97846205
786    300         -3.41480091      -3.83974286      -1.89744923
787    300         -3.42357753      -3.87933902      -1.83614129
788    300         -3.40185398      -3.89743733      -1.82542481
789    300         -3.37182577      -3.89387603      -1.85641572
790    300         -3.35670380      -3.88702401      -1.88139464
791    300         -3.36322589      -3.90011362      -1.86840717
792    300         -3.36832883      -3.93104958      -1.82478662
793    300         -3.36012868      -3.93696288      -1.78500789
794    300         -3.32972628      -3.93818474      -1.77163094
795    300         -3.30144624      -3.95844866      -1.77783648
796    300         -3.28607994      -4.00795690      -1.79898821
797    300         -3.28803136      -4.09183699      -1.82350823
798    300         -3.29442579      -4.18289687      -1.84646713
799    300         -3.25258971      -4.24418992      -1.87875188
800    300         -3.15696410      -4.24423285      -1.91200068
801    300         -3.03825140      -4.18235238      -1.93631059
802    300         -2.95198000      -4.12063964      -1.95543612
803    300         -2.94982187      -4.12794764      -1.99567682
804    300         -3.00740699      -4.19166441      -2.05627275
805    300         -3.04694873      -4.24519354      -2.10585157
806    300         -3.03461059      -4.25215615      -2.10175622
807    300         -3.01418837      -4.20831117      -2.04758489
808    300         -3.01486348      -4.15740527      -1.99944839
809    300         -2.99253107      -4.12976790      -1.97546087
810    300         -2.92938567      -4.13144333      -1.97249703
811    300         -2.88502126      -4.15036382      -1.96564631
812    300         -2.92528870      -4.18575719      -1.94078995
813    300         -3.02038725      -4.23696602      -1.89558665
814    300         -3.11846799      -4.28880924      -1.85941240
815    300         -3.19141918      -4.32021683      -1.86354109
816    300         -3.23619782      -4.33587432      -1.92170644
817    300         -3.27045087      -4.32871005      -2.00136621
818    300         -3.30869727      -4.30302157      -2.03883130
819    300         -3.34667204      -4.27422180      -2.02976585
820    300         -3.36287390      -4.26205947      -2.01481193
821    300         -3.34292932      -4.26613325      -2.00633383
822    300         -3.31764250      -4.26047089      -2.00038308
823    300         -3.32274336      -4.21513424      -1.99601316
824    300         -3.34606667      -4.15041777      -1.99218543
825    300         -3.31986370      -4.08188629      -2.00728159
826    300         -3.21428551      -4.01098611      -2.05286309
827    300         -3.07725403      -3.93517784      -2.10680371
828    300         -2.98354713      -3.85095797      -2.13921714
829    300         -2.94458120      -3.76639743      -2.13762774
830    300         -2.92689829      -3.71988476      -2.10316597
831    300         -2.90563423      -3.70612286      -2.05541298
832    300         -2.88675008      -3.71657103      -2.00486283
833    300         -2.89193608      -3.73203393      -1.97289737
834    300         -2.92928466      -3.73138875      -1.97563327
835    300         -2.98231184      -3.69197803      -2.00417232
836    300         -3.01911524      -3.62128099      -2.05427314
837    300         -3.05656219      -3.57381724      -2.13219886
838    300         -3.12179025      -3.57418962      -2.21914219
839    300         -3.18589298      -3.61309911      -2.30624475
840    300         -3.22663103      -3.67724179      -2.38528782
841    300         -3.24800964      -3.73658400      -2.46225713
842    300         -3.27152758      -3.78718032      -2.52633848
843    300         -3.29288910      -3.83414163      -2.57489759
844    300         -3.30721338      -3.87569397      -2.60432304
845    300         -3.31835554      -3.89950339      -2.62351435
846    300         -3.33367314      -3.90543940      -2.64105798
847    300         -3.35498293      -3.90255027      -2.69040524
848    300         -3.38410716      -3.90697206      -2.77944256
849    300         -3.39939910      -3.92832594      -2.88539126
850    300         -3.38460286      -3.96391530      -2.96149632
851    300         -3.34439464      -3.99909523      -2.99613392
852    300         -3.29265497      -4.02149773      -3.00135646
853    300         -3.26335169      -4.03713544      -3.00035683
854    300         -3.26287926      -4.05099190      -3.00422510
855    300         -3.28442110      -4.06189059      -3.02645671
856    300         -3.30084974      -4.05667212      -3.05548369
857    300         -3.30256278      -4.03201528      -3.07171075
858    300         -3.30063307      -4.00609991      -3.06589573
859    300         -3.30234011      -3.98188915      -3.05009072
860    300         -3.27302905      -3.96170012      -3.02466018
861    300         -3.17736748      -3.92741218      -2.98837907
862    300         -3.04814611      -3.89106780      -2.93017961
863    300         -2.94788708      -3.86717803      -2.87084578
864    300         -2.90225952      -3.85882916      -2.82928016
865    300         -2.91031876      -3.87383876      -2.80369564
866    300         -2.93682345      -3.90935895      -2.77878148
867    300         -2.94808307      -3.94474993      -2.74019081
868    300         -2.93657024      -3.96901107      -2.70187512
869    300         -2.91584225      -3.98899784      -2.69442603
870    300         -2.90063878      -4.00523167      -2.70989626
871    300         -2.88608162      -4.01711727      -2.72395759
872    300         -2.86253052      -4.04603986      -2.72427007
873    300         -2.83255495      -4.09851241      -2.71916970
874    300         -2.81318903      -4.12239079      -2.72162283
875    300         -2.82244386      -4.07846413      -2.72897094
876    300         -2.86190645      -4.00499409      -2.72451446
877    300         -2.91463291      -3.96329423      -2.72320760
878    300         -2.94869132      -3.97849837      -2.73861082
879    300         -2.96001724      -4.03446040      -2.75055879
880    300         -2.98336684      -4.10137179      -2.72569834
881    300         -3.01189523      -4.14992615      -2.67047534
882    300         -3.03398247      -4.17338209      -2.63196978
883    300         -3.04817130      -4.19267307      -2.61220706
884    300         -3.06173285      -4.23386936      -2.60711556
885    300         -3.08153322      -4.27829538      -2.58436227
886    300         -3.11239477      -4.32167534      -2.54424463
887    300         -3.14909822      -4.36153559      -2.49223017
888    300         -3.18620292      -4.40658138      -2.43667099
889    300         -3.21084284      -4.44943247      -2.35690619
890    300         -3.21933561      -4.47618664      -2.25717669
891    300         -3.22098116      -4.49469790      -2.15977963
892    300         -3.25271892      -4.51984286      -2.10202711
893    300         -3.32035902      -4.53671577      -2.10140448
894    300         -3.40417478      -4.53440746      -2.15050204
895    300         -3.45564028      -4.50860961      -2.18309629
896    300         -3.45789558      -4.46942187      -2.16379021
897    300         -3.44934527      -4.43163139      -2.11552861
898    300         -3.49806497      -4.41024315      -2.11476296
899    300         -3.57949619      -4.40216909      -2.14448782
900    300         -3.63383236      -4.35876660      -2.13392049
901    300         -3.63129002      -4.27943097      -2.08389258
902    300         -3.60914900      -4.20163844      -2.04243200
903    300         -3.62414943      -4.15272476      -1.99255763
904    300         -3.68152910      -4.13218629      -1.95011476
905    300         -3.75893985      -4.11331486      -1.91988181
906    300         -3.85107001      -4.09322419      -1.92303194
907    300         -3.97494310      -4.05033052      -1.96741995
908    300         -4.14448795      -3.98160180      -2.02550228
909    300         -4.28794347      -3.91182083      -2.04789617
910    300         -4.34819480      -3.84563714      -2.03114737
911    300         -4.36023490      -3.80919174      -1.99503428
912    300         -4.36691900      -3.81043030      -1.95857640
913    300         -4.38015003      -3.80932874      -1.92879377
914    300         -4.40468064      -3.76508382      -1.91071100
915    300         -4.45274387      -3.70633791      -1.87805858
916    300         -4.49607459      -3.65615181      -1.82816582
917    300         -4.50609851      -3.60524713      -1.77869263
918    300         -4.49553665      -3.55826037      -1.74890428
919    300         -4.50242781      -3.53571895      -1.73087579
920    300         -4.53091360      -3.52541401      -1.71886172
921    300         -4.55116774      -3.50647369      -1.69730278
922    300         -4.55451168      -3.47478749      -1.69782570
923    300         -4.56086341      -3.44797167      -1.73421590
924    300         -4.55974496      -3.41858918      -1.80403706
925    300         -4.53584441      -3.36711815      -1.85043886
926    300         -4.49731101      -3.29930588      -1.85332602
927    300         -4.47134064      -3.23687397      -1.83201308
928    300         -4.47275719      -3.20452199      -1.80827085
929    300         -4.47068276      -3.16142571      -1.79774297
930    300         -4.45651396      -3.11421552      -1.80569676
931    300         -4.45032562      -3.06857775      -1.81647530
932    300         -4.45824831      -3.01345950      -1.82764380
933    300         -4.45825073      -2.96424878      -1.83026553
934    300         -4.43292595      -2.91759980      -1.85478224
935    300         -4.42273127      -2.84325100      -1.90631016
936    300         -4.47098837      -2.76110167      -1.96098846
937    300         -4.54940296      -2.70859504      -1.97447484
938    300         -4.58962524      -2.69626102      -1.94603235
939    300         -4.58978470      -2.70530482      -1.89943926
940    300         -4.61341151      -2.69746074      -1.85113857
941    300         -4.65959321      -2.64963843      -1.81236797
942    300         -4.68468171      -2.59917026      -1.81074324
943    300         -4.67356831      -2.55296061      -1.84716916
944    300         -4.67181787      -2.49139181      -1.90653175
945    300         -4.69719923      -2.41357675      -1.94665199
946    300         -4.72562165      -2.36750541      -1.96039517
947    300         -4.72155503      -2.36320128      -1.97577692
948    300         -4.69191184      -2.37839566      -1.97722630
949    300         -4.64068909      -2.38985434      -1.94437097
950    300         -4.59824225      -2.38261148      -1.89745475
951    300         -4.60530495      -2.34693728      -1.86200196
952    300         -4.65592193      -2.28782257      -1.84270587
953    300         -4.71445700      -2.20835719      -1.83958020
954    300         -4.71236424      -2.11660142      -1.85231497
955    300         -4.65176158      -2.00638742      -1.90569009
956    300         -4.62482882      -1.90250732      -1.97884482
957    300         -4.70345751      -1.83082259      -2.01022119
958    300         -4.82503390      -1.80637171      -1.98380499
959    300         -4.91580945      -1.81739756      -1.91819668
960    300         -4.93255670      -1.85526410      -1.85730579
961    300         -4.88276793      -1.90760953      -1.85919927
962    300         -4.84184079      -1.93292926      -1.91044431
963    300         -4.88458223      -1.92978016      -1.95628223
964    300         -4.98285229      -1.89625690      -1.95517245
965    300         -5.06603291      -1.83843636      -1.94240827
966    300         -5.11897335      -1.77574686      -1.95647909
967    300         -5.14814205      -1.71188474      -1.98491038
968    300         -5.13168980      -1.65249074      -2.02166830
969    300         -5.07991588      -1.61484037      -2.08433579
970    300         -5.03492660      -1.60249849      -2.16340560
971    300         -5.01145752      -1.59341650      -2.20896371
972    300         -5.00040504      -1.54663848      -2.21443961
973    300         -5.01524819      -1.44677122      -2.20479553
974    300         -5.06160262      -1.31605189      -2.19506376
975    300         -5.11396555      -1.18825978      -2.18346607
976    300         -5.14750309      -1.10638060      -2.16934362
977    300         -5.18661644      -1.09318197      -2.14652502
978    300         -5.22602495      -1.14818522      -2.16121566
979    300         -5.26519658      -1.20596846      -2.18138953
980    300         -5.27386332      -1.25654598      -2.16562957
981    300         -5.23513823      -1.28598588      -2.10489193
982    300         -5.19546855      -1.29230429      -2.05905561
983    300         -5.19953082      -1.27469817      -2.06053529
984    300         -5.23119845      -1.23504689      -2.08415784
985    300         -5.28302919      -1.18565110      -2.08734268
986    300         -5.34992803      -1.14097364      -2.05703956
987    300         -5.41689751      -1.10264273      -2.01204171
988    300         -5.46416407      -1.08152300      -1.96653438
989    300         -5.46335123      -1.07759244      -1.92021819
990    300         -5.43634831      -1.09579558      -1.89105057
991    300         -5.42819244      -1.11279894      -1.89682978
992    300         -5.44466331      -1.11637695      -1.93241987
993    300         -5.43279048      -1.12780246      -1.97228500
994    300         -5.36787140      -1.15111849      -1.99777122
995    300         -5.27948395      -1.17600786      -2.01331852
996    300         -5.21285214      -1.17766276      -2.03599340
997    300         -5.19551032      -1.11829012      -2.04226409
998    300         -5.21979763      -1.00599509      -2.03730813
999    300         -5.24890094      -0.90508152      -2.03785384
