1            0.00000000       0.00000000       0.00000000       0.00000000
2            0.00650314       0.00339698       0.00004082       0.00306534
3            0.02210680       0.01084691       0.00000047       0.01125942
4            0.04894659       0.02070031       0.00013345       0.02811283
5            0.09140752       0.03027071       0.00035187       0.06078494
6            0.14630636       0.03157940       0.00057912       0.11414784
7            0.21780405       0.03208100       0.00135686       0.18436619
8            0.28626668       0.04756523       0.00176280       0.23693865
9            0.35647099       0.08045718       0.00105453       0.27495928
10           0.46360587       0.13006367       0.00165123       0.33189098
11           0.59945274       0.19070920       0.00348831       0.40525523
12           0.70989168       0.23888197       0.00681433       0.46419538
13           0.78662692       0.24597632       0.01055543       0.53009517
14           0.82444476       0.21553076       0.01769807       0.59121593
15           0.84209724       0.18363595       0.02398920       0.63447210
16           0.87130048       0.18632291       0.02216264       0.66281494
17           0.94184756       0.20790381       0.01211979       0.72182397
18           1.03574707       0.22751496       0.00577209       0.80246002
19           1.09059040       0.23106865       0.00437451       0.85514723
20           1.12294379       0.23736030       0.00453127       0.88105222
21           1.19118963       0.27586342       0.00510168       0.91022453
22           1.26830463       0.33529600       0.00583979       0.92716884
23           1.28764587       0.37807004       0.00969033       0.89988550
24           1.25329755       0.37497930       0.02024334       0.85807491
25           1.23181079       0.34431497       0.03913418       0.84836164
26           1.24613166       0.29722644       0.05851964       0.89038558
27           1.28817395       0.25194060       0.07571929       0.96051406
28           1.34319856       0.23149479       0.08055996       1.03114382
29           1.43086649       0.24122253       0.06514711       1.12449685
30           1.58620201       0.28916505       0.04159996       1.25543700
31           1.72613917       0.34681235       0.02250761       1.35681921
32           1.81614320       0.38089523       0.00966654       1.42558143
33           1.88153852       0.39996028       0.00308997       1.47848827
34           1.92897316       0.41516023       0.00088705       1.51292588
35           1.93487440       0.40914663       0.00024002       1.52548775
36           1.90882048       0.39912394       0.00000617       1.50969037
37           1.89501348       0.40031626       0.00015535       1.49454187
38           1.92433612       0.40922363       0.00085476       1.51425773
39           1.97433641       0.39734664       0.00107944       1.57591033
40           2.06135418       0.35840155       0.00091792       1.70203470
41           2.18843763       0.31706552       0.00239912       1.86897299
42           2.29155922       0.30838668       0.00848924       1.97468330
43           2.24861400       0.31097201       0.01721327       1.92042872
44           2.04675940       0.28047674       0.02014162       1.74614104
45           1.76891453       0.23010425       0.01557421       1.52323606
46           1.51397269       0.18981305       0.00693519       1.31722445
47           1.33178029       0.17514227       0.00014357       1.15649445
48           1.22092570       0.16737275       0.00708651       1.04646643
49           1.20113545       0.15391840       0.02959669       1.01762036
50           1.23388252       0.13911136       0.04922237       1.04554879
51           1.29522052       0.14079388       0.06227994       1.09214670
52           1.36247218       0.15512950       0.07323229       1.13411039
53           1.43706493       0.17627877       0.08005481       1.18073135
54           1.48336619       0.21011179       0.07228503       1.20096937
55           1.45983011       0.24930998       0.05804653       1.15247360
56           1.34749686       0.26433446       0.05096625       1.03219616
57           1.17867223       0.23064999       0.04787916       0.90014307
58           1.03789393       0.16309868       0.04764709       0.82714816
59           0.97620635       0.11142438       0.04987877       0.81490320
60           0.98487481       0.11406412       0.05257544       0.81823525
61           1.02769989       0.16631999       0.05534703       0.80603286
62           1.05866464       0.24030635       0.06308954       0.75526874
63           1.06136369       0.30091645       0.08132412       0.67912312
64           1.05651547       0.32573050       0.11140050       0.61938447
65           1.02809904       0.31039105       0.13990000       0.57780799
66           0.94430958       0.26124541       0.15763707       0.52542709
67           0.83011012       0.20937260       0.16708340       0.45365412
68           0.72791233       0.17324614       0.18345682       0.37120937
69           0.66455847       0.19104378       0.19697988       0.27653482
70           0.65155756       0.27014574       0.18311241       0.19829941
71           0.70872155       0.37219918       0.15019242       0.18632995
72           0.78611738       0.42941810       0.12475786       0.23194142
73           0.87650150       0.47086074       0.10832656       0.29731420
74           0.94553686       0.49968274       0.09876243       0.34709169
75           0.96263791       0.50548885       0.09341990       0.36372916
76           0.92912070       0.48140995       0.09342075       0.35428999
77           0.85890442       0.44079780       0.09444374       0.32366288
78           0.77371396       0.40726177       0.09606499       0.27038721
79           0.69159929       0.38475480       0.09920009       0.20764440
80           0.60530807       0.35651265       0.10054214       0.14825328
81           0.52262098       0.31845397       0.08302559       0.12114141
82           0.47176934       0.29403888       0.05629697       0.12143349
83           0.46474011       0.29096700       0.04103132       0.13274178
84           0.51248474       0.33100764       0.03254079       0.14893631
85           0.58334251       0.37258102       0.02515032       0.18561117
86           0.65242063       0.38555927       0.02260424       0.24425712
87           0.69336841       0.37030170       0.02111543       0.30195128
88           0.67334917       0.33745754       0.01817945       0.31771218
89           0.59684470       0.29699006       0.01695913       0.28289552
90           0.49833828       0.25143103       0.02059745       0.22630980
91           0.40142595       0.20967563       0.01988618       0.17186414
92           0.32073854       0.17687570       0.01192547       0.13193737
93           0.28085247       0.15517015       0.00612000       0.11956231
94           0.28345778       0.13509599       0.00355482       0.14480698
95           0.34345517       0.12520797       0.00207327       0.21617394
96           0.43554141       0.14428058       0.00035192       0.29090892
97           0.49900939       0.19073330       0.00012740       0.30814869
98           0.48659476       0.21723402       0.00368328       0.26567746
99           0.41750567       0.18443331       0.00876160       0.22431076
100          0.32394156       0.11023233       0.00851094       0.20519828
101          0.27196158       0.06086505       0.00494117       0.20615535
102          0.28293614       0.04850009       0.00239998       0.23203607
103          0.34818464       0.07102964       0.00242367       0.27473134
104          0.42940053       0.13244882       0.00519947       0.29175225
105          0.49404816       0.21629481       0.00936118       0.26839217
106          0.58334534       0.30895539       0.01049263       0.26389732
107          0.64867572       0.35970674       0.00239978       0.28656919
108          0.65548795       0.34173080       0.00587765       0.30787951
109          0.64539298       0.27535209       0.05297461       0.31706628
110          0.68240847       0.21212798       0.14465194       0.32562856
111          0.73683696       0.17778473       0.24927628       0.30977594
112          0.79318981       0.16689745       0.35888960       0.26740276
113          0.85353014       0.14892847       0.46974529       0.23485637
114          0.94713565       0.11522962       0.59336050       0.23854553
115          1.07514703       0.07833515       0.71749284       0.27931905
116          1.20585840       0.06301715       0.82634538       0.31649587
117          1.35821652       0.07616362       0.94750931       0.33454359
118          1.52019901       0.10481397       1.07956537       0.33581967
119          1.64533105       0.13259712       1.18745546       0.32527846
120          1.71767010       0.14012730       1.26419407       0.31334873
121          1.79656680       0.13147413       1.36010986       0.30498281
122          1.86279082       0.12760651       1.44802602       0.28715829
123          1.90225757       0.14858055       1.49533123       0.25834578
124          1.91318247       0.17717006       1.50515685       0.23085556
125          1.97950241       0.16281645       1.60531302       0.21137294
126          2.10230642       0.12702851       1.76149536       0.21378256
127          2.31563305       0.10095003       1.99318133       0.22150169
128          2.62310529       0.09383425       2.31826018       0.21101087
129          2.96966630       0.10257911       2.66854284       0.19854435
130          3.29372777       0.10709106       2.98721788       0.19941883
131          3.53285729       0.09157578       3.23853752       0.20274399
132          3.69063322       0.05547209       3.43953797       0.19562316
133          3.74934338       0.02497774       3.55337712       0.17098852
134          3.82914118       0.01870319       3.67025462       0.14018337
135          3.84557893       0.01860171       3.70956333       0.11741390
136          7.50516381       4.30892866       2.86785121       0.32838394
137          7.71827428       4.40131070       2.99229858       0.32466500
138          8.10243587       4.59734886       3.15952449       0.34556252
139          8.43076168       4.71851853       3.32681159       0.38543157
140          8.69981787       4.71378681       3.55174102       0.43429004
141          8.81434488       4.51955753       3.82142992       0.47335743
142          8.86620399       4.32121977       4.03861069       0.50637354
143          9.03141690       4.23216425       4.24907077       0.55018188
144          9.25876812       4.29776878       4.39228174       0.56871761
145          9.17351789       4.20776810       4.45826688       0.50748291
146          8.81802759       3.92047817       4.49663917       0.40091025
147          8.47662150       3.55025641       4.59225202       0.33411307
148          8.48224965       3.34569735       4.79872867       0.33782363
149          8.77882214       3.23237210       5.15422013       0.39222991
150          9.06038462       3.10212538       5.51462631       0.44363293
151          9.12510568       2.92997831       5.72597520       0.46915217
152          8.99775470       2.73930007       5.78430783       0.47414680
153          8.83827249       2.59783161       5.79385364       0.44658724
154          8.70742976       2.54566642       5.75609346       0.40566988
155          8.57345873       2.53740872       5.65199415       0.38405587
156          8.44743789       2.43199699       5.61773967       0.39770122
157          8.40243294       2.23136823       5.73483302       0.43623169
158          8.50793107       2.01604169       5.99848894       0.49340043
159          8.65316277       1.83420959       6.30156618       0.51738701
160          8.75044861       1.64295361       6.63762219       0.46987281
161          8.70852767       1.46796506       6.86256827       0.37799434
162          8.59950932       1.32027447       6.97793005       0.30130480
163          8.44406833       1.18041393       7.01214407       0.25151032
164          8.37259519       1.06117933       7.09084138       0.22057448
165          8.36406154       0.93795758       7.20899527       0.21710868
166          8.40772595       0.79798510       7.36553801       0.24420283
167          8.46422767       0.64061693       7.51595401       0.30765673
168          8.54355414       0.51530792       7.62665665       0.40158957
169          8.64722636       0.39466410       7.76823913       0.48432313
170          8.82620164       0.30153192       8.01184579       0.51282393
171          9.01458776       0.24574846       8.28303515       0.48580415
172          9.15480562       0.21605893       8.46951141       0.46923528
173          9.22606012       0.18472522       8.57805753       0.46327737
174          9.07833038       0.14895323       8.49418947       0.43518768
175          8.83036886       0.11555337       8.34958283       0.36523266
176          8.60123372       0.09804164       8.21070782       0.29248425
177          8.50959283       0.10246891       8.17125922       0.23586469
178          8.43106374       0.11432205       8.11890962       0.19783206
179          8.34844175       0.11852743       8.05932051       0.17059381
180          8.29291133       0.11747923       8.02022139       0.15521071
181          8.25169369       0.10929693       7.99157552       0.15082124
182          8.17208270       0.09150240       7.92685668       0.15372361
183          8.06147661       0.07258629       7.82834211       0.16054820
184          7.97916811       0.06677046       7.76178881       0.15060884
185          7.87173902       0.06422045       7.68852094       0.11899763
186          7.74055299       0.05444251       7.60384745       0.08226303
187          7.59143936       0.03938922       7.49054700       0.06150314
188          7.48139250       0.02759202       7.39903802       0.05476247
189          7.42438402       0.02508860       7.34928395       0.05001146
190          7.51402819       0.03324249       7.43549512       0.04529059
191          7.63133637       0.05410796       7.53196195       0.04526646
192          7.52799553       0.06963217       7.40835926       0.05000410
193          7.08582145       0.06952194       6.96603524       0.05026427
194          6.55616735       0.06322931       6.45564350       0.03729454
195          6.05844355       0.06004448       5.97229065       0.02610842
196          5.61497267       0.04804433       5.54296538       0.02396296
197          5.32864487       0.02675404       5.27416818       0.02772266
198          5.39072219       0.01372606       5.34667237       0.03032376
199          5.58416748       0.00865883       5.54465721       0.03085145
200          5.76041187       0.00586704       5.73134359       0.02320124
201          5.96261377       0.00078961       5.94513670       0.01668747
202          6.22492661       0.00231032       6.20763299       0.01498330
203          6.38188071       0.01082004       6.36250590       0.00855478
204          6.43142313       0.01162698       6.41632204       0.00347411
205          6.58360389       0.01358963       6.56967964       0.00033462
206          6.75884014       0.01646257       6.74235618       0.00002140
207          6.92292724       0.01635793       6.90621544       0.00035387
208          7.09645298       0.01603902       7.07963500       0.00077896
209          7.22366272       0.02124899       7.20106657       0.00134715
210          7.27996414       0.03398630       7.24540113       0.00057671
211          7.22524258       0.04441248       7.18029362       0.00053648
212          7.19351670       0.05141781       7.13553591       0.00656298
213          7.28744378       0.06639006       7.20685504       0.01419868
214          7.51987492       0.09203641       7.40389101       0.02394749
215          7.56719191       0.14351151       7.38331545       0.04036495
216          7.51098731       0.21121088       7.23890557       0.06087086
217          7.58753060       0.26800665       7.24122175       0.07830220
218          7.78825487       0.31149465       7.39209932       0.08466090
219          7.97131092       0.34979193       7.53780666       0.08371233
220          8.08083535       0.36992800       7.62754498       0.08336236
221          8.11616642       0.36174790       7.67619399       0.07822453
222          8.14480163       0.35448701       7.72107282       0.06924180
223          8.23207137       0.36941824       7.80720342       0.05544971
224          8.48066021       0.38765451       8.05212427       0.04088144
225          8.93880646       0.41365612       8.49720763       0.02794271
226          9.38221587       0.46581976       8.89071451       0.02568159
227          9.66145146       0.56268995       9.05609154       0.04266997
228          9.80334806       0.67261915       9.06018566       0.07054324
229          9.82915709       0.73561587       9.01135990       0.08218131
230          9.68190405       0.70941769       8.90580190       0.06668446
231          9.50557208       0.63477192       8.82631288       0.04448728
232          9.44343687       0.59052247       8.82791986       0.02499454
233          9.52871303       0.57654849       8.93747049       0.01469406
234          9.76047011       0.61268081       9.13572254       0.01206676
235          9.94245634       0.66114299       9.26895455       0.01235879
236         10.02510532       0.71310896       9.30005150       0.01194487
237         10.05728582       0.72966666       9.31630832       0.01131084
238         10.00677209       0.68986098       9.30487061       0.01204050
239          9.92404364       0.59743171       9.31121266       0.01539927
240          9.76150972       0.53091469       9.21136164       0.01923339
241          9.43751856       0.53740620       8.87657379       0.02353857
242          9.04524693       0.61551784       8.40009634       0.02963275
243          8.76431062       0.74754435       7.97517120       0.04159508
244          8.65637041       0.83853623       7.75847060       0.05936358
245          8.67611712       0.87981942       7.71816443       0.07813326
246          8.72867931       0.89779087       7.72911809       0.10177035
247          8.82662522       0.94634268       7.75552576       0.12475678
248          8.92688707       1.00247986       7.78092480       0.14348242
249          8.97115403       1.07957925       7.73716933       0.15440545
250          9.00680169       1.13079315       7.70214583       0.17386271
251          8.96721005       1.17129690       7.60136363       0.19454952
252          8.86960719       1.16479807       7.49727534       0.20753378
253          8.65787968       1.10539526       7.35601777       0.19646664
254          8.30734684       1.02171039       7.10861103       0.17702542
255          7.93620697       0.92502385       6.84110876       0.17007436
256          7.80644563       0.82400921       6.78755172       0.19488470
257          8.01234514       0.73304618       6.99274146       0.28655750
258          8.25969369       0.67742994       7.14139407       0.44086968
259          8.38336489       0.66724137       7.09210369       0.62401983
260          8.31844412       0.68973243       6.83059107       0.79812062
261          8.04334344       0.70295088       6.41853642       0.92185615
262          7.67131596       0.68655983       6.04706982       0.93768631
263          7.30574863       0.63824281       5.78677174       0.88073409
264          6.96052126       0.59957440       5.56856457       0.79238228
265          6.69882815       0.60038422       5.33434584       0.76409810
266          6.60751096       0.62617106       5.16604482       0.81529508
267          6.72087489       0.62589908       5.14793630       0.94703951
268          6.96652538       0.54629379       5.25061235       1.16961924
269          7.28890851       0.42183193       5.38870710       1.47836948
270          7.52664023       0.31641647       5.40907655       1.80114721
271          7.58404803       0.23535453       5.32603389       2.02265961
272          7.51345396       0.17144267       5.19000588       2.15200541
273          7.37130038       0.12711415       5.02537733       2.21880889
274          7.18120632       0.09836361       4.79363035       2.28921236
275          6.95282093       0.07919495       4.53494206       2.33868392
276          6.79153560       0.07588753       4.31534900       2.40029907
277          6.69691120       0.07939720       4.13944054       2.47807346
278          6.64702034       0.08191685       4.03749192       2.52761158
279          6.63620868       0.07590461       4.00046989       2.55983418
280          6.62373107       0.07543218       3.96871290       2.57958599
281          6.56323480       0.08472609       3.93757956       2.54092915
282          6.53970062       0.09612497       3.96424418       2.47933146
283          6.70612440       0.09671793       4.10213814       2.50726833
284          7.09923364       0.09612093       4.37580132       2.62731140
285          7.55413872       0.09254203       4.69906892       2.76252778
286          7.98869703       0.08429381       4.97180941       2.93259381
287          8.12742611       0.07479963       4.99418779       3.05843869
288          7.89438920       0.06491600       4.73103060       3.09844260
289          7.56050974       0.05726751       4.42382643       3.07941580
290          7.29586348       0.05578642       4.21110616       3.02897089
291          7.17176728       0.05650657       4.12826927       2.98699144
292          7.21723126       0.05859533       4.16895190       2.98968403
293          7.46303914       0.06346482       4.36120589       3.03836843
294          7.88615637       0.06551868       4.79337406       3.02726363
295          8.33166613       0.05273534       5.38215933       2.89677146
296          8.81711808       0.03333179       5.98256916       2.80121713
297          9.42814772       0.02217276       6.54535827       2.86061669
298          9.87339439       0.01787152       6.87056504       2.98495783
299         10.02388569       0.01338537       6.97425161       3.03624871
300          9.90559004       0.00751521       6.86319590       3.03487893
301          9.66585609       0.00527408       6.65551958       3.00506243
302          9.30796212       0.00907902       6.37573191       2.92315120
303          8.93776441       0.02064759       6.09959344       2.81752339
304          8.71472110       0.03823504       5.92774495       2.74874110
305          8.84477088       0.06123803       6.06884836       2.71468449
306          9.29798628       0.08891276       6.52614936       2.68292417
307          9.76435129       0.11297265       6.96966996       2.68170867
308          9.98059153       0.12597053       7.13189477       2.72272622
309          9.90983080       0.13529365       7.06341739       2.71111976
310          9.75695498       0.14108661       7.02497325       2.59089512
311          9.65508608       0.15151035       7.03744366       2.46613207
312          9.67256047       0.17520212       7.07421756       2.42314079
313          9.68573381       0.18834366       7.08365518       2.41373498
314          9.65331283       0.16898738       7.09949779       2.38482765
315          9.57755559       0.12862480       7.10625372       2.34267706
316          9.57669669       0.08683079       7.11656124       2.37330466
317          9.61829003       0.05080406       7.09512588       2.47236009
318          9.65159596       0.02464298       7.08004263       2.54691034
319          9.59823225       0.00816188       7.03059543       2.55947494
320          9.28573449       0.00080163       6.74245656       2.54247630
321          8.72495100       0.00104798       6.17586699       2.54803603
322          8.25995361       0.00981122       5.68135346       2.56878894
323          8.13072132       0.02939367       5.51437753       2.58695011
324          8.18739102       0.06264319       5.52464012       2.60010771
325          8.17839943       0.09784268       5.42883886       2.65171789
326          7.98709405       0.12535395       5.11182210       2.74991800
327          7.88652718       0.14239595       4.86695014       2.87718108
328          7.96364313       0.15611465       4.84778924       2.95973924
329          8.05838293       0.18640733       4.95200188       2.91997372
330          7.90766341       0.23159506       4.92391085       2.75215751
331          7.63147167       0.29292514       4.74881867       2.58972785
332          7.47814794       0.37702438       4.58883079       2.51229278
333          7.44941715       0.50312502       4.50196072       2.44433141
334          7.42200135       0.65310607       4.47807779       2.29081750
335          7.42423369       0.77413449       4.54742139       2.10267780
336          7.33149198       0.78496347       4.63031567       1.91621285
337          7.13466113       0.69812256       4.67628744       1.76025113
338          7.03272788       0.59135320       4.77898398       1.66239070
339          6.95713562       0.51622614       4.92207334       1.51883613
340          6.85164082       0.47027802       5.07831340       1.30304940
341          6.70694475       0.43995933       5.18209944       1.08488598
342          6.59036574       0.44591536       5.22726714       0.91718324
343          6.44391890       0.47431013       5.17306530       0.79654347
344          6.24057459       0.45765590       5.08063077       0.70228791
345          5.92045461       0.38116656       4.93260273       0.60668532
346          5.60979357       0.29613394       4.79076664       0.52289299
347          5.40106284       0.23062959       4.73141395       0.43901929
348          5.40405387       0.17622534       4.88439332       0.34343522
349          5.59674873       0.12818291       5.23602752       0.23253831
350          5.77319907       0.09580698       5.53421536       0.14317673
351          5.73716925       0.07015892       5.57735681       0.08965352
352          5.57365352       0.04500206       5.46850831       0.06014316
353          5.45585913       0.02844993       5.39193770       0.03547149
354          5.34937260       0.02424280       5.30905994       0.01606986
355          5.30883930       0.02892505       5.27612144       0.00379281
356          5.23954367       0.03850507       5.20101330       0.00002530
357          5.18381169       0.05132583       5.13162015       0.00086570
358          5.14850973       0.07273618       5.07478254       0.00099101
359          5.23973061       0.10474436       5.13494431       0.00004194
360          5.38846021       0.13778190       5.25018799       0.00049031
361          5.38609816       0.18476463       5.20100071       0.00033281
362          5.15179492       0.25394579       4.89752958       0.00031956
363          4.83738292       0.31775262       4.51748342       0.00214689
364          4.67987868       0.38020554       4.29657554       0.00309761
365          4.84671473       0.46438900       4.38047671       0.00184903
366          5.23227425       0.60190167       4.63020425       0.00016833
367          5.47349370       0.72729455       4.73504311       0.01115604
368          5.49532888       0.82835258       4.63244583       0.03453047
369          5.48800654       0.94825982       4.48991626       0.04983046
370          5.55472666       1.09919538       4.39699238       0.05853890
371          5.62696411       1.24592278       4.31243261       0.06860872
372          5.61107418       1.35030798       4.18202218       0.07874402
373          5.48057494       1.41478374       3.98843905       0.07735216
374          5.33933454       1.46525909       3.81111920       0.06295624
375          5.38572419       1.62710610       3.70285975       0.05575834
376          5.68015491       1.89444093       3.72992545       0.05578854
377          6.01402724       2.16724803       3.79382971       0.05294950
378          6.21147341       2.33873271       3.81915732       0.05358338
379          6.35773476       2.41038222       3.88059473       0.06675780
380          6.50436459       2.47319459       3.94483881       0.08633119
381          6.61007319       2.57155089       3.95082821       0.08769408
382          6.60499402       2.65779341       3.87871747       0.06848314
383          6.61471303       2.77476604       3.79028894       0.04965806
384          6.75892279       3.00335004       3.71463867       0.04093409
385          6.98862706       3.25409612       3.70146921       0.03306173
386          7.18903126       3.38379998       3.78158965       0.02364163
387          7.21605971       3.32505940       3.87630496       0.01469535
388          6.99673094       3.13578236       3.85270777       0.00824080
389          6.61445043       2.90075044       3.71089698       0.00280300
390          6.24861758       2.69098841       3.55762746       0.00000172
391          5.95427766       2.49696115       3.45354612       0.00377039
392          5.67542094       2.31179226       3.34553617       0.01809252
393          5.39611220       2.14664296       3.20351885       0.04595039
394          5.04758884       1.96630450       2.99962191       0.08166243
395          4.52846873       1.73428864       2.67928745       0.11489264
396          3.93163562       1.49494054       2.29369086       0.14300422
397          3.57462995       1.33285741       2.06815744       0.17361510
398          3.50207410       1.26308268       2.04978657       0.18920486
399          3.62929275       1.25391892       2.17959468       0.19577916
400          3.85621407       1.25102312       2.36935490       0.23583604
401          4.04349332       1.21744208       2.52254403       0.30350721
402          4.09956284       1.11816353       2.60243295       0.37896635
403          4.15686933       1.02369047       2.67046613       0.46271273
404          4.44791705       1.03063683       2.91245772       0.50482250
405          5.08025143       1.15847759       3.39331248       0.52846136
406          5.69038438       1.28845573       3.88640144       0.51552720
407          5.92219060       1.34774316       4.06302924       0.51141820
408          5.75874316       1.29903681       3.94910223       0.51060413
409          5.57019347       1.22833589       3.82931801       0.51253957
410          5.52299498       1.17612509       3.80939969       0.53747020
411          5.53102738       1.10305474       3.81191641       0.61605624
412          5.57413764       0.99806182       3.81622574       0.75985008
413          5.56841256       0.86072498       3.78180033       0.92588725
414          5.52183169       0.74178405       3.71392138       1.06612625
415          5.40598146       0.65148061       3.67226153       1.08223932
416          5.31656282       0.59496779       3.73929485       0.98230018
417          5.39739213       0.57972085       3.94355066       0.87412062
418          5.53888611       0.61603249       4.08148901       0.84136461
419          5.45306214       0.65296348       3.95719302       0.84290563
420          5.14665417       0.66118137       3.64093117       0.84454163
421          4.79524451       0.63806912       3.31899215       0.83818324
422          4.56562947       0.56735614       3.16593070       0.83234264
423          4.49248805       0.49621083       3.18557922       0.81069799
424          4.42762696       0.44241674       3.21458292       0.77062729
425          4.45333449       0.41447279       3.24933132       0.78953038
426          4.53032136       0.38047513       3.33872770       0.81111853
427          4.58875865       0.34080041       3.46237452       0.78558372
428          4.52953639       0.30907766       3.48302944       0.73742929
429          4.44109642       0.31342879       3.43513282       0.69253482
430          4.40264994       0.33573099       3.41244580       0.65447315
431          4.44187927       0.37520392       3.49699373       0.56968163
432          4.64903216       0.45658094       3.75070467       0.44174656
433          4.99426135       0.56769564       4.10873488       0.31783083
434          5.22129835       0.68290911       4.31101314       0.22737610
435          5.09864999       0.74141499       4.20249951       0.15473550
436          4.77210498       0.76827234       3.90900887       0.09482377
437          4.40486489       0.79872525       3.54544000       0.06069964
438          4.15472353       0.83860061       3.26626787       0.04985505
439          4.03731486       0.86766451       3.11662724       0.05302311
440          3.99403439       0.87036620       3.06673587       0.05693232
441          4.05838480       0.86478210       3.12685027       0.06675243
442          4.26841209       0.86726549       3.31280635       0.08834025
443          4.53608862       0.83664859       3.58266405       0.11677598
444          4.79212635       0.80967825       3.85235424       0.13009387
445          4.97353060       0.81369381       4.04389312       0.11594368
446          5.11304824       0.84060422       4.17535413       0.09708989
447          5.21653909       0.88320782       4.23843937       0.09489190
448          5.28923401       0.97997513       4.17627766       0.13298123
449          5.36211314       1.14837088       4.02185016       0.19189210
450          5.39455896       1.31404597       3.87186922       0.20864377
451          5.41790871       1.41060868       3.83434641       0.17295362
452          5.42121594       1.41577189       3.86998911       0.13545494
453          5.41371525       1.37930739       3.92126907       0.11313880
454          5.46423941       1.35958543       3.99820068       0.10645330
455          5.61890245       1.47310587       4.01675491       0.12904167
456          5.82475115       1.69883469       3.94779831       0.17811814
457          6.04248446       1.91837386       3.88768788       0.23642272
458          6.22119991       2.02097582       3.94891734       0.25130675
459          6.34706411       2.02373576       4.10499830       0.21833005
460          6.41952376       1.97760293       4.24093428       0.20098654
461          6.46435613       1.93287453       4.29683290       0.23464870
462          6.55338812       1.88183362       4.33867000       0.33288450
463          6.85595779       1.88919106       4.45711262       0.50965411
464          7.29459412       2.00132997       4.59245337       0.70081078
465          7.77494536       2.14299150       4.79055893       0.84139493
466          8.19421230       2.27400968       4.99420974       0.92599288
467          8.49092574       2.37690102       5.19929599       0.91472873
468          8.66468618       2.41385635       5.43088543       0.81994439
469          8.71370148       2.43216008       5.58671704       0.69482436
470          8.73337830       2.55398284       5.53528989       0.64410557
471          8.91498493       2.85587395       5.39586102       0.66324997
472          9.33406134       3.22575203       5.39328769       0.71502162
473          9.90855191       3.44635845       5.68388036       0.77831310
474         10.53946742       3.51898048       6.16113331       0.85935364
475         11.17982924       3.57046553       6.64820122       0.96116249
476         11.78883030       3.69756941       7.01629062       1.07497027
477         12.16012191       3.85964888       7.13577963       1.16469340
478         12.18797894       3.91421027       7.05936253       1.21440614
479         12.03570752       3.83124588       6.93547384       1.26898781
480         11.98873566       3.73433104       6.88570637       1.36869825
481         12.16034941       3.73245487       6.89848318       1.52941136
482         12.44175651       3.73116880       7.05834357       1.65224414
483         12.70488455       3.68444670       7.35472883       1.66570902
484         12.83849897       3.58643787       7.68187920       1.57018189
485         12.91011572       3.51106191       7.92287960       1.47617421
486         13.06739279       3.50001896       8.11789978       1.44947405
487         13.28834621       3.52469741       8.31017636       1.45347245
488         13.64850447       3.56517190       8.60221183       1.48112074
489         14.12405316       3.53915984       9.04585458       1.53903874
490         14.66503993       3.46093260       9.55920121       1.64490613
491         15.24264574       3.34547559      10.05276993       1.84440022
492         15.82017250       3.27583129      10.45924537       2.08509583
493         16.23475739       3.28331276      10.74024309       2.21120154
494         16.55303914       3.38050431      10.99977095       2.17276388
495         16.86628122       3.48266616      11.30340091       2.08021415
496         17.19391450       3.50804344      11.66541469       2.02045637
497         17.45374695       3.44073388      12.01079203       2.00222104
498         17.74938345       3.32717172      12.39609193       2.02611980
499         18.18728971       3.20005963      12.90571446       2.08151562
500         18.69164220       3.05626670      13.49829172       2.13708378
501         19.01951931       2.92110560      13.93083111       2.16758260
502         18.87235766       2.82820348      13.87791202       2.16624216
503         18.37832050       2.70637510      13.61258034       2.05936506
504         17.87186260       2.56856517      13.44558145       1.85771598
505         17.44658247       2.41861650      13.44426084       1.58370514
506         17.05377669       2.29011521      13.48416822       1.27949326
507         16.68014598       2.24569709      13.41445336       1.01999553
508         16.30343602       2.23528287      13.20921975       0.85893340
509         16.04336327       2.21669305      13.03912391       0.78754631
510         16.03215390       2.23496451      12.98645073       0.81073865
511         16.14577234       2.23872522      12.99659330       0.91045382
512         16.29844884       2.15083997      13.12208278       1.02552609
513         16.54296469       1.97410306      13.41829187       1.15056976
514         16.93042055       1.77125486      13.85025669       1.30890900
515         17.28465902       1.58876839      14.23134709       1.46454355
516         17.44023020       1.45172258      14.46570019       1.52280743
517         17.25061835       1.38612576      14.41052926       1.45396333
518         16.91805693       1.43948942      14.13004416       1.34852335
519         16.51143344       1.55188980      13.71297124       1.24657241
520         16.14255881       1.63997434      13.32283252       1.17975195
521         15.83819738       1.66400828      13.07177452       1.10241457
522         15.48509863       1.70533892      12.77716056       1.00259915
523         15.13473311       1.78160196      12.45083638       0.90229477
524         14.76560740       1.82485567      12.11472025       0.82603148
525         14.42866055       1.82361316      11.84942206       0.75562533
526         14.09464380       1.77389680      11.65138169       0.66936532
527         13.83386437       1.80827228      11.39015615       0.63543594
528         13.63812080       1.98183380      11.01069719       0.64558982
529         13.38727311       2.26326642      10.43628402       0.68772267
530         13.30867761       2.58560441       9.96603257       0.75704063
531         13.32435254       2.85898803       9.70244521       0.76291930
532         13.34344404       3.04802361       9.59414131       0.70127912
533         13.41219495       3.26202380       9.52829325       0.62187791
534         13.53033900       3.54569902       9.43816725       0.54647273
535         13.71171294       3.88788277       9.32177328       0.50205689
536         13.56698755       4.07389206       9.01529936       0.47779613
537         13.05572471       4.05138300       8.53560743       0.46873427
538         12.49480994       3.94948633       8.07783083       0.46749277
539         11.98839920       3.83854015       7.70370317       0.44615588
540         11.77975043       3.86160087       7.51141139       0.40673817
541         11.98729500       4.18459625       7.45045079       0.35224796
542         12.37475554       4.69360613       7.37808680       0.30306261
543         12.50271766       5.00748098       7.26243314       0.23280355
544         12.34585821       4.99790374       7.19424421       0.15371027
545         12.23529164       4.83520972       7.30097174       0.09911018
546         12.14661059       4.76199488       7.31574846       0.06886725
547         11.91437720       4.79133863       7.06831077       0.05472781
548         11.64648892       4.87715392       6.71835680       0.05097820
549         11.55367905       4.99098365       6.51169585       0.05099956
550         11.64805229       5.08837987       6.51761084       0.04206158
551         12.00619747       5.26634823       6.71351119       0.02633806
552         12.63887722       5.58967182       7.02882443       0.02038097
553         13.24172044       5.89650398       7.32546931       0.01974715
554         13.80383374       6.15275191       7.62588424       0.02519759
555         14.41791731       6.40333313       7.97514567       0.03943852
556         15.04188825       6.69876832       8.29102481       0.05209512
557         15.62246738       7.04931896       8.50756427       0.06558415
558         15.87135582       7.31654925       8.47538565       0.07942092
559         15.69184092       7.42472267       8.18674195       0.08037630
560         15.39821199       7.41376454       7.91220017       0.07224727
561         15.33096994       7.41572952       7.85087376       0.06436666
562         15.50780768       7.41381187       8.03211606       0.06187975
563         15.81325081       7.40218292       8.34974903       0.06131886
564         16.24045557       7.39762270       8.77791600       0.06491687
565         16.73703892       7.39379037       9.27122321       0.07202534
566         16.97153245       7.25836297       9.62155649       0.09161299
567         16.79806720       6.99103790       9.68126336       0.12576595
568         16.41342246       6.67325930       9.56913049       0.17103267
569         16.08294731       6.37499927       9.48805841       0.21988963
570         15.91255766       6.18176442       9.46842293       0.26237031
571         15.78762554       6.07696275       9.42654191       0.28412088
572         15.73794423       6.07725177       9.39334794       0.26734453
573         15.89690175       6.21303696       9.44906501       0.23479978
574         16.23683638       6.48052164       9.54350164       0.21281310
575         16.64058437       6.77171990       9.65914708       0.20971739
576         17.06438346       7.01081900       9.85330399       0.20026047
577         17.58820319       7.29398720      10.09400451       0.20021148
578         18.02330148       7.57405727      10.23886992       0.21037429
579         18.19154216       7.75587487      10.21921127       0.21645602
580         18.17788701       7.83786442      10.12498539       0.21503720
581         18.33323052       7.95965289      10.14367668       0.22990096
582         18.69861298       8.19259946      10.22782442       0.27818910
583         19.03680610       8.49995378      10.19321254       0.34363978
584         19.22559231       8.81651083      10.02226691       0.38681458
585         19.31062918       9.05939844       9.85873332       0.39249743
586         19.39256389       9.21598911       9.78498671       0.39158807
587         19.48843512       9.34142765       9.75168810       0.39531937
588         19.67679175       9.50081951       9.76150968       0.41446256
589         20.06899709       9.75126272       9.88905702       0.42867734
590         20.72899954      10.05936524      10.25472081       0.41491349
591         21.19207784      10.22152693      10.57380717       0.39674374
592         21.12997717      10.09004520      10.65060137       0.38933060
593         20.78694401       9.77230420      10.61481643       0.39982337
594         20.45601767       9.44944569      10.61648214       0.39008985
595         20.27959446       9.23867527      10.68712648       0.35379271
596         20.27718555       9.09375030      10.85951043       0.32392482
597         20.29872496       8.90259459      11.06516908       0.33096130
598         20.26830689       8.71608220      11.23636021       0.31586448
599         20.11833530       8.53126465      11.33683196       0.25023869
600         19.85118586       8.33252058      11.33927278       0.17939249
601         19.84316396       8.24356089      11.45419395       0.14540911
602         20.07629582       8.22599526      11.72500319       0.12529737
603         20.32960445       8.16481820      12.05742911       0.10735714
604         20.47203043       8.05484039      12.32015342       0.09703662
605         20.44649162       7.90449053      12.44467717       0.09732393
606         20.21449246       7.65759491      12.44366551       0.11323203
607         19.85535364       7.28048210      12.43745891       0.13741263
608         19.40454678       6.80453592      12.44416559       0.15584528
609         19.30538587       6.60132525      12.53929374       0.16476687
610         20.03717284       6.83789264      13.03276584       0.16651437
611         21.11865829       7.31853101      13.64895467       0.15117262
612         21.95296081       7.72854578      14.09897362       0.12544141
613         22.43182094       7.88222313      14.45353451       0.09606330
614         22.67337892       7.72781938      14.85941373       0.08614581
615         22.54640136       7.30418821      15.13314402       0.10906912
616         22.01957635       6.71805919      15.14354110       0.15797607
617         21.27888342       6.10871081      14.96254466       0.20762795
618         20.74125206       5.67173849      14.81775672       0.25175686
619         20.85924376       5.54301440      15.00812882       0.30810054
620         21.68951973       5.70751083      15.62545304       0.35655587
621         22.88557265       6.06847874      16.43940814       0.37768576
622         24.01770887       6.54494366      17.12356448       0.34920072
623         24.64466995       6.85920264      17.46700922       0.31845809
624         24.69000593       6.94850354      17.44178096       0.29972143
625         24.24469933       6.77587430      17.20166567       0.26715936
626         23.49775899       6.42372649      16.83023458       0.24379791
627         22.57207839       6.02298249      16.29646117       0.25263473
628         21.71416977       5.75501441      15.67261573       0.28653963
629         21.05251839       5.61553065      15.11985201       0.31713573
630         20.65953905       5.60700279      14.69988189       0.35265437
631         20.59694981       5.76544766      14.46241106       0.36909110
632         20.70725508       5.87108194      14.49121872       0.34495441
633         20.78965370       5.85783892      14.61630801       0.31550677
634         20.75357190       5.73119023      14.71299785       0.30938381
635         20.55739007       5.63333549      14.60558794       0.31846664
636         20.33005079       5.56709519      14.41361749       0.34933812
637         20.15115392       5.44203637      14.28643764       0.42267991
638         19.95927436       5.20926180      14.24892245       0.50109012
639         19.67517727       4.98140020      14.17923817       0.51453890
640         19.45972191       4.83541299      14.13743840       0.48687052
641         19.31172986       4.73885460      14.06876140       0.50411386
642         19.18666945       4.71553164      13.87862625       0.59251157
643         19.13290856       4.72913903      13.68498289       0.71878665
644         18.96746404       4.73730134      13.37027841       0.85988429
645         18.55103479       4.70944703      12.83105075       1.01053701
646         18.04444346       4.77307624      12.11542676       1.15594047
647         17.46351159       4.92232405      11.22892414       1.31226340
648         16.93391200       5.10641935      10.37360752       1.45388513
649         16.52707951       5.21465422       9.77740324       1.53502206
650         16.25002744       5.25964150       9.37156063       1.61882531
651         16.23391791       5.33004647       9.16645422       1.73741721
652         16.34874096       5.42660892       9.19882525       1.72330679
653         16.57880496       5.57112424       9.44134364       1.56633708
654         16.75083276       5.65250625       9.73342496       1.36490155
655         16.81248500       5.61665618      10.01072628       1.18510254
656         16.47175733       5.39874868      10.07725356       0.99575509
657         15.87988634       5.16139498       9.94498205       0.77350931
658         15.30531698       4.99175425       9.75819872       0.55536401
659         14.86595121       4.85087820       9.62497765       0.39009535
660         14.61930286       4.74101828       9.58439576       0.29388881
661         14.54175666       4.70263751       9.61426589       0.22485326
662         14.46423656       4.68218273       9.59204129       0.19001254
663         14.14051337       4.68409541       9.25611695       0.20030101
664         13.72846870       4.69950573       8.81824247       0.21072050
665         13.43315525       4.79549733       8.45964053       0.17801739
666         13.16032287       4.90459379       8.13408043       0.12164865
667         12.78573988       4.88463567       7.82575856       0.07534564
668         12.17802878       4.61164415       7.52896427       0.03742036
669         11.53479961       4.21117958       7.31045387       0.01316616
670         10.96882295       3.82249801       7.14291862       0.00340632
671         10.60003894       3.48755703       7.11112953       0.00135238
672         10.51542290       3.29801167       7.21619383       0.00121740
673         10.61712623       3.25760355       7.35850458       0.00101811
674         10.65965622       3.38249630       7.27628204       0.00087788
675         10.51292904       3.61202424       6.90076007       0.00014473
676         10.17570397       3.90633705       6.26895455       0.00041236
677          9.79956469       4.10282931       5.69287732       0.00385807
678          9.49187227       4.07005733       5.41363340       0.00818153
679          9.30778340       3.91402497       5.38386165       0.00989678
680          9.10398226       3.77959118       5.31474181       0.00964927
681          8.83966544       3.79619183       5.02915066       0.01432295
682          8.59430134       3.88801042       4.67642935       0.02986157
683          8.32371665       3.98283394       4.29806536       0.04281735
684          8.06499879       4.07688543       3.94838614       0.03972722
685          7.85307250       4.25012917       3.57201374       0.03092960
686          7.66598915       4.50312107       3.13719255       0.02567552
687          7.50270747       4.69483897       2.78146501       0.02640348
688          7.36621684       4.72962516       2.60682805       0.02976362
689          7.32432853       4.70698886       2.59358808       0.02375160
690          7.43092523       4.77660708       2.63850347       0.01581468
691          7.72492731       5.00293027       2.71232296       0.00967409
692          8.07616396       5.32888526       2.73983061       0.00744808
693          8.50121631       5.75764128       2.73579156       0.00778348
694          8.99220592       6.31089039       2.66838099       0.01293454
695          9.40924321       6.82814826       2.55686202       0.02423293
696          9.55167340       7.06862459       2.44684205       0.03620675
697          9.33319868       6.95700693       2.32900108       0.04719067
698          8.89936352       6.69507826       2.14565003       0.05863523
699          8.46853249       6.45718794       1.93632357       0.07502099
700          8.23756810       6.32631751       1.82441040       0.08684019
701          8.18544665       6.32383353       1.76848586       0.09312726
702          8.27031316       6.42169089       1.74742736       0.10119491
703          8.41342648       6.60267724       1.68354800       0.12720124
704          8.67680692       6.88845041       1.62586922       0.16248729
705          8.82122355       7.09795279       1.52756177       0.19570898
706          8.69992638       7.12128164       1.36451190       0.21413283
707          8.53739890       7.15343852       1.16756181       0.21639857
708          8.62803213       7.39458395       1.00346510       0.22998308
709          8.95769118       7.77291774       0.92010721       0.26466623
710          9.18443193       8.04836389       0.83630218       0.29976586
711          9.15268451       8.07424892       0.75749455       0.32094104
712          8.94077303       7.90506009       0.69893402       0.33677892
713          8.78913684       7.81845695       0.61444313       0.35623676
714          8.80627089       7.97162901       0.47944079       0.35520109
715          9.07890278       8.36171861       0.35498355       0.36220062
716          9.57976430       8.87769168       0.28440523       0.41766738
717         10.08988960       9.33883236       0.22778723       0.52327002
718         10.44441546       9.66769562       0.16549318       0.61122666
719         10.76518606       9.97915717       0.12458539       0.66144350
720         11.17362870      10.35051399       0.10147527       0.72163944
721         11.40434187      10.54348073       0.06613987       0.79472127
722         11.48116283      10.55274588       0.03006656       0.89835039
723         11.46139703      10.46367122       0.00679654       0.99092926
724         11.36057840      10.28702705       0.00005575       1.07349561
725         11.34465481      10.14587343       0.00957525       1.18920613
726         11.54378599      10.12735254       0.04131879       1.37511466
727         11.84786835      10.15586830       0.10572434       1.58627571
728         11.94606578      10.00987045       0.19341822       1.74277712
729         11.80742929       9.71255156       0.28406382       1.81081392
730         11.55818412       9.38638061       0.38745892       1.78434460
731         11.62105473       9.35345683       0.49588184       1.77171606
732         12.05132788       9.60571653       0.59642037       1.84919099
733         12.60422697       9.93873991       0.68207265       1.98341440
734         13.09702003      10.15260232       0.74017234       2.20424537
735         13.58327592      10.23560502       0.78749970       2.56017120
736         14.04191532      10.26727080       0.85407610       2.92056841
737         14.27049342      10.17022423       0.97514987       3.12511931
738         14.14726930       9.86380767       1.07908342       3.20437821
739         13.87702303       9.43830648       1.15825778       3.28045877
740         13.81097678       9.19182088       1.20959952       3.40955638
741         13.94259707       9.09750497       1.23680976       3.60828234
742         14.04468785       9.04588826       1.21931086       3.77948873
743         13.77641578       8.84578700       1.15995653       3.77067225
744         13.34831989       8.63760920       1.09670697       3.61400373
745         13.06483330       8.56319997       1.05700464       3.44462869
746         13.02555976       8.62014221       1.06418564       3.34123190
747         13.18118841       8.72503487       1.10873695       3.34741658
748         13.38970592       8.85307943       1.20729960       3.32932689
749         13.50060887       8.94191783       1.31926960       3.23942143
750         13.37979599       8.83884697       1.40245988       3.13848914
751         13.06888079       8.53087461       1.44744651       3.09055968
752         12.77011190       8.22911111       1.46386525       3.07713554
753         12.57264541       8.05692369       1.47973357       3.03598815
754         12.46800525       8.01686260       1.51308581       2.93805684
755         12.39108346       8.03982502       1.53643056       2.81482788
756         12.30537222       8.04150597       1.53876679       2.72509947
757         12.19400832       8.06197589       1.51869135       2.61334108
758         12.01208622       8.04857683       1.46667136       2.49683803
759         11.70252570       7.93101725       1.37335256       2.39815589
760         11.19772011       7.58641357       1.25701849       2.35428804
761         10.64955308       7.11743718       1.17747252       2.35464339
762         10.34162754       6.86131310       1.12336794       2.35694651
763         10.31411576       6.88202834       1.07892869       2.35315873
764         10.43132162       7.08443699       1.02161504       2.32526960
765         10.46173405       7.22845693       0.95294043       2.28033668
766         10.30242825       7.20230114       0.89528924       2.20483788
767         10.05133779       7.04777721       0.86646687       2.13709372
768          9.98751151       7.00100155       0.85736062       2.12914934
769         10.16831759       7.08866226       0.86473000       2.21492533
770         10.38184134       7.13717748       0.89847757       2.34618629
771         10.53759768       7.11744080       0.93573855       2.48441832
772         10.62849934       7.04397535       0.97576233       2.60876166
773         10.84300735       7.11116276       1.05212936       2.67971524
774         11.22878872       7.39625962       1.14740958       2.68511952
775         11.60315395       7.73092573       1.22532495       2.64690327
776         11.66384070       7.83076311       1.24119853       2.59187905
777         11.40033911       7.65666072       1.20755079       2.53612759
778         11.08867703       7.38631508       1.19295466       2.50940728
779         10.88122543       7.17993059       1.22891767       2.47237717
780         10.78007009       7.08266699       1.29255828       2.40484482
781         10.78100217       7.11582914       1.34973955       2.31543348
782         10.88011235       7.25662950       1.38455189       2.23893096
783         10.98369022       7.39457166       1.39531818       2.19380038
784         11.04586017       7.53713902       1.38845009       2.12027107
785         11.16213837       7.80621958       1.39335934       1.96255945
786         11.36543608       8.09139842       1.46024987       1.81378779
787         11.28748996       8.02012160       1.55033547       1.71703290
788         10.74841837       7.58680497       1.59335666       1.56825674
789         10.10545521       7.14493932       1.58511880       1.37539710
790          9.82736922       7.00712724       1.61912254       1.20111944
791          9.96147871       7.17104670       1.73868378       1.05174823
792         10.27133398       7.41369038       1.88970936       0.96793424
793         10.62610135       7.62454309       2.00159192       0.99996634
794         10.94203346       7.73490501       2.06992796       1.13720049
795         11.27245548       7.85518996       2.16839964       1.24886588
796         11.54879277       8.02518654       2.31185146       1.21175476
797         11.54044766       8.08571376       2.42803530       1.02669860
798         11.33300397       7.93131492       2.55354874       0.84814030
799         11.16680405       7.67721294       2.71446829       0.77512282
800         11.19068737       7.54758806       2.86377521       0.77932410
801         11.51317301       7.65751145       3.00534604       0.85031551
802         12.00382170       7.89761742       3.11075424       0.99545005
803         12.45726356       8.07344906       3.17061841       1.21319609
804         12.77406285       8.20762032       3.22963483       1.33680769
805         13.06710778       8.38839885       3.43878623       1.23992269
806         13.56918413       8.67437651       3.82961651       1.06519111
807         14.22966357       8.94872512       4.34539986       0.93553859
808         14.86523032       9.09361146       4.90893738       0.86268148
809         15.32983093       9.14991650       5.36651445       0.81339998
810         15.77823929       9.24423745       5.71995036       0.81405149
811         16.14053003       9.34590822       5.93559521       0.85902660
812         16.38470119       9.37509609       6.07396609       0.93563901
813         16.60286365       9.40152590       6.19412509       1.00721266
814         16.95492432       9.52675788       6.35247564       1.07569081
815         17.43806836       9.81858404       6.53931403       1.08017029
816         18.07247425      10.20821670       6.81704591       1.04721164
817         18.77910691      10.58020490       7.13914655       1.05975546
818         19.25457963      10.78302450       7.39036942       1.08118570
819         19.15049989      10.69469498       7.37253380       1.08327111
820         18.53335619      10.36058763       7.12699401       1.04577455
821         17.83745451       9.93926085       6.86535340       1.03284026
822         17.24328031       9.55627288       6.67111309       1.01589434
823         16.86853197       9.26609362       6.57511200       1.02732635
824         16.67682425       9.03873661       6.59746410       1.04062353
825         16.79376602       9.01163872       6.75092395       1.03120335
826         17.18706265       9.24511932       6.95981875       0.98212458
827         17.64786155       9.57087104       7.18094130       0.89604921
828         18.08299942       9.88865086       7.34890285       0.84544571
829         18.44294448      10.15495970       7.42434480       0.86363999
830         18.67666506      10.31325438       7.44494925       0.91846142
831         18.59596852      10.29168708       7.40132951       0.90295193
832         18.30275188      10.10760933       7.32871992       0.86642263
833         17.91109096       9.87811182       7.17844910       0.85453004
834         17.51008028       9.75783031       6.86752507       0.88472490
835         17.28308126       9.78137459       6.57415025       0.92755641
836         17.46394260       9.97917062       6.53259910       0.95217288
837         17.94622941      10.26856569       6.71685659       0.96080714
838         18.37869592      10.49824049       6.95896570       0.92148972
839         18.59985645      10.66669382       7.09424898       0.83891366
840         18.52792854      10.76970795       7.05798948       0.70023111
841         18.33348026      10.76624778       6.98922831       0.57800416
842         18.02887341      10.61566100       6.90090881       0.51230360
843         17.84573110      10.43914284       6.88369800       0.52289026
844         17.81912684      10.23823726       7.01884130       0.56204828
845         18.13381777      10.17527323       7.34256969       0.61597485
846         18.66455346      10.25929388       7.74795180       0.65730778
847         18.91528565      10.25478870       8.01597373       0.64452323
848         18.69101143      10.14088759       7.96551220       0.58461165
849         18.19165975       9.96642290       7.69846792       0.52676893
850         17.64782238       9.79608784       7.36028267       0.49145187
851         17.19878460       9.72007474       7.04232850       0.43638135
852         17.09549224       9.81089685       6.92429727       0.36029812
853         17.30299564       9.97081143       7.04816045       0.28402375
854         17.70733305      10.13056372       7.34527830       0.23149102
855         18.01597451      10.22252126       7.60162886       0.19182439
856         17.97751716      10.16722742       7.65653349       0.15375624
857         17.69056577       9.98678055       7.57817415       0.12561107
858         17.65520871       9.87752586       7.65802567       0.11965718
859         17.95307731       9.89939920       7.91957553       0.13410258
860         18.28154111      10.00849960       8.12148509       0.15155641
861         18.51108476      10.15298124       8.20673166       0.15137186
862         18.64161369      10.25512834       8.24773477       0.13875059
863         19.03808756      10.50724212       8.39358706       0.13725838
864         19.66807171      10.89450840       8.63935322       0.13421010
865         20.51946964      11.45443878       8.94968875       0.11534210
866         21.23328591      11.99017571       9.15949923       0.08361097
867         21.56355345      12.30372561       9.20735839       0.05246945
868         21.59692019      12.38746724       9.17978384       0.02966910
869         21.47806989      12.30521571       9.15483156       0.01802262
870         21.18873089      11.92344166       9.25364244       0.01164678
871         20.87214559      11.35501450       9.51058718       0.00654391
872         20.74455483      10.76894595       9.97091014       0.00469874
873         20.93861904      10.28209245      10.65352608       0.00300051
874         21.50878170       9.98094681      11.52732641       0.00050848
875         22.09661899       9.73520903      12.36105679       0.00035317
876         22.33151988       9.39151384      12.93474464       0.00526141
877         22.05050974       8.91511791      13.12169562       0.01369621
878         21.64133261       8.49511601      13.12082510       0.02539150
879         21.47937870       8.32998766      13.09838932       0.05100173
880         21.66274030       8.41670730      13.15088220       0.09515080
881         21.79680906       8.46520747      13.19142269       0.14017889
882         21.41339639       8.16951280      13.10410360       0.13977999
883         20.67574436       7.66557272      12.91201186       0.09815977
884         20.20664327       7.27610088      12.87268714       0.05785526
885         20.23124475       7.14841662      13.03504152       0.04778660
886         20.44548848       7.19294903      13.19939367       0.05314579
887         20.77485530       7.40202370      13.31262405       0.06020755
888         21.09837131       7.67495697      13.36402639       0.05938795
889         21.29991307       7.92772240      13.32747673       0.04471394
890         21.29173534       8.00924238      13.25660013       0.02589283
891         21.28058126       7.92264102      13.33578858       0.02215166
892         21.32179952       7.78888486      13.49731843       0.03559624
893         21.61764149       7.86785592      13.69651122       0.05327435
894         21.99019520       8.14345650      13.79285860       0.05388010
895         22.36554015       8.53661488      13.78208134       0.04684393
896         22.86857211       9.03754532      13.78669292       0.04433387
897         23.35284068       9.56964864      13.73884034       0.04435169
898         23.64075555      10.00684965      13.59053507       0.04337082
899         23.80154502      10.22535564      13.53583921       0.04035018
900         23.89408415      10.12820282      13.72522932       0.04065202
901         23.83401471       9.78309424      14.00331443       0.04760604
902         23.73502956       9.49216540      14.18145458       0.06140958
903         23.86163510       9.53007725      14.25574836       0.07580949
904         24.39636901       9.97577027      14.32693772       0.09366101
905         25.08728808      10.60439887      14.36213003       0.12075918
906         25.69104227      11.23780299      14.30810891       0.14513037
907         26.17297794      11.82114106      14.17767770       0.17415918
908         26.65224916      12.39063317      14.05335516       0.20826084
909         27.03657306      12.86972252      13.94520696       0.22164358
910         27.19046369      13.11582902      13.87405250       0.20058217
911         27.27094115      13.26190088      13.82418261       0.18485765
912         27.36773851      13.47070555      13.69760078       0.19943218
913         27.33070252      13.64260155      13.45419040       0.23391057
914         26.98880795      13.51590475      13.19862600       0.27427719
915         26.73917949      13.28213243      13.13874681       0.31830026
916         26.76589124      13.22136124      13.15954488       0.38498512
917         26.92563687      13.36514914      13.11255249       0.44793524
918         27.25941913      13.86976202      12.90726903       0.48238808
919         27.80027075      14.60454141      12.70776468       0.48796466
920         28.14694075      15.12554100      12.56572246       0.45567729
921         28.22792514      15.22927647      12.56236985       0.43627881
922         28.30386597      15.18002955      12.67216956       0.45166686
923         28.50431514      15.19758751      12.77606292       0.53066471
924         28.57610214      15.22663024      12.68057429       0.66889761
925         28.55049206      15.26692710      12.47513731       0.80842765
926         28.85083147      15.37426821      12.59245160       0.88411166
927         29.35192335      15.47100323      12.99887130       0.88204882
928         29.79129606      15.52818145      13.42542641       0.83768820
929         29.99295456      15.60761614      13.63315572       0.75218270
930         30.19939680      15.89009698      13.59608778       0.71321204
931         30.48030621      16.33209825      13.35338425       0.79482371
932         30.84226474      16.83355397      13.04989593       0.95881484
933         31.10739679      17.21071303      12.78532749       1.11135628
934         31.21603235      17.36123697      12.63842978       1.21636560
935         31.13336553      17.29338374      12.56065317       1.27932862
936         30.85520796      16.98048026      12.57040212       1.30432558
937         30.47462507      16.52232865      12.65974321       1.29255321
938         29.98691877      15.96450475      12.71925853       1.30315549
939         29.32368187      15.42814498      12.52542091       1.37011597
940         28.74488031      15.10014653      12.16399842       1.48073536
941         28.54977394      15.11008283      11.86064813       1.57904298
942         28.68949786      15.37012203      11.65553591       1.66383992
943         29.07806202      15.75589883      11.51181893       1.81034426
944         29.47508362      16.10263294      11.41912646       1.95332422
945         29.74281935      16.23714353      11.49317181       2.01250401
946         29.80504923      16.15907865      11.61691135       2.02905923
947         29.79244461      16.00307231      11.79360663       1.99576568
948         29.73108604      15.79031418      12.03560238       1.90516948
949         29.71840164      15.54639054      12.36242723       1.80958386
950         29.79159881      15.33344406      12.66771906       1.79043569
951         30.01728990      15.20282617      12.95420803       1.86025570
952         30.08554279      15.04055066      13.05151646       1.99347567
953         29.92124890      14.73609254      13.00975243       2.17540393
954         29.61387464      14.27102333      12.94125474       2.40159656
955         29.33931458      13.83255397      12.86301037       2.64375025
956         29.38400039      13.53266153      12.96212812       2.88921074
957         29.58215709      13.17225147      13.28541717       3.12448845
958         30.00270316      12.85318293      13.83574286       3.31377737
959         30.63558977      12.81171722      14.29970050       3.52417205
960         31.23295670      12.82222955      14.72304686       3.68768029
961         31.54224356      12.64550234      15.14608996       3.75065126
962         31.68838024      12.35425776      15.58800845       3.74611403
963         31.67631312      11.96351624      15.86105927       3.85173761
964         31.37729290      11.44712604      15.92113806       4.00902881
965         30.82465339      10.81675415      15.94954592       4.05835332
966         30.20253563      10.22754561      15.95085364       4.02413638
967         29.75637620       9.80566652      15.97127203       3.97943765
968         29.54018757       9.52719580      16.01781680       3.99517498
969         29.42891051       9.23910743      16.23482913       3.95497395
970         29.39177612       8.95904995      16.58868124       3.84404494
971         29.51199490       8.74744934      16.99501210       3.76953346
972         29.66866694       8.65748202      17.26118102       3.75000390
973         29.86363391       8.71691943      17.47990441       3.66681007
974         30.03143424       8.81106503      17.69519608       3.52517312
975         29.97748728       8.72029263      17.89706688       3.36012777
976         29.57618493       8.37818826      18.04549856       3.15249812
977         29.03527036       7.95446765      18.14102171       2.93978101
978         28.65536189       7.59398693      18.33901742       2.72235754
979         28.47888257       7.38149355      18.59629327       2.50109575
980         28.59831108       7.37369754      18.92001954       2.30459400
981         28.86784023       7.45816907      19.23120306       2.17846811
982         28.97706513       7.55983669      19.27481794       2.14241049
983         28.84500898       7.58213442      19.15739901       2.10547555
984         28.74365185       7.51250617      19.17798944       2.05315624
985         28.88951181       7.37617039      19.48888016       2.02446126
986         29.14781032       7.12293423      19.94212040       2.08275570
987         29.53703079       6.89692166      20.38066592       2.25944321
988         30.08392440       6.82630789      20.73488700       2.52272951
989         30.67947702       6.87399753      20.98060502       2.82487448
990         31.19312128       6.99264965      21.04799344       3.15247819
991         31.63586332       7.10617033      21.04266421       3.48702878
992         31.82906011       7.13337140      20.94685164       3.74883706
993         31.76784423       7.01192248      20.88222435       3.87369740
994         31.79124060       6.87153297      21.01398812       3.90571952
995         31.99019614       6.80817920      21.25130026       3.93071668
996         32.18261798       6.73238127      21.47207019       3.97816652
997         32.06036099       6.50889779      21.47980237       4.07166083
998         31.85312815       6.20261989      21.42410079       4.22640747
999         31.95533273       5.95384888      21.46990682       4.53157703
1000        32.30691561       5.83773342      21.60789933       4.86128287
