0      352          2.87715641       0.88414487       0.20524646
1      352          2.81887276       0.89053365       0.26061195
2      352          2.77300792       0.88483267       0.31135687
3      352          2.73328040       0.87259260       0.37291527
4      352          2.70317162       0.86538665       0.45179248
5      352          2.69945046       0.86007995       0.54310418
6      352          2.69804470       0.84730935       0.63462530
7      352          2.65906187       0.84215910       0.69200990
8      352          2.59350666       0.85167137       0.72961206
9      352          2.51651300       0.84350960       0.78134626
10     352          2.44045376       0.82508299       0.84184306
11     352          2.38840088       0.80159590       0.88656531
12     352          2.38119641       0.78140527       0.93332281
13     352          2.41290350       0.75111079       0.97415213
14     352          2.44862876       0.72926041       1.00178403
15     352          2.44550504       0.73527364       1.01938093
16     352          2.42119171       0.77405495       1.05484870
17     352          2.40017113       0.80817061       1.10104779
18     352          2.39646040       0.81800476       1.12998817
19     352          2.38996004       0.81683016       1.14389028
20     352          2.35192939       0.81271882       1.15930334
21     352          2.29810892       0.80772635       1.16814253
22     352          2.26228241       0.78570540       1.15386941
23     352          2.26480088       0.74186577       1.13156979
24     352          2.29037283       0.68632125       1.12631195
25     352          2.33197163       0.64223655       1.14884891
26     352          2.37521956       0.60897348       1.18530465
27     352          2.39601736       0.60031401       1.22069898
28     352          2.38601231       0.62890555       1.26566942
29     352          2.33941572       0.68018418       1.32570931
30     352          2.28824865       0.73411952       1.37007229
31     352          2.25998931       0.78582633       1.39922361
32     352          2.24473228       0.82855736       1.42117749
33     352          2.23282712       0.85436152       1.43525698
34     352          2.23751070       0.86865223       1.44035283
35     352          2.24539384       0.88166171       1.43394104
36     352          2.24445090       0.89660867       1.42776103
37     352          2.23745052       0.91338110       1.43579826
38     352          2.24680203       0.91699963       1.46059913
39     352          2.27848993       0.91444210       1.50986698
40     352          2.31407070       0.93312569       1.57235033
41     352          2.32183067       0.97628195       1.61048071
42     352          2.31950777       1.01534421       1.59104180
43     352          2.34755586       1.02606603       1.52666276
44     352          2.39746458       1.00894155       1.43944096
45     352          2.44148101       0.96742267       1.35295045
46     352          2.45865639       0.89612697       1.28065078
47     352          2.46804426       0.79996343       1.22821588
48     352          2.48483205       0.71210799       1.21401817
49     352          2.50418006       0.66228371       1.22776726
50     352          2.50193131       0.63458537       1.25030469
51     352          2.48329158       0.61353022       1.27019265
52     352          2.45730076       0.60120528       1.29186109
53     352          2.41877688       0.61528612       1.30113394
54     352          2.37784691       0.64321639       1.27877969
55     352          2.36302174       0.65838782       1.22121701
56     352          2.39689607       0.66533179       1.15400516
57     352          2.47330163       0.66586274       1.11472332
58     352          2.54335350       0.66080932       1.10796635
59     352          2.53942261       0.65485153       1.10981003
60     352          2.46933293       0.64888537       1.10303979
61     352          2.38694589       0.63296855       1.07430845
62     352          2.32859789       0.59897103       1.02933573
63     352          2.30642837       0.55037774       0.99225629
64     352          2.32002891       0.51011278       0.96538328
65     352          2.36603469       0.48710952       0.93010996
66     352          2.41958390       0.47538651       0.87878497
67     352          2.46092794       0.45582627       0.81451600
68     352          2.44007086       0.44032072       0.73111224
69     352          2.35740095       0.45622851       0.65055468
70     352          2.26707512       0.49659820       0.63690599
71     352          2.22185640       0.53093409       0.68684943
72     352          2.19096348       0.55501486       0.75051172
73     352          2.17027400       0.56987997       0.79439134
74     352          2.16617902       0.57849818       0.80834609
75     352          2.18331929       0.57849678       0.80046910
76     352          2.21323036       0.57682787       0.77416023
77     352          2.23898577       0.57420135       0.72523416
78     352          2.25687035       0.56918441       0.66092661
79     352          2.28006961       0.56706106       0.59028318
80     352          2.31283915       0.59600325       0.55330021
81     352          2.33490289       0.64687505       0.55371955
82     352          2.33774284       0.68158297       0.56958392
83     352          2.30182378       0.70375420       0.59116914
84     352          2.26676226       0.72555636       0.63607261
85     352          2.25622222       0.73379780       0.69947022
86     352          2.26863221       0.73883338       0.75474740
87     352          2.29624545       0.74931369       0.76890609
88     352          2.33218847       0.75391765       0.73712569
89     352          2.37572742       0.74062676       0.68096676
90     352          2.41925289       0.74312652       0.61981146
91     352          2.45659048       0.77494106       0.56847830
92     352          2.48323998       0.80591441       0.55102429
93     352          2.50960235       0.82452258       0.58578158
94     352          2.52330903       0.83861175       0.67019155
95     352          2.49731358       0.86538543       0.74460619
96     352          2.44042617       0.89543212       0.76035788
97     352          2.41107270       0.94483493       0.72068555
98     352          2.44769942       0.97774829       0.67886103
99     352          2.54514386       0.97639964       0.65823463
100    352          2.63044797       0.95443832       0.65928980
101    352          2.65692904       0.93313442       0.68694768
102    352          2.61064255       0.93337567       0.72939466
103    352          2.51322123       0.95625224       0.74538741
104    352          2.41208135       0.98089805       0.72331226
105    352          2.32131885       0.98657843       0.71895583
106    352          2.27740084       0.93313242       0.74056804
107    352          2.29257896       0.80747906       0.76011537
108    352          2.35241639       0.65398273       0.76833285
109    352          2.41658288       0.50381352       0.77588519
110    352          2.45551114       0.38486911       0.76182165
111    352          2.46862557       0.28507092       0.72235647
112    352          2.49124389       0.19876520       0.68986628
113    352          2.53770153       0.11384590       0.69365769
114    352          2.59727224       0.03709538       0.73375289
115    352          2.62612424      -0.02489054       0.76782612
116    352          2.60117883      -0.08925603       0.78364389
117    352          2.55340655      -0.15487648       0.78474596
118    352          2.51301753      -0.20555943       0.77557835
119    352          2.50282060      -0.24021898       0.76502207
120    352          2.51456280      -0.28209261       0.75749895
121    352          2.51993587      -0.31919466       0.74111798
122    352          2.49169493      -0.33869250       0.71352373
123    352          2.45624067      -0.34270347       0.68572077
124    352          2.47365121      -0.38286461       0.66499959
125    352          2.52074582      -0.44306851       0.66761272
126    352          2.55943006      -0.52765587       0.67588612
127    352          2.57083265      -0.63843852       0.66460565
128    352          2.55687668      -0.74942265       0.65082962
129    352          2.54990870      -0.84421212       0.65180981
130    352          2.57454151      -0.91544884       0.65551748
131    352          2.64163128      -0.97045427       0.64753953
132    352          2.71911293      -1.00089548       0.61875404
133    352          2.74039681      -1.03164599       0.57965716
134    352          2.74076833      -1.04187780       0.54790357
135    313          4.95295232      -0.80932825      -0.36780148
136    313          4.97508651      -0.84568130      -0.36454736
137    313          5.02129933      -0.89336026      -0.38259920
138    313          5.04937153      -0.93981006      -0.41558489
139    313          5.04828211      -1.00046146      -0.45376040
140    313          5.00308151      -1.07070293      -0.48276330
141    313          4.95591079      -1.12548462      -0.50635282
142    313          4.93437887      -1.17718256      -0.53649600
143    313          4.95026248      -1.21163225      -0.54888722
144    313          4.92844091      -1.22731597      -0.50713189
145    313          4.85717615      -1.23638317      -0.42792828
146    313          4.76136882      -1.25880917      -0.37277869
147    313          4.70628116      -1.30645520      -0.37597951
148    313          4.67503630      -1.38614589      -0.42103615
149    313          4.63844156      -1.46417928      -0.46081129
150    313          4.58887435      -1.50875613      -0.47970038
151    313          4.53223951      -1.52091393      -0.48333672
152    313          4.48893543      -1.52289764      -0.46302537
153    313          4.47267088      -1.51504113      -0.43167573
154    313          4.47008099      -1.49324743      -0.41447595
155    313          4.43664254      -1.48603227      -0.42538911
156    313          4.37093291      -1.51060627      -0.45523192
157    313          4.29703024      -1.56503641      -0.49717822
158    313          4.23148635      -1.62614718      -0.51404973
159    313          4.15893393      -1.69221345      -0.48022623
160    313          4.08875249      -1.73550554      -0.40956598
161    313          4.02618838      -1.75743232      -0.34366592
162    313          3.96362497      -1.76390046      -0.29626159
163    313          3.90729200      -1.77871851      -0.26440711
164    313          3.84563851      -1.80081235      -0.26070277
165    313          3.77045653      -1.82980760      -0.28892237
166    313          3.67754190      -1.85737916      -0.34942167
167    313          3.59500592      -1.87749534      -0.42846449
168    313          3.50537938      -1.90301123      -0.49068682
169    313          3.42627563      -1.94637554      -0.51087080
170    313          3.37288664      -1.99388139      -0.49175006
171    313          3.34197781      -2.02609763      -0.47976104
172    313          3.30695313      -2.04468724      -0.47539836
173    313          3.26310100      -2.03033441      -0.45444110
174    313          3.21708783      -2.00541960      -0.39909836
175    313          3.19027243      -1.98128840      -0.33557167
176    313          3.19726407      -1.97439658      -0.28041257
177    313          3.21527185      -1.96522517      -0.23953670
178    313          3.22143454      -1.95474937      -0.20778358
179    313          3.21990884      -1.94785467      -0.18872144
180    313          3.20775727      -1.94279261      -0.18311065
181    313          3.17965005      -1.93132253      -0.18682957
182    313          3.14657484      -1.91377259      -0.19543821
183    313          3.13555621      -1.90185384      -0.18283709
184    313          3.13057396      -1.88867336      -0.13971387
185    313          3.11048559      -1.87336260      -0.08156887
186    313          3.07562358      -1.85274150      -0.04275181
187    313          3.04326486      -1.83597241      -0.02876736
188    313          3.03555023      -1.82681141      -0.01838597
189    313          3.05948163      -1.84266556      -0.00756939
190    313          3.10976758      -1.86029714      -0.00751271
191    313          3.14103550      -1.83768526      -0.01836951
192    313          3.14082654      -1.75517990      -0.01895049
193    313          3.12861079      -1.65665097       0.01212851
194    313          3.12219616      -1.55968218       0.04366545
195    313          3.09634657      -1.47020544       0.05044671
196    313          3.04072304      -1.41241085       0.03874524
197    313          2.99431469      -1.42814239       0.03110928
198    313          2.97020922      -1.47056471       0.02960066
199    313          2.95375304      -1.50987760       0.05292694
200    313          2.90525636      -1.55412023       0.07606647
201    313          2.82909066      -1.60736732       0.08284017
202    313          2.77313699      -1.63825595       0.11275442
203    313          2.76932795      -1.64890113       0.14630486
204    313          2.76058184      -1.67899376       0.18695383
205    313          2.74884988      -1.71245987       0.20987198
206    313          2.74925827      -1.74382306       0.22405781
207    313          2.75051115      -1.77661348       0.23315638
208    313          2.73138607      -1.79933544       0.24195002
209    313          2.69280268      -1.80758341       0.22926120
210    313          2.66641373      -1.79546212       0.18208432
211    313          2.65040146      -1.78709752       0.12423421
212    313          2.61949372      -1.80041376       0.08608824
213    313          2.57378138      -1.83686432       0.05049668
214    313          2.49832728      -1.83308082       0.00433615
215    313          2.41757956      -1.80637656      -0.04147375
216    313          2.35946282      -1.80680696      -0.07457884
217    313          2.31903935      -1.83469667      -0.08571900
218    313          2.28572431      -1.86136176      -0.08408438
219    313          2.26893934      -1.87765617      -0.08347894
220    313          2.27570159      -1.88644965      -0.07444002
221    313          2.28176829      -1.89453698      -0.05789190
222    313          2.26935855      -1.90999246      -0.03023116
223    313          2.25453734      -1.95348165       0.00305487
224    313          2.23399537      -2.03085215       0.03808572
225    313          2.19464651      -2.09758525       0.04499168
226    313          2.12702979      -2.12518920      -0.00132065
227    313          2.05702279      -2.12586936      -0.06035332
228    313          2.01947589      -2.11774785      -0.08142637
229    313          2.03488704      -2.10011415      -0.05298688
230    313          2.08043066      -2.08676625      -0.00567362
231    313          2.10870181      -2.08703669       0.04714985
232    313          2.11784851      -2.10541538       0.08402742
233    313          2.09441711      -2.13839091       0.09539765
234    313          2.06404941      -2.16035091       0.09407637
235    313          2.03269862      -2.16545371       0.09595389
236    313          2.02295113      -2.16811795       0.09889403
237    313          2.04657771      -2.16624373       0.09551723
238    313          2.10421934      -2.16728310       0.08115267
239    313          2.14851748      -2.15087764       0.06656196
240    313          2.14407647      -2.09521308       0.05182362
241    313          2.09260696      -2.01414710       0.03310480
242    313          2.01254994      -1.93988969       0.00129774
243    313          1.96144017      -1.90125826      -0.03839996
244    313          1.93916951      -1.89401359      -0.07427682
245    313          1.92963814      -1.89598428      -0.11376819
246    313          1.90435495      -1.90072959      -0.14796280
247    313          1.87591725      -1.90528604      -0.17354427
248    313          1.83812838      -1.89743190      -0.18769813
249    313          1.81376883      -1.89112914      -0.21172202
250    313          1.79489170      -1.87291219      -0.23583122
251    313          1.79789830      -1.85397042      -0.25031230
252    313          1.82577862      -1.82805309      -0.23799912
253    313          1.86635950      -1.78205299      -0.21549743
254    313          1.91537481      -1.73140646      -0.20715427
255    313          1.96940688      -1.72114815      -0.23621101
256    313          2.02097525      -1.76023435      -0.33006420
257    313          2.05409509      -1.78819382      -0.45873372
258    313          2.06030797      -1.77895552      -0.58470280
259    313          2.04665510      -1.72939508      -0.68812951
260    313          2.03873475      -1.64933819      -0.75488694
261    313          2.04856735      -1.57493419      -0.76309558
262    313          2.07825541      -1.52142611      -0.73322788
263    313          2.10283451      -1.47563575      -0.68491211
264    313          2.10231177      -1.42547541      -0.66888059
265    313          2.08584670      -1.38874862      -0.69769046
266    313          2.08601857      -1.38476154      -0.76791309
267    313          2.13803951      -1.40727660      -0.87624290
268    313          2.22767051      -1.43721402      -1.01063572
269    313          2.31464733      -1.44159728      -1.13682180
270    313          2.39202289      -1.42367529      -1.21695592
271    313          2.46310005      -1.39401357      -1.26172505
272    313          2.52062569      -1.35759047      -1.28432022
273    313          2.56352668      -1.30529121      -1.30776787
274    313          2.59574044      -1.24539547      -1.32402916
275    313          2.60167949      -1.19319694      -1.34404340
276    313          2.59538133      -1.15041664      -1.36894332
277    313          2.59094522      -1.12520625      -1.38459994
278    313          2.60164850      -1.11597260      -1.39470172
279    313          2.60250722      -1.10801800      -1.40086250
280    313          2.58607895      -1.10018866      -1.38878276
281    313          2.56711614      -1.10689611      -1.36934284
282    313          2.56616135      -1.14122871      -1.37818915
283    313          2.56712266      -1.20769674      -1.41565187
284    313          2.57294920      -1.28358872      -1.45683891
285    313          2.58682245      -1.34561059      -1.50723531
286    313          2.60366120      -1.35062308      -1.54359278
287    313          2.62237023      -1.29094837      -1.55499290
288    313          2.63785009      -1.21914456      -1.54957997
289    313          2.64096491      -1.16795312      -1.53514743
290    313          2.63944530      -1.14766941      -1.52304502
291    313          2.63509169      -1.15765627      -1.52382382
292    313          2.62523417      -1.20420517      -1.53784517
293    313          2.62119024      -1.30523268      -1.53465688
294    313          2.64751464      -1.43580326      -1.49674398
295    313          2.69458644      -1.56178423      -1.46843724
296    313          2.72825119      -1.67424491      -1.48608931
297    313          2.74347201      -1.73703140      -1.52245659
298    313          2.76146125      -1.75673597      -1.53723703
299    313          2.79046609      -1.73562533      -1.53684393
300    313          2.80453355      -1.69568450      -1.52826513
301    313          2.78187254      -1.64087630      -1.50447609
302    313          2.73346373      -1.58559063      -1.47330154
303    313          2.68161858      -1.55055120      -1.45268632
304    313          2.62969322      -1.57935840      -1.44238350
305    313          2.57897399      -1.67048805      -1.43271696
306    313          2.54104236      -1.75586838      -1.43234588
307    313          2.52223313      -1.78641589      -1.44482209
308    313          2.50933356      -1.77356418      -1.44130137
309    313          2.50154144      -1.76632174      -1.40437931
310    313          2.48791310      -1.76867319      -1.36514587
311    313          2.45858489      -1.77559526      -1.35139762
312    313          2.44317063      -1.77736883      -1.34837350
313    313          2.46607566      -1.78034341      -1.33904226
314    313          2.51851341      -1.78161088      -1.32533417
315    313          2.58248576      -1.78354350      -1.33530690
316    313          2.65175885      -1.77952288      -1.36712757
317    313          2.72017557      -1.77669008      -1.39065778
318    313          2.78681328      -1.76738213      -1.39458945
319    313          2.84884339      -1.71247920      -1.38926798
320    313          2.90952892      -1.60098430      -1.39101042
321    313          2.97620800      -1.49941412      -1.39749773
322    313          3.04860224      -1.46412631      -1.40315340
323    313          3.12744262      -1.46631043      -1.40723849
324    313          3.18995455      -1.44584201      -1.42316316
325    313          3.23121001      -1.37678903      -1.45304121
326    313          3.25451029      -1.32197166      -1.49097908
327    313          3.27226988      -1.31762470      -1.51514281
328    313          3.30890556      -1.34116452      -1.50354660
329    313          3.35839965      -1.33484383      -1.45371632
330    313          3.41838200      -1.29503357      -1.40401668
331    313          3.49117952      -1.25801077      -1.37977492
332    313          3.58646947      -1.23763757      -1.35818931
333    313          3.68530619      -1.23200205      -1.30829822
334    313          3.75700554      -1.24832351      -1.24481485
335    313          3.76313805      -1.26767196      -1.17902694
336    313          3.71269370      -1.27832766      -1.12149810
337    313          3.64615134      -1.30194387      -1.08409085
338    313          3.59564520      -1.33442975      -1.02716424
339    313          3.56292461      -1.36936648      -0.93626543
340    313          3.54045071      -1.39227764      -0.83633214
341    313          3.54492535      -1.40217688      -0.75245038
342    313          3.56585818      -1.39029249      -0.68724638
343    313          3.55365911      -1.36988059      -0.63277974
344    313          3.49454329      -1.33680149      -0.57365361
345    313          3.42133831      -1.30463713      -0.51786694
346    313          3.35739551      -1.29103649      -0.45733885
347    313          3.29694843      -1.32592149      -0.38078700
348    313          3.23518282      -1.40409190      -0.27697580
349    313          3.18668343      -1.46834644      -0.17314055
350    313          3.14203171      -1.47749795      -0.09417551
351    313          3.08929330      -1.45433932      -0.03999456
352    313          3.04582749      -1.43790976       0.01690770
353    313          3.03285740      -1.41999487       0.07847950
354    313          3.04723007      -1.41283607       0.14366068
355    313          3.07338350      -1.39642815       0.20021627
356    313          3.10370846      -1.38116309       0.23466929
357    313          3.14685287      -1.36858293       0.23672671
358    313          3.20079875      -1.38189668       0.21172274
359    313          3.24834626      -1.40718400       0.18310345
360    313          3.30699898      -1.39642539       0.18700336
361    313          3.38108675      -1.32889141       0.22312264
362    313          3.44085191      -1.24129236       0.25158098
363    313          3.49376450      -1.18867339       0.26090262
364    313          3.55861734      -1.20881397       0.24824678
365    313          3.65297963      -1.26764607       0.19227225
366    313          3.72997207      -1.29187055       0.09962430
367    313          3.78729518      -1.26816687       0.01942269
368    313          3.85094274      -1.23479738      -0.01798092
369    313          3.92558160      -1.21275579      -0.03670168
370    313          3.99336552      -1.19249487      -0.05668620
371    313          4.03918394      -1.16085444      -0.07536719
372    313          4.06660323      -1.11296280      -0.07287610
373    313          4.08763528      -1.06806393      -0.04566437
374    313          4.15273710      -1.04013675      -0.03088557
375    313          4.25354332      -1.04715662      -0.03094952
376    313          4.34931402      -1.06363071      -0.02486112
377    313          4.40644798      -1.07012157      -0.02623439
378    313          4.42969698      -1.08577765      -0.05312885
379    313          4.44979578      -1.10201696      -0.08857524
380    313          4.48076200      -1.10352417      -0.09088541
381    313          4.50743044      -1.08530111      -0.05644638
382    313          4.54291931      -1.06272157      -0.01759442
383    313          4.61017402      -1.04319492       0.00292471
384    313          4.68106775      -1.03977540       0.02341761
385    313          4.71666721      -1.06048611       0.05148811
386    313          4.70063095      -1.08468853       0.08402208
387    313          4.64797045      -1.07868670       0.11446760
388    313          4.58031537      -1.04222399       0.15230309
389    313          4.51757965      -1.00202253       0.20393666
390    313          4.45733398      -0.97422703       0.26664997
391    313          4.39761432      -0.94493582       0.33975488
392    313          4.34229905      -0.90569279       0.41960689
393    313          4.27940621      -0.84779679       0.49101285
394    313          4.19408034      -0.75270804       0.54420463
395    313          4.09983402      -0.63034873       0.58340545
396    313          4.03165085      -0.55396411       0.62191791
397    313          4.00102592      -0.54756270       0.64022331
398    313          3.99694162      -0.59220017       0.64771585
399    313          3.99564786      -0.65512603       0.69087599
400    313          3.98053399      -0.70410701       0.75616134
401    313          3.93458893      -0.72906093       0.82084889
402    313          3.88893231      -0.75001122       0.88547637
403    313          3.89235926      -0.82244756       0.91575508
404    313          3.95348238      -0.95794972       0.93219994
405    313          4.01225805      -1.08725094       0.92324869
406    313          4.03807982      -1.13155085       0.92038155
407    313          4.01690937      -1.10308995       0.91981215
408    313          3.98545957      -1.07271946       0.92116515
409    313          3.96164942      -1.06762348       0.93837005
410    313          3.92742054      -1.06826810       0.99013896
411    313          3.87618685      -1.06937138       1.07694026
412    313          3.80490906      -1.06054028       1.16747681
413    313          3.73842527      -1.04300883       1.23778036
414    313          3.68429990      -1.03216970       1.24555378
415    313          3.64849796      -1.04958077       1.19635704
416    313          3.63855043      -1.10169265       1.14019064
417    313          3.66203378      -1.13612467       1.12250575
418    313          3.68521797      -1.10512460       1.12334538
419    313          3.69028701      -1.02397755       1.12423592
420    313          3.67594870      -0.93766526       1.12076994
421    313          3.63038688      -0.89516137       1.11757460
422    313          3.58157875      -0.90067423       1.10563415
423    313          3.54230056      -0.90878093       1.08310026
424    313          3.52095202      -0.91844530       1.09380168
425    313          3.49398307      -0.94307370       1.10586765
426    313          3.46093754      -0.97660082       1.09157807
427    313          3.43310394      -0.98214274       1.06398349
428    313          3.43700352      -0.96926626       1.03743323
429    313          3.45657939      -0.96313578       1.01424161
430    313          3.48969532      -0.98588019       0.96001903
431    313          3.55286414      -1.05252874       0.86988663
432    313          3.63061221      -1.14285658       0.76901133
433    313          3.70353956      -1.19215307       0.68208616
434    313          3.73821099      -1.16585501       0.59861079
435    313          3.75366787      -1.09297649       0.51318114
436    313          3.77087071      -0.99878901       0.45161943
437    313          3.79290780      -0.92313703       0.42852891
438    313          3.80864152      -0.88125232       0.43551393
439    313          3.81009060      -0.86706496       0.44385140
440    313          3.80709302      -0.88414534       0.46361138
441    313          3.80842731      -0.93596676       0.50246734
442    313          3.79184138      -1.00864779       0.54697146
443    313          3.77697764      -1.07859664       0.56593174
444    313          3.77920619      -1.12679847       0.54575150
445    313          3.79400112      -1.15922346       0.51683896
446    313          3.81694778      -1.17460217       0.51329175
447    313          3.86709334      -1.15944943       0.56991237
448    313          3.94877709      -1.12131023       0.64330137
449    313          4.02347485      -1.08356172       0.66202186
450    313          4.06484689      -1.07400385       0.62112339
451    313          4.06701854      -1.08308392       0.57328850
452    313          4.05159559      -1.09607458       0.54160757
453    313          4.04316903      -1.11540525       0.53151828
454    313          4.09087214      -1.12003948       0.56447016
455    313          4.18054994      -1.10276185       0.62728691
456    313          4.26221015      -1.08757719       0.69147965
457    313          4.29876670      -1.10304343       0.70655151
458    313          4.29973708      -1.14193467       0.67250447
459    313          4.28342912      -1.17520801       0.65356168
460    313          4.26743499      -1.18873547       0.68965197
461    313          4.24895582      -1.19880256       0.78220790
462    313          4.25163488      -1.22704262       0.91914709
463    313          4.29184011      -1.25885615       1.04239088
464    313          4.34105241      -1.30458968       1.12252228
465    313          4.38513840      -1.35062799       1.16753170
466    313          4.41887656      -1.39605161       1.16166098
467    313          4.43081543      -1.44628115       1.11075427
468    313          4.43669483      -1.47947884       1.03880771
469    313          4.47527494      -1.46857481       1.00780834
470    313          4.56708953      -1.43875440       1.01964806
471    313          4.67319428      -1.43820043       1.05083597
472    313          4.73359344      -1.49994413       1.08746701
473    313          4.75305099      -1.59801816       1.13225975
474    313          4.76672396      -1.69426573       1.18563541
475    313          4.80006291      -1.76468329       1.24205419
476    313          4.84175532      -1.78714314       1.28445608
477    313          4.85559273      -1.77280122       1.30724743
478    313          4.83451327      -1.74938391       1.33174005
479    313          4.80959814      -1.73991808       1.37516024
480    313          4.80911264      -1.74235150       1.44194018
481    313          4.80877977      -1.77260946       1.49064295
482    313          4.79664767      -1.82781546       1.49586996
483    313          4.77094570      -1.88747545       1.45831545
484    313          4.75093919      -1.93061615       1.42022556
485    313          4.74799017      -1.96504796       1.40918751
486    313          4.75457416      -1.99859278       1.41084691
487    313          4.76532269      -2.04880788       1.42225950
488    313          4.75842190      -2.12348785       1.44582646
489    313          4.73751460      -2.20765092       1.48778540
490    313          4.70622054      -2.28646547       1.56333343
491    313          4.68708218      -2.34993079       1.64923255
492    313          4.68914779      -2.39308614       1.69225740
493    313          4.71577119      -2.43244539       1.67927627
494    313          4.74334669      -2.47790821       1.64754121
495    313          4.75013357      -2.53132211       1.62667404
496    313          4.73207794      -2.58151409       1.62024506
497    313          4.70121006      -2.63666355       1.62866481
498    313          4.66602746      -2.70830756       1.64799232
499    313          4.62537456      -2.78985727       1.66712326
500    313          4.58628063      -2.84825799       1.67751770
501    313          4.55888275      -2.84116210       1.67706240
502    313          4.52226282      -2.80537818       1.64029526
503    313          4.47983079      -2.78267684       1.56822701
504    313          4.43234659      -2.78249676       1.46369993
505    313          4.39046907      -2.78793468       1.33639334
506    313          4.37572142      -2.77842982       1.21519474
507    313          4.37224265      -2.75030416       1.13203306
508    313          4.36601270      -2.72682784       1.09268452
509    313          4.37213618      -2.71952697       1.10565673
510    313          4.37339343      -2.72093395       1.15942350
511    313          4.34373064      -2.73829668       1.21792908
512    313          4.28218419      -2.77895380       1.27789261
513    313          4.20804140      -2.83744843       1.34932207
514    313          4.13761997      -2.88830090       1.41542973
515    313          4.08203092      -2.91923523       1.43926730
516    313          4.05449483      -2.91197542       1.41105048
517    313          4.07694365      -2.87485023       1.36650584
518    313          4.12290510      -2.81895805       1.32174653
519    313          4.15777124      -2.76590068       1.29141033
520    313          4.16712086      -2.73134604       1.25520578
521    313          4.18304267      -2.69037056       1.20654519
522    313          4.21192304      -2.64442940       1.15513844
523    313          4.22802860      -2.59647580       1.11410920
524    313          4.22756863      -2.55815408       1.07451358
525    313          4.20903358      -2.52926716       1.02339395
526    313          4.22187656      -2.49078567       1.00238882
527    313          4.28493260      -2.43409219       1.00873250
528    313          4.38157205      -2.34637893       1.03453692
529    313          4.48513788      -2.27275750       1.07532728
530    313          4.56801064      -2.23072996       1.07869898
531    313          4.62301540      -2.21329622       1.04267056
532    313          4.68326377      -2.20264849       0.99383882
533    313          4.76015907      -2.18801516       0.94448440
534    313          4.84892789      -2.16901305       0.91380619
535    313          4.89554489      -2.11840394       0.89647445
536    313          4.88996117      -2.03743132       0.88988817
537    313          4.86448787      -1.95800763       0.88898089
538    313          4.83637568      -1.89140970       0.87319547
539    313          4.84225205      -1.85655055       0.84300674
540    313          4.92278498      -1.84540652       0.79875127
541    313          5.04362961      -1.83211852       0.75575769
542    313          5.11489656      -1.81074532       0.68774366
543    313          5.11275560      -1.79806396       0.59730547
544    313          5.07606744      -1.81788617       0.52006415
545    313          5.05935596      -1.82061916       0.46767217
546    313          5.06606907      -1.77448462       0.43918621
547    313          5.08558434      -1.70783445       0.43102999
548    313          5.11120736      -1.66765760       0.43107728
549    313          5.13290016      -1.66881632       0.41033567
550    313          5.17200896      -1.70689955       0.36753651
551    313          5.24140509      -1.76704815       0.34800838
552    313          5.30542822      -1.82241555       0.34577101
553    313          5.35763054      -1.87735549       0.36398394
554    313          5.40763722      -1.93988517       0.40383779
555    313          5.46535430      -1.99526910       0.43349002
556    313          5.53221177      -2.03262805       0.46134048
557    313          5.58206847      -2.02710669       0.48706364
558    313          5.60199084      -1.97710345       0.48875360
559    313          5.59997931      -1.92871847       0.47403499
560    313          5.60034012      -1.91779620       0.45895232
561    313          5.59998800      -1.94995394       0.45400287
562    313          5.59785171      -2.00544836       0.45287291
563    313          5.59701352      -2.07860993       0.46003435
564    313          5.59630892      -2.16072347       0.47362183
565    313          5.57129133      -2.21771852       0.50792284
566    313          5.52121350      -2.22732799       0.55988141
567    313          5.46042165      -2.20925625       0.61880742
568    313          5.40203250      -2.19612434       0.67417037
569    313          5.36347184      -2.19293539       0.71746742
570    313          5.34230605      -2.18612253       0.73827637
571    313          5.34236467      -2.18071205       0.72230016
572    313          5.36975284      -2.18978828       0.68980789
573    313          5.42284328      -2.20511097       0.66656316
574    313          5.47940926      -2.22377197       0.66319557
575    313          5.52495153      -2.25485242       0.65275118
576    313          5.57789468      -2.29296144       0.65269644
577    313          5.62925693      -2.31567855       0.66391223
578    313          5.66209355      -2.31260524       0.67049480
579    313          5.67677503      -2.29783335       0.66896750
580    313          5.69844209      -2.30076905       0.68472634
581    313          5.73942814      -2.31395213       0.73268281
582    313          5.79262443      -2.30853622       0.79145443
583    313          5.84641740      -2.28165154       0.82719065
584    313          5.88703987      -2.25571712       0.83174261
585    313          5.91294117      -2.24395147       0.83101644
586    313          5.93353133      -2.23862443       0.83399074
587    313          5.95949635      -2.24019661       0.84903413
588    313          5.99985760      -2.26054224       0.85998102
589    313          6.04880665      -2.31815443       0.84938425
590    313          6.07426869      -2.36759423       0.83512243
591    313          6.05363956      -2.37938104       0.82921008
592    313          6.00322490      -2.37389387       0.83756234
593    313          5.95115148      -2.37414949       0.82981819
594    313          5.91667533      -2.38497221       0.80005123
595    313          5.89274098      -2.41123226       0.77439040
596    313          5.86087801      -2.44229002       0.78053882
597    313          5.82945758      -2.46792318       0.76726468
598    313          5.79798928      -2.48287636       0.70548509
599    313          5.76376698      -2.48323880       0.62879397
600    313          5.74831661      -2.50025965       0.58657193
601    313          5.74525600      -2.54003433       0.55922014
602    313          5.73457101      -2.58823603       0.53290045
603    313          5.71526148      -2.62586274       0.51675347
604    313          5.68864899      -2.64355653       0.51721429
605    313          5.64439238      -2.64341314       0.54174613
606    313          5.57539326      -2.64253330       0.57593855
607    313          5.48570695      -2.64348402       0.60001890
608    313          5.44646084      -2.65694165       0.61116132
609    313          5.49209286      -2.72594735       0.61330818
610    313          5.58243477      -2.81030430       0.59405569
611    313          5.65718263      -2.87071513       0.55942355
612    313          5.68468613      -2.91763557       0.51518726
613    313          5.65705198      -2.97064614       0.49875252
614    313          5.57978258      -3.00598932       0.53550261
615    313          5.46907832      -3.00732543       0.60270849
616    313          5.34873704      -2.98399999       0.66090856
617    313          5.25869761      -2.96523907       0.70700024
618    313          5.23151713      -2.98988776       0.76031451
619    313          5.26619614      -3.06875951       0.80236945
620    313          5.34058466      -3.17040913       0.81980790
621    313          5.43546516      -3.25391802       0.79617854
622    313          5.49616436      -3.29521025       0.76956737
623    313          5.51315784      -3.29219096       0.75271466
624    313          5.48020737      -3.26334421       0.72212107
625    313          5.41166356      -3.21832202       0.69900542
626    313          5.33133295      -3.15274269       0.70787428
627    313          5.27611752      -3.07472059       0.74054043
628    313          5.24686750      -3.00428052       0.76839451
629    313          5.24506747      -2.94989763       0.79909355
630    313          5.27829107      -2.91880281       0.81277514
631    313          5.30018797      -2.92258847       0.79257466
632    313          5.29745369      -2.93898317       0.76694635
633    313          5.27114685      -2.95160771       0.76146927
634    313          5.25062128      -2.93758091       0.76957495
635    313          5.23662567      -2.91238216       0.79629478
636    313          5.20997367      -2.89559555       0.85538484
637    313          5.15953714      -2.89062962       0.91312365
638    313          5.10906147      -2.88138805       0.92256013
639    313          5.07611366      -2.87583364       0.90300754
640    313          5.05404745      -2.86668989       0.91525622
641    313          5.04868390      -2.84125796       0.97499419
642    313          5.05181478      -2.81517708       1.05305932
643    313          5.05369066      -2.77239426       1.13254592
644    313          5.04728245      -2.69790074       1.21050116
645    313          5.06189352      -2.59657729       1.28039318
646    313          5.09578753      -2.46681382       1.35078712
647    313          5.13689519      -2.33666365       1.41101805
648    313          5.16071815      -2.24273908       1.44420653
649    313          5.17054724      -2.17715561       1.47757712
650    313          5.18584575      -2.14347040       1.52335769
651    313          5.20666471      -2.14881165       1.51799426
652    313          5.23747932      -2.18853208       1.45678035
653    313          5.25465641      -2.23569887       1.37353647
654    313          5.24710497      -2.27982831       1.29387061
655    313          5.20067716      -2.29032415       1.20312175
656    313          5.14902678      -2.26942169       1.08474024
657    313          5.11137982      -2.23966670       0.95047395
658    313          5.07962734      -2.21826994       0.82982260
659    313          5.05454436      -2.21172266       0.74736159
660    313          5.04571296      -2.21654310       0.67943341
661    313          5.04099160      -2.21295721       0.64115074
662    313          5.04143352      -2.15824185       0.65279647
663    313          5.04499075      -2.08540770       0.66428949
664    313          5.06701881      -2.02440125       0.62716753
665    313          5.09178816      -1.96788606       0.55402813
666    313          5.08727760      -1.91331086       0.47973807
667    313          5.02463031      -1.85975095       0.39868988
668    313          4.92927229      -1.81964023       0.31999036
669    313          4.83227738      -1.78847905       0.26361017
670    313          4.74465662      -1.78252525       0.24202113
671    313          4.69319927      -1.80215255       0.24013772
672    313          4.68203966      -1.82851150       0.23715425
673    313          4.71631282      -1.81331357       0.23487556
674    313          4.77768903      -1.74278491       0.21727673
675    313          4.85360197      -1.61964317       0.18493969
676    313          4.90270061      -1.50183026       0.14313313
677    313          4.89459472      -1.44257673       0.11479466
678    313          4.85554590      -1.43617012       0.10576391
679    313          4.82127348      -1.42122751       0.10701576
680    313          4.82553826      -1.35843192       0.08556795
681    313          4.84896026      -1.27836047       0.03244146
682    313          4.87286028      -1.18903273      -0.00167708
683    313          4.89628628      -1.10290977       0.00592958
684    313          4.93874055      -1.00583231       0.02937834
685    313          4.99921227      -0.88706730       0.04501063
686    313          5.04391412      -0.78362760       0.04275497
687    313          5.05192655      -0.73042258       0.03272509
688    313          5.04671601      -0.72631720       0.05113093
689    313          5.06270144      -0.74020222       0.07949002
690    313          5.11387952      -0.76276829       0.10688953
691    313          5.18559425      -0.77109850       0.11894420
692    313          5.27666496      -0.76987797       0.11702244
693    313          5.38930497      -0.74937311       0.09151634
694    313          5.49022898      -0.71487421       0.04957715
695    313          5.53584492      -0.68009362       0.01496575
696    313          5.51477028      -0.64196164      -0.01198768
697    313          5.46464134      -0.58065888      -0.03690066
698    313          5.41825616      -0.50737357      -0.06865313
699    313          5.39237360      -0.46656250      -0.08944013
700    313          5.39187976      -0.44569943      -0.09992113
701    313          5.41126195      -0.43775806      -0.11286502
702    313          5.44672393      -0.41337122      -0.15140637
703    313          5.50174217      -0.39095090      -0.19785066
704    313          5.54135475      -0.35180083      -0.23714362
705    313          5.54572937      -0.28397837      -0.25749843
706    313          5.55174769      -0.19639287      -0.25994014
707    313          5.59645484      -0.11758618      -0.27431905
708    313          5.66515170      -0.07507732      -0.30921076
709    313          5.71412026      -0.03035072      -0.34226232
710    313          5.71867870       0.01380324      -0.36127012
711    313          5.68875028       0.04812213      -0.37508010
712    313          5.67330679       0.10028064      -0.39160927
713    313          5.70056375       0.19172824      -0.39074103
714    313          5.76882005       0.28833991      -0.39658460
715    313          5.85670196       0.35084830      -0.44102545
716    313          5.93310673       0.40687427      -0.51812759
717    313          5.98644823       0.47733634      -0.57656340
718    313          6.03613681       0.53117831      -0.60804531
719    313          6.09437788       0.56559304      -0.64424718
720    313          6.12422905       0.62696815      -0.68622495
721    313          6.12565543       0.71074776      -0.74256702
722    313          6.11191625       0.80170371      -0.79020784
723    313          6.08449597       0.89161124      -0.83084987
724    313          6.06241518       0.98199809      -0.88526082
725    313          6.05950657       1.08741510      -0.96740637
726    313          6.06398372       1.20929766      -1.05422792
727    313          6.04099434       1.32393825      -1.11489638
728    313          5.99365309       1.41712125      -1.14041840
729    313          5.94087647       1.50660685      -1.13054716
730    313          5.93549858       1.58833365      -1.12581179
731    313          5.97646545       1.65642744      -1.15460316
732    313          6.02973312       1.71002177      -1.20309100
733    313          6.06347126       1.74447756      -1.27942366
734    313          6.07646962       1.77155667      -1.39480704
735    313          6.08141464       1.80830725      -1.50372060
736    313          6.06623531       1.87164164      -1.56255424
737    313          6.01782635       1.92293427      -1.58483125
738    313          5.94933910       1.96036872      -1.60595722
739    313          5.90895800       1.98396282      -1.64125195
740    313          5.89336346       1.99626436      -1.69430147
741    313          5.88479473       1.98836897      -1.73884426
742    313          5.85134319       1.96115765      -1.73657543
743    313          5.81613739       1.93138265      -1.69580686
744    313          5.80345099       1.91225218      -1.65072463
745    313          5.81316428       1.91573861      -1.62265723
746    313          5.83097341       1.93711066      -1.62434819
747    313          5.85256889       1.98291673      -1.61939786
748    313          5.86746038       2.03273949      -1.59459282
749    313          5.85017625       2.06839986      -1.56633169
750    313          5.79792251       2.08724358      -1.55275231
751    313          5.74579914       2.09404786      -1.54893014
752    313          5.71562848       2.10058787      -1.53716226
753    313          5.70856288       2.11422040      -1.50882963
754    313          5.71261493       2.12367323      -1.47249842
755    313          5.71291133       2.12461526      -1.44554107
756    313          5.71651829       2.11649683      -1.41133669
757    313          5.71415779       2.09520695      -1.37489215
758    313          5.69336259       2.05604613      -1.34335158
759    313          5.63150090       2.00531323      -1.32912248
760    313          5.54500895       1.96925893      -1.32923827
761    313          5.49656724       1.94403540      -1.32998854
762    313          5.50051844       1.92285979      -1.32875443
763    313          5.53881698       1.89489461      -1.31963701
764    313          5.56573539       1.86033155      -1.30483191
765    313          5.56086674       1.83034212      -1.27962319
766    313          5.53192141       1.81498689      -1.25663374
767    313          5.52309699       1.81008257      -1.25391403
768    313          5.53961059       1.81405347      -1.28301606
769    313          5.54870605       1.83202544      -1.32648011
770    313          5.54500963       1.85148067      -1.37095731
771    313          5.53120527       1.87195170      -1.40991968
772    313          5.54383276       1.90987844      -1.43173712
773    313          5.59676293       1.95531693      -1.43338697
774    313          5.65761064       1.99108884      -1.42168417
775    313          5.67550648       1.99823577      -1.40468492
776    313          5.64422358       1.98303103      -1.38727594
777    313          5.59493401       1.97636951      -1.37886442
778    313          5.55669566       1.99271046      -1.36713300
779    313          5.53848446       2.02105220      -1.34550975
780    313          5.54470756       2.04592779      -1.31640839
781    313          5.57096960       2.06081470      -1.29105931
782    313          5.59645258       2.06538074      -1.27590187
783    313          5.62254145       2.06246999      -1.25086860
784    313          5.67111768       2.06455130      -1.19566733
785    313          5.72169476       2.09255286      -1.14152293
786    313          5.70913833       2.12926955      -1.10510956
787    313          5.63157195       2.14642719      -1.04705412
788    313          5.55015834       2.14315988      -0.96752679
789    313          5.52425430       2.15659233      -0.89070949
790    313          5.55503742       2.20273646      -0.82030131
791    313          5.59996569       2.25881187      -0.77859003
792    313          5.63841393       2.29892115      -0.79473671
793    313          5.65832613       2.32286929      -0.86114957
794    313          5.67986759       2.35669356      -0.91228022
795    313          5.71003243       2.40462225      -0.89555087
796    313          5.72069536       2.44236029      -0.80801491
797    313          5.69341544       2.48212758      -0.71569887
798    313          5.64793481       2.53170922      -0.67516414
799    313          5.62444381       2.57641412      -0.67754689
800    313          5.64437730       2.61773826      -0.71687908
801    313          5.68742640       2.64787791      -0.79247597
802    313          5.71853795       2.66476791      -0.89620535
803    313          5.74205088       2.68126335      -0.95095754
804    313          5.77342968       2.73854133      -0.90827170
805    313          5.82238586       2.84108547      -0.82683450
806    313          5.86859839       2.96870714      -0.76198598
807    313          5.89271796       3.09975706      -0.72356002
808    313          5.90203930       3.20071873      -0.69664044
809    313          5.91759017       3.27578664      -0.69700156
810    313          5.93426423       3.32045257      -0.72159042
811    313          5.93903428       3.34868663      -0.76203789
812    313          5.94334719       3.37294480      -0.79835339
813    313          5.96370106       3.40455667      -0.83190869
814    313          6.01061840       3.44135312      -0.83406595
815    313          6.07218641       3.49509219      -0.81808713
816    313          6.12987910       3.55606301      -0.82419779
817    313          6.16090800       3.60266826      -0.83455434
818    313          6.14743086       3.59938589      -0.83555665
819    313          6.09594308       3.55378792      -0.81738473
820    313          6.02981574       3.50432681      -0.81104103
821    313          5.96847860       3.46699467      -0.80266938
822    313          5.92118230       3.44834299      -0.80832463
823    313          5.88360558       3.45269779      -0.81486311
824    313          5.87909557       3.48239889      -0.81023537
825    313          5.91773519       3.52229171      -0.78577553
826    313          5.97083885       3.56387271      -0.74135230
827    313          6.02177894       3.59503086      -0.71423476
828    313          6.06384116       3.60890996      -0.72407587
829    313          6.08858201       3.61268830      -0.75311747
830    313          6.08522235       3.60468333      -0.74499137
831    313          6.05640307       3.59130573      -0.72557180
832    313          6.02010277       3.56340766      -0.71916148
833    313          6.00090901       3.50474119      -0.73535170
834    313          6.00467533       3.44815545      -0.75785084
835    313          6.03613894       3.44003984      -0.77054700
836    313          6.08161669       3.47583478      -0.77496124
837    313          6.11725525       3.52213003      -0.75469610
838    313          6.14314689       3.54764801      -0.71067584
839    313          6.15887973       3.54083256      -0.63155167
840    313          6.15835250       3.52785974      -0.55501939
841    313          6.13532476       3.51110296      -0.51050741
842    313          6.10812265       3.50782511      -0.51786505
843    313          6.07688097       3.53345446      -0.54445233
844    313          6.06702682       3.59386251      -0.57959419
845    313          6.08016966       3.66765916      -0.60549874
846    313          6.07946631       3.71539437      -0.59757558
847    313          6.06163244       3.70646877      -0.55935255
848    313          6.03412060       3.65875618      -0.52054203
849    313          6.00702667       3.59712896      -0.49578982
850    313          5.99485985       3.53788346      -0.45534521
851    313          6.00939153       3.51555082      -0.39500192
852    313          6.03481558       3.53898205      -0.32769233
853    313          6.06001106       3.59436226      -0.27588868
854    313          6.07442419       3.64125003      -0.23273115
855    313          6.06576542       3.65118905      -0.18687118
856    313          6.03734320       3.63699324      -0.14917006
857    313          6.02000955       3.65145867      -0.14066853
858    313          6.02348748       3.69831891      -0.16095373
859    313          6.04077769       3.73396681      -0.18405601
860    313          6.06353072       3.74888424      -0.18381891
861    313          6.07951934       3.75603184      -0.16724594
862    313          6.11864405       3.78131367      -0.16523752
863    313          6.17783943       3.82342254      -0.16110050
864    313          6.26159710       3.87574791      -0.13437407
865    313          6.33983972       3.91061133      -0.08390915
866    313          6.38482310       3.91850780      -0.02381566
867    313          6.39673980       3.91396068       0.03299924
868    313          6.38503550       3.90984009       0.07099811
869    313          6.33019010       3.92612489       0.09732620
870    313          6.24687665       3.96806886       0.12435200
871    313          6.15876363       4.04181967       0.13669910
872    313          6.08372661       4.14811884       0.15046953
873    313          6.03642006       4.27933653       0.18269703
874    313          5.99728606       4.39997433       0.22403916
875    313          5.94171410       4.48063547       0.27778204
876    313          5.86297588       4.50653298       0.32227727
877    313          5.79179464       4.50641282       0.36459355
878    313          5.76332821       4.50331457       0.43108208
879    313          5.77831261       4.51055938       0.51371170
880    313          5.78665937       4.51614469       0.57965118
881    313          5.73539237       4.50410393       0.57911808
882    313          5.64583348       4.47747367       0.51855106
883    313          5.57458127       4.47199759       0.44577766
884    313          5.55080871       4.49455226       0.42384793
885    313          5.55912379       4.51724185       0.43578016
886    313          5.59782245       4.53279175       0.45061872
887    313          5.64752768       4.53982899       0.44894290
888    313          5.69277755       4.53482655       0.41670317
889    313          5.70721690       4.52510630       0.36615896
890    313          5.69187505       4.53596477       0.35408079
891    313          5.66801378       4.55801455       0.39391611
892    313          5.68212627       4.58502466       0.43605884
893    313          5.73083062       4.59801867       0.43736734
894    313          5.79890501       4.59656744       0.42168104
895    313          5.88340745       4.59718849       0.41580255
896    313          5.97064128       4.59073904       0.41584488
897    313          6.04051691       4.57067916       0.41350309
898    313          6.07486741       4.56325335       0.40611999
899    313          6.05964016       4.58890253       0.40686991
900    313          6.00495024       4.62624514       0.42343454
901    313          5.95809221       4.64997208       0.45305602
902    313          5.96423873       4.65982340       0.48058169
903    313          6.03560069       4.66923902       0.51128733
904    313          6.13359601       4.67388497       0.55275068
905    313          6.22943966       4.66675097       0.58620626
906    313          6.31534504       4.64947058       0.62257029
907    313          6.39718953       4.63292536       0.66160250
908    313          6.46459596       4.61847305       0.67603684
909    313          6.49873466       4.60893379       0.65311047
910    313          6.51884570       4.60223344       0.63519721
911    313          6.54740239       4.58517186       0.65182476
912    313          6.57074566       4.55214029       0.68888948
913    313          6.55355475       4.51713620       0.72896126
914    313          6.52162241       4.50888580       0.76942751
915    313          6.51327539       4.51175357       0.82571815
916    313          6.53299409       4.50527073       0.87452610
917    313          6.60136935       4.47681366       0.89978809
918    313          6.69874527       4.44894005       0.90379113
919    313          6.76631326       4.42896115       0.88028519
920    313          6.77962697       4.42848823       0.86576051
921    313          6.77331215       4.44394396       0.87730811
922    313          6.77556474       4.45850676       0.93371383
923    313          6.77928791       4.44512427       1.02310807
924    313          6.78444794       4.41616091       1.10437251
925    313          6.79815988       4.43272932       1.14551858
926    313          6.81047603       4.48953962       1.14442100
927    313          6.81773777       4.54821725       1.12049954
928    313          6.82780397       4.57645522       1.07253113
929    313          6.86339486       4.57143219       1.04976528
930    313          6.91845549       4.53837314       1.09677532
931    313          6.98002784       4.49660884       1.18443737
932    313          7.02573605       4.45980250       1.25945530
933    313          7.04383818       4.43920180       1.30813612
934    313          7.03568785       4.42824605       1.33632056
935    313          6.99789424       4.42962116       1.34731720
936    313          6.94192315       4.44219816       1.34215156
937    313          6.87271704       4.45055182       1.34680482
938    313          6.80502415       4.42327201       1.37576599
939    313          6.76304711       4.37183729       1.42210116
940    313          6.76432541       4.32807404       1.46184623
941    313          6.79763113       4.29816536       1.49514565
942    313          6.84652649       4.27705202       1.55073680
943    313          6.88996502       4.26336467       1.60286022
944    313          6.90669032       4.27430295       1.62387397
945    313          6.89699206       4.29250391       1.62969696
946    313          6.87754043       4.31832696       1.61796217
947    313          6.85085924       4.35338144       1.58552523
948    313          6.82004755       4.40016922       1.55045420
949    313          6.79295059       4.44331880       1.54331809
950    313          6.77623658       4.48334034       1.56915837
951    313          6.75537129       4.49683313       1.61715144
952    313          6.71591826       4.49104831       1.68017152
953    313          6.65485721       4.48154042       1.75495500
954    313          6.59637057       4.47064879       1.83120779
955    313          6.55583301       4.48444043       1.90501431
956    313          6.50651606       4.52906149       1.97286872
957    313          6.46229001       4.60378771       2.02562482
958    313          6.45650233       4.66563935       2.08252429
959    313          6.45797050       4.72120714       2.12557984
960    313          6.43320792       4.77594265       2.14190628
961    313          6.39201882       4.83231007       2.14073452
962    313          6.33598804       4.86673941       2.16783088
963    313          6.26051658       4.87427495       2.20750239
964    313          6.16603983       4.87783313       2.21978197
965    313          6.07520982       4.87799685       2.21127148
966    313          6.00855650       4.88055226       2.20009925
967    313          5.96377200       4.88637135       2.20403984
968    313          5.91674642       4.91339159       2.19395809
969    313          5.87032362       4.95706535       2.16587007
970    313          5.83476513       5.00664558       2.14677510
971    313          5.81951635       5.03880262       2.14173914
972    313          5.82959937       5.06504243       2.12013812
973    313          5.84550023       5.09071070       2.08279090
974    313          5.83017057       5.11463738       2.03831159
975    313          5.77166643       5.13214423       1.98077402
976    313          5.69752299       5.14337270       1.91982542
977    313          5.63287536       5.16655277       1.85520329
978    313          5.59404683       5.19648684       1.78673176
979    313          5.59261172       5.23385975       1.72333539
980    313          5.60812127       5.26948443       1.68120991
981    313          5.62667213       5.27445442       1.66894400
982    313          5.63072399       5.26106148       1.65627215
983    313          5.61805155       5.26341301       1.63813035
984    313          5.59306701       5.29876605       1.62808210
985    313          5.54603899       5.34980500       1.64842202
986    313          5.50335550       5.39863996       1.70839090
987    313          5.48987681       5.43770249       1.79355673
988    313          5.49898736       5.46460391       1.88598275
989    313          5.52151827       5.47195409       1.98076841
990    313          5.54289652       5.47137325       2.07260523
991    313          5.54799362       5.46091793       2.14143784
992    313          5.52515990       5.45385212       2.17341754
993    313          5.49851731       5.46824654       2.18153579
994    313          5.48640519       5.49405813       2.18784997
995    313          5.47183968       5.51794139       2.19978062
996    313          5.42841057       5.51877564       2.22308214
997    313          5.36766236       5.51276246       2.26106928
998    313          5.31720741       5.51770795       2.33399657
999    313          5.29329660       5.53257464       2.41007817
