1            0.00000000       0.00000000       0.00000000       0.00000000
2            0.00615543       0.00062519       0.00463415       0.00089609
3            0.02192918       0.00038863       0.01689618       0.00464438
4            0.03231982       0.00002806       0.02300145       0.00929031
5            0.02774876       0.00156009       0.01414976       0.01203891
6            0.02515463       0.00593024       0.00264306       0.01658133
7            0.03566077       0.01033394       0.00016391       0.02516293
8            0.05363246       0.01174701       0.00010484       0.04178062
9            0.08523846       0.01019863       0.00059709       0.07444275
10           0.13570799       0.00814430       0.00196111       0.12560259
11           0.18488929       0.00422435       0.00408308       0.17658186
12           0.21549054       0.00066249       0.00327812       0.21154993
13           0.23400748       0.00001221       0.00065503       0.23334024
14           0.24542885       0.00014978       0.00070696       0.24457212
15           0.25076713       0.00204462       0.00498321       0.24373930
16           0.26923260       0.00370393       0.00830190       0.25722676
17           0.32498557       0.00195538       0.00564187       0.31738833
18           0.41620935       0.00028019       0.00008070       0.41584846
19           0.49516296       0.00020181       0.01285758       0.48210356
20           0.53028083       0.00197912       0.03173246       0.49656925
21           0.54212607       0.00321958       0.04251753       0.49638896
22           0.60136143       0.00455219       0.04569298       0.55111626
23           0.71974625       0.01165239       0.03877951       0.66931435
24           0.81779715       0.03221352       0.02799645       0.75758718
25           0.82437103       0.05995991       0.01129117       0.75311995
26           0.80746260       0.08409377       0.00151793       0.72185090
27           0.85774608       0.10657007       0.00003477       0.75114124
28           0.96104649       0.12784988       0.00044581       0.83275081
29           1.06389602       0.14005813       0.00100265       0.92283524
30           1.12799202       0.15320970       0.00504442       0.96973790
31           1.13529670       0.18016417       0.01459640       0.94053613
32           1.11593091       0.20244777       0.02441553       0.88906761
33           1.10310428       0.20447910       0.02978981       0.86883537
34           1.14757460       0.19560274       0.02747260       0.92449927
35           1.20427686       0.18575312       0.02169041       0.99683333
36           1.29672344       0.19082866       0.02559389       1.08030089
37           1.45084771       0.21777389       0.05883961       1.17423421
38           1.65810076       0.24094832       0.14231632       1.27483612
39           1.82389998       0.23583170       0.26188148       1.32618680
40           1.85928878       0.20637536       0.36506403       1.28784939
41           1.83639864       0.18738993       0.43928932       1.20971938
42           1.83291485       0.19613280       0.50453996       1.13224209
43           1.83828854       0.20952350       0.58419278       1.04457226
44           1.89778601       0.19984385       0.71969016       0.97825201
45           2.04543215       0.18111431       0.88327949       0.98103835
46           2.25383210       0.17836698       1.07486560       1.00059953
47           2.43426953       0.19612649       1.24239573       0.99574731
48           2.60125912       0.22466312       1.38320768       0.99338832
49           2.84670881       0.24860078       1.56224139       1.03586664
50           3.14708737       0.25948133       1.78711405       1.10049199
51           3.42832403       0.27998206       2.00957091       1.13877107
52           3.71945424       0.33721568       2.22254123       1.15969733
53           4.07691167       0.41152496       2.49003925       1.17534746
54           4.42453435       0.44977728       2.78360998       1.19114708
55           4.58858833       0.40277923       3.00960300       1.17620610
56           4.66657924       0.34398515       3.20339038       1.11920372
57           4.82256356       0.34255833       3.42432497       1.05568026
58           5.04260495       0.37122793       3.62230678       1.04907024
59           5.31041588       0.39496192       3.82112212       1.09433184
60           5.51189643       0.39906705       4.00375084       1.10907854
61           5.64716930       0.40731116       4.22255060       1.01730755
62           5.78157625       0.43440644       4.47720242       0.86996738
63           5.92829562       0.48445919       4.71133675       0.73249968
64           6.01545418       0.52643081       4.88488246       0.60414091
65           6.07531939       0.57265820       5.01665208       0.48600912
66           6.24414540       0.60236536       5.24443902       0.39734102
67           6.58649149       0.64116967       5.58967688       0.35564494
68           6.95276071       0.69894280       5.91861641       0.33520150
69           7.20967714       0.75814499       6.13888852       0.31264362
70           7.31516442       0.83099702       6.21754664       0.26662076
71           7.36226135       0.90519802       6.25217579       0.20488754
72           7.37440553       0.94900855       6.27808749       0.14730949
73           7.26491810       0.96903832       6.17681903       0.11906075
74           7.11769262       0.98635864       6.02508183       0.10625215
75           7.09986363       0.97322877       6.04429945       0.08233541
76           7.31978769       0.94436475       6.32342182       0.05200112
77           7.66870257       0.93160179       6.70531433       0.03178645
78           7.90157052       0.93380710       6.94855731       0.01920611
79           7.91740583       0.97968987       6.92992078       0.00779518
80           7.88332998       1.06470906       6.81772007       0.00090085
81           8.04662094       1.24339788       6.80267552       0.00054754
82           8.35383801       1.49883762       6.85147922       0.00352118
83           8.61566235       1.75699558       6.85215042       0.00651635
84           8.56145366       1.89917744       6.64805193       0.01422428
85           8.33747639       1.93922979       6.36858260       0.02966400
86           8.27630581       1.95254231       6.26506417       0.05869933
87           8.58522370       2.02403144       6.46253257       0.09865969
88           9.16381237       2.19885806       6.83840549       0.12654882
89           9.71269906       2.46805046       7.11465509       0.12999351
90          10.18728940       2.78225352       7.28349542       0.12154045
91          10.63384654       3.09183316       7.43551470       0.10649868
92          11.00628601       3.32343980       7.59585250       0.08699370
93          11.34316304       3.51412051       7.76421377       0.06482876
94          11.50191196       3.57607710       7.87715079       0.04868407
95          11.51182525       3.54882180       7.92825541       0.03474804
96          11.38966071       3.48539230       7.88223846       0.02202995
97          23.91994031       0.41683890      23.33118455       0.17191687
98          24.61670246       0.47224078      23.98992194       0.15453974
99          25.20813186       0.53344811      24.56331617       0.11136758
100         25.59683793       0.61943549      24.91314148       0.06426096
101         25.85910059       0.71363078      25.11184050       0.03362931
102         26.26057957       0.80162913      25.43932852       0.01962192
103         26.87905927       0.90278863      25.96142939       0.01484125
104         27.49541353       1.03744404      26.44324672       0.01472277
105         27.75956744       1.16315442      26.58008969       0.01632334
106         27.80449571       1.21222240      26.57005600       0.02221730
107         27.71336645       1.16493209      26.51452593       0.03390843
108         27.40918697       1.08670344      26.27448359       0.04799994
109         27.05932793       0.99535277      26.00208459       0.06189057
110         26.79833068       0.89648035      25.83660689       0.06524344
111         26.70024251       0.81845287      25.83554883       0.04624080
112         26.51935076       0.77586427      25.72204859       0.02143790
113         26.07188874       0.75864515      25.30554290       0.00770069
114         25.26263665       0.74116116      24.51887318       0.00260232
115         24.45649761       0.76232058      23.69362078       0.00055624
116         24.01287170       0.84847978      23.16416966       0.00022226
117         23.93095980       0.99566245      22.93481006       0.00048728
118         23.91496600       1.09286340      22.82140786       0.00069474
119         24.04987408       1.05639603      22.99320439       0.00027366
120         24.42146252       0.90611155      23.51533729       0.00001368
121         24.82647669       0.75286036      24.07358151       0.00003482
122         25.09991875       0.63482213      24.46445225       0.00064437
123         25.15656305       0.55463989      24.59756163       0.00436153
124         25.07535856       0.53000504      24.53477155       0.01058197
125         25.00809196       0.55178867      24.44055748       0.01574582
126         25.12103214       0.61288406      24.49532976       0.01281832
127         25.28066927       0.69212265      24.58634451       0.00220211
128         25.11299255       0.75070566      24.36026522       0.00202167
129         24.73149928       0.77671994      23.94121639       0.01356296
130         24.74969317       0.85734805      23.86448300       0.02786212
131         25.07193463       0.98503910      24.03744784       0.04944769
132         25.24920577       1.12387634      24.04606136       0.07926808
133         25.20121415       1.28843144      23.81674607       0.09603664
134         24.98003961       1.49329048      23.39759562       0.08915352
135         24.63733345       1.69571984      22.86643936       0.07517426
136         24.12348799       1.82808252      22.22877082       0.06663465
137         23.55434547       1.82593572      21.66054070       0.06786905
138         23.32483424       1.71239321      21.55600895       0.05643207
139         23.66472724       1.60591123      22.03124851       0.02756750
140         24.19839026       1.52253663      22.66758549       0.00826814
141         24.51202002       1.44917443      23.06086581       0.00197978
142         24.68789509       1.43469147      23.25278420       0.00041942
143         24.95850386       1.48282254      23.47550633       0.00017499
144         25.33237504       1.51389457      23.81840567       0.00007480
145         25.69670963       1.48513300      24.21156273       0.00001390
146         26.01588264       1.43677544      24.57905235       0.00005485
147         26.35131175       1.42661152      24.92435830       0.00034193
148         26.85869172       1.38484904      25.47359079       0.00025190
149         27.50288747       1.27176918      26.23088131       0.00023698
150         27.96029740       1.11063142      26.84795085       0.00171513
151         27.94064677       0.97410181      26.96501512       0.00152984
152         27.59411812       0.83348994      26.75971267       0.00091552
153         27.10372544       0.71421671      26.38878708       0.00072165
154         26.69656920       0.66925718      26.02577343       0.00153860
155         26.51847680       0.70470320      25.80910029       0.00467331
156         26.54369598       0.77554058      25.75926796       0.00888743
157         26.70049457       0.84334389      25.85024966       0.00690102
158         27.06318355       0.89054700      26.17103117       0.00160537
159         27.64375875       0.88883965      26.75447166       0.00044744
160         28.17281980       0.82411662      27.34529130       0.00341189
161         28.22863178       0.69836574      27.51019022       0.02007582
162         27.95486155       0.56561589      27.33825106       0.05099460
163         28.02160607       0.48993178      27.44532908       0.08634521
164         28.69680115       0.46032706      28.10770829       0.12876579
165         29.67805324       0.45472273      29.03705997       0.18627055
166         30.63323052       0.45109883      29.90918091       0.27295078
167         31.58412024       0.46985150      30.75156120       0.36270753
168         32.57236554       0.53153382      31.63938605       0.40144567
169         33.37699934       0.59799609      32.37680078       0.40220246
170         33.54428590       0.61458554      32.51189693       0.41780343
171         33.04751307       0.57610215      31.97308447       0.49832645
172         32.57091698       0.53320383      31.39692808       0.64078507
173         32.85298750       0.52887531      31.49534854       0.82876365
174         33.95729268       0.52133580      32.40228145       1.03367543
175         35.32485860       0.47243828      33.66256590       1.18985441
176         36.37454897       0.42985999      34.65496996       1.28971902
177         37.29065854       0.41721936      35.49456308       1.37887610
178         38.19823056       0.43245458      36.24868508       1.51709090
179         38.93813128       0.46272892      36.71837913       1.75702323
180         39.68069483       0.51327842      37.14599438       2.02142203
181         40.70071428       0.57501778      37.92240831       2.20328818
182         41.87352470       0.61701641      38.97392602       2.28258227
183         42.80742749       0.64360795      39.83805842       2.32576112
184         43.30018523       0.65414461      40.26405611       2.38198451
185         43.58386282       0.63631631      40.50311648       2.44443003
186         44.13361878       0.66108858      40.97691938       2.49561082
187         44.99877876       0.77599473      41.67670406       2.54607997
188         45.69569343       0.95552115      42.11978524       2.62038705
189         46.06184322       1.14905961      42.27610868       2.63667493
190         46.32288878       1.36245636      42.43751850       2.52291392
191         46.62068962       1.63869905      42.70317622       2.27881436
192         46.83537038       1.94928335      42.81363178       2.07245524
193         46.89681265       2.19459858      42.66988755       2.03232652
194         46.90661690       2.27984089      42.48221897       2.14455704
195         46.72733527       2.23694152      42.17517110       2.31522265
196         46.64330851       2.19071484      42.00663825       2.44595543
197         46.63667680       2.19351544      41.94160423       2.50155713
198         46.52259628       2.18112831      41.83309190       2.50837607
199         46.31100388       2.11131963      41.65389669       2.54578756
200         46.11081033       2.06664549      41.40660059       2.63756426
201         46.05139292       2.08652469      41.20018750       2.76468073
202         45.97657638       2.14652311      40.94388702       2.88616624
203         45.95334467       2.19600713      40.80193021       2.95540734
204         45.70942167       2.20532167      40.52764097       2.97645903
205         45.10785806       2.13031831      40.03709756       2.94044219
206         44.18182384       2.03613850      39.25331784       2.89236750
207         43.18956015       1.90328002      38.45725207       2.82902806
208         42.45907230       1.73969186      37.91998562       2.79939482
209         42.24922853       1.60827399      37.87565749       2.76529704
210         42.16935310       1.52208717      37.99127646       2.65598946
211         41.88897982       1.44539544      37.95420071       2.48938367
212         41.72389665       1.35872586      38.00396847       2.36120232
213         41.88363382       1.32436423      38.22130290       2.33796669
214         42.31855927       1.30738330      38.59125490       2.41992107
215         42.44603679       1.22694949      38.64256348       2.57652383
216         42.25731917       1.11096760      38.42301871       2.72333285
217         41.97445639       1.01987133      38.12180230       2.83278276
218         41.81407898       0.95994508      37.93470362       2.91943028
219         41.78141262       0.94842089      37.82308548       3.00990625
220         41.67291028       0.96759205      37.63408325       3.07123497
221         41.26011709       0.97603528      37.20633985       3.07774196
222         40.83946860       0.97759261      36.85890385       3.00297215
223         40.90573901       1.00655198      36.98528604       2.91390100
224         41.57844763       1.06497787      37.62550552       2.88796423
225         42.63601829       1.10686648      38.61073343       2.91841838
226         43.56614530       1.14465276      39.46899958       2.95249296
227         44.15042918       1.16583611      40.07375260       2.91084047
228         44.30068387       1.15514066      40.37210303       2.77344018
229         44.02998800       1.11896066      40.33435683       2.57667051
230         43.70394754       1.10146352      40.16806883       2.43441520
231         43.56534986       1.13933514      40.07818500       2.34782972
232         43.73257128       1.21227997      40.19188282       2.32840850
233         44.09986594       1.30748710      40.39238101       2.39999784
234         44.50200834       1.41934654      40.61706960       2.46559220
235         44.85901698       1.53131730      40.89801732       2.42968236
236         45.42573342       1.63789738      41.44661770       2.34121834
237         46.11677083       1.69518726      42.16280074       2.25878283
238         46.71559860       1.71862758      42.76222647       2.23474455
239         47.01770305       1.72393452      42.94352997       2.35023856
240         46.95711191       1.73524441      42.71044305       2.51142445
241         46.84851599       1.76097144      42.45738560       2.63015895
242         46.90546421       1.79583842      42.54726803       2.56235776
243         47.25460790       1.82481993      42.98607805       2.44370992
244         47.90623975       1.90103396      43.64881602       2.35638977
245         48.76236268       2.03852189      44.35895923       2.36488156
246         49.23948205       2.22483733      44.60284190       2.41180282
247         49.20427724       2.43532907      44.32523919       2.44370898
248         49.01519403       2.60949283      43.87650535       2.52919585
249         49.08801295       2.75045080      43.69151581       2.64604634
250         49.37708037       2.89694316      43.69014703       2.78999018
251         49.89472108       3.08974131      43.88315417       2.92182560
252         50.65108568       3.36188089      44.18626931       3.10293548
253         51.51867859       3.64875050      44.55568855       3.31423955
254         52.82085790       3.94962024      45.28576177       3.58547589
255         54.42611499       4.31176948      46.25898456       3.85536096
256         55.78872831       4.75392481      46.96780217       4.06700133
257         56.54987206       5.20272045      47.05799546       4.28915615
258         57.02390590       5.52915467      47.00266661       4.49208462
259         57.40988680       5.78522088      47.11622410       4.50844183
260         57.60473207       6.01460734      47.20947280       4.38065193
261         58.05245823       6.30027374      47.32640536       4.42577913
262         59.11824885       6.55309912      47.83010505       4.73504467
263         59.94713393       6.78068465      47.99809476       5.16835452
264         60.14225869       6.93290380      47.71500421       5.49435067
265         60.56262289       7.14747082      47.65690422       5.75824785
266         61.24821397       7.42461809      47.93995888       5.88363699
267         62.04788797       7.79173520      48.50835491       5.74779786
268         62.54956020       8.20494834      48.98560262       5.35900924
269         62.43362720       8.60741896      48.88179629       4.94441195
270         62.28768567       8.97854732      48.55603353       4.75310482
271         62.46444356       9.23331433      48.42501602       4.80611321
272         63.02220184       9.34253275      48.65577994       5.02388916
273         63.71444038       9.35592091      49.18175285       5.17676661
274         64.36438818       9.33226017      49.80903459       5.22309343
275         64.65243689       9.25643629      50.05262892       5.34337168
276         64.50414675       9.05028380      49.95069243       5.50317052
277         63.88152179       8.65826694      49.70939895       5.51385590
278         63.11292468       8.33287778      49.52062708       5.25941982
279         62.53125687       8.12470006      49.42203788       4.98451892
280         62.02084377       7.94480806      49.14198290       4.93405281
281         61.63477812       7.66345748      48.77384445       5.19747619
282         61.60972981       7.33524628      48.65256881       5.62191471
283         62.07413215       7.07730825      48.97727098       6.01955292
284         62.32694130       6.91446725      49.07785928       6.33461476
285         62.09148793       6.73631580      48.82680685       6.52836528
286         61.55146663       6.58306182      48.40622697       6.56217783
287         60.90487554       6.41009616      48.09839524       6.39638414
288         60.39920628       6.22980579      47.93956145       6.22983903
289         60.10213399       6.12316257      47.81088153       6.16808989
290         60.39098255       6.11011386      47.98436390       6.29650479
291         60.96681555       6.20287019      48.19140218       6.57254318
292         60.94386658       6.36150944      47.85086437       6.73149278
293         60.10030647       6.58744921      46.90088663       6.61197062
294         58.65896780       6.80070398      45.51629582       6.34196801
295         56.98523749       7.03074986      43.79850056       6.15598707
296         55.56052947       7.15160065      42.24755812       6.16137070
297         55.11037040       7.07070092      41.58878753       6.45088196
298         55.42120336       6.90092720      41.74234936       6.77792681
299         55.95844880       6.81985981      42.11588939       7.02269960
300         55.98542382       6.78069564      42.18797326       7.01675492
301         55.24545354       6.66990044      41.72373144       6.85182165
302         54.12045247       6.60203903      40.90352054       6.61489290
303         53.05421214       6.66182246      39.98449242       6.40789726
304         52.11376063       6.79200140      39.09993809       6.22182113
305         50.91599740       6.93921953      37.93239596       6.04438191
306         49.96740013       7.12276630      36.80151313       6.04312070
307         48.85843675       7.22911457      35.55003334       6.07928884
308         48.24200872       7.20868763      34.80801515       6.22530594
309         47.90836031       7.21724362      34.28866702       6.40244967
310         47.62920001       7.36906244      33.68222947       6.57790809
311         47.24673546       7.70047215      32.90369755       6.64256575
312         46.67523594       7.97406252      32.10486157       6.59631185
313         45.72630112       8.02817579      31.28054182       6.41758351
314         44.56191143       7.91683048      30.41729382       6.22778712
315         43.39148082       7.72352932      29.50545005       6.16250145
316         42.45151064       7.59680232      28.71513465       6.13957367
317         42.12440363       7.61459703      28.47800961       6.03179699
318         42.15242155       7.77276183      28.55252288       5.82713684
319         42.25874711       7.88539905      28.65741061       5.71593745
320         41.89646979       7.86841400      28.34394422       5.68411157
321         41.28478828       7.89387256      27.66582467       5.72509105
322         40.74021541       7.93641543      27.12996055       5.67383944
323         40.30232520       7.96415652      26.80370188       5.53446680
324         39.92876440       7.88302133      26.74468138       5.30106169
325         39.47328412       7.76557283      26.71401702       4.99369428
326         39.00721772       7.68784449      26.63245292       4.68692030
327         38.56330336       7.64629675      26.42530170       4.49170491
328         38.28436436       7.55526813      26.31766715       4.41142908
329         38.11707545       7.34761789      26.36157642       4.40788114
330         38.18135839       7.13350377      26.60594877       4.44190585
331         38.49760377       6.99379613      27.04387331       4.45993433
332         38.98698624       7.03503092      27.53989709       4.41205824
333         39.50557973       7.17411562      28.09805499       4.23340913
334         39.51728517       7.32958066      28.14331858       4.04438593
335         39.20149449       7.26385530      27.99702020       3.94061899
336         71.80519619      19.96088004      48.57097871       3.27333744
337         71.86481685      20.46622168      48.00385160       3.39474357
338         71.48894742      20.64494134      47.32524729       3.51875879
339         70.68740003      20.52838370      46.55573032       3.60328602
340         69.76214180      20.30601607      45.68572994       3.77039578
341         68.89599231      19.98639034      44.93008432       3.97951765
342         68.25734806      19.94564315      44.25391978       4.05778512
343         67.68767651      20.22822307      43.42587221       4.03358123
344         67.02439890      20.71589992      42.33163415       3.97686483
345         66.08262825      21.33478197      40.89512241       3.85272387
346         65.08861096      21.94696586      39.49412641       3.64751870
347         63.80592506      22.29201097      38.07135595       3.44255814
348         62.00000077      22.21019551      36.51193701       3.27786825
349         59.97796832      21.98422015      34.82498608       3.16876210
350         58.11502548      21.90555134      33.16574836       3.04372578
351         56.67426439      22.11438186      31.65834139       2.90154114
352         55.82872431      22.54083456      30.51010349       2.77778626
353         55.98714914      23.21421115      30.07941096       2.69352703
354         56.84608828      24.09088498      30.08064904       2.67455426
355         57.84442130      24.93638332      30.17777415       2.73026383
356         58.32121453      25.41647602      30.12734577       2.77739274
357         57.87474808      25.47395368      29.68415007       2.71664433
358         57.25583266      25.47655859      29.13541089       2.64386319
359         57.02100796      25.71970481      28.69693044       2.60437271
360         56.67743243      26.05785949      28.10237814       2.51719481
361         56.44751209      26.39495801      27.68564990       2.36690419
362         56.47795718      26.70805511      27.55179587       2.21810620
363         56.65838285      27.00116039      27.54240226       2.11482020
364         57.22003412      27.47775999      27.71842208       2.02385205
365         57.70178629      27.89421183      27.89302255       1.91455191
366         58.08518637      28.22083558      27.98100290       1.88334790
367         58.59104249      28.43732101      28.25749638       1.89622509
368         58.84655931      28.40379100      28.58791265       1.85485567
369         58.82477850      28.38607460      28.66820488       1.77049902
370         59.16700298      28.52532144      28.98097220       1.66070934
371         59.79283175      28.68918546      29.48058124       1.62306504
372         60.10953793      28.53648600      29.98280808       1.59024385
373         97.93321433      58.67209009      34.84857674       4.41254750
374         98.92164112      59.93611539      34.61532561       4.37020012
375         99.99246489      61.13773244      34.55712119       4.29761126
376        101.18615075      62.12954552      34.84373540       4.21286984
377        102.39776001      62.84589204      35.40272789       4.14914009
378        104.03646183      63.81544237      36.14088942       4.08013005
379        106.28149478      65.51969536      36.74004456       4.02175486
380        108.08014687      67.34127219      36.82045519       3.91841950
381        108.79138750      68.49662691      36.55373571       3.74102488
382        108.66027700      68.84463071      36.29773800       3.51790830
383        108.42126378      68.91610398      36.18982546       3.31533434
384        108.65700604      69.26394416      36.25346771       3.13959417
385        109.30026646      69.78269762      36.55827540       2.95929344
386        110.28357498      70.38618450      37.11591812       2.78147235
387        111.09270230      70.46104089      37.98688951       2.64477190
388        112.14477884      70.55212253      39.02036787       2.57228844
389        113.50699565      71.14610172      39.83431489       2.52657904
390        114.87644346      72.12304983      40.30291860       2.45047503
391        115.80154321      72.94072767      40.45652087       2.40429468
392        116.28805920      73.14946055      40.74015741       2.39844124
393        116.11466220      72.66342999      41.08344763       2.36778458
394        115.99874319      72.43205926      41.30629725       2.26038668
395        116.55989322      72.91400934      41.50202382       2.14386006
396        117.93508913      73.96283837      41.88164966       2.09060110
397        119.86546550      75.20591280      42.51463015       2.14492255
398        121.73787900      76.25112037      43.18934412       2.29741452
399        123.25673969      77.15967231      43.63167431       2.46539307
400        123.70389680      77.60567002      43.59130005       2.50692673
401        123.30990940      77.22708254      43.64023219       2.44259468
402        122.52058785      76.27348095      43.90759220       2.33951470
403        121.98292495      75.70067214      44.01030614       2.27194666
404        121.88388333      75.62065253      43.98806148       2.27516932
405        122.15970503      75.93473485      43.95579797       2.26917221
406        122.67554000      76.38859776      44.00845553       2.27848670
407        123.39701846      76.92641920      44.09992727       2.37067199
408        124.13032716      77.32641327      44.26516312       2.53875077
409        124.85348195      77.42999543      44.65175501       2.77173152
410        125.75780191      77.67275493      45.06274098       3.02230600
411        126.75592630      78.07939960      45.33275427       3.34377244
412        128.02932770      78.54686813      45.73749811       3.74496146
413        128.95769214      78.73468784      46.12889240       4.09411191
414        129.01434996      78.66495842      46.15274566       4.19664589
415        128.88501432      78.80738688      46.05073451       4.02689293
416        129.21905092      79.44233962      46.00122323       3.77548807
417        129.89129143      80.24331723      45.92449751       3.72347668
418        130.70941807      80.97969925      45.80059167       3.92912715
419        131.55320817      81.46404374      45.77794246       4.31122197
420        132.21373343      81.80677772      45.76739213       4.63956358
421        132.24802583      81.43591419      45.98945540       4.82265625
422        131.91721184      80.81083409      46.08240647       5.02397128
423        131.72961297      80.42470707      46.03007786       5.27482804
424        131.01579159      79.81235290      45.81552956       5.38790914
425        129.34233185      78.66018324      45.49850508       5.18364352
426        127.33531943      77.49719225      44.95515218       4.88297500
427        125.96530223      77.06382007      44.27131023       4.63017193
428        125.01814287      76.90131895      43.71341311       4.40341082
429        124.01390824      76.33475329      43.40395812       4.27519683
430        122.50414018      75.02280855      43.19181176       4.28951987
431        121.06078595      73.65889120      43.06144974       4.34044502
432        120.16023071      72.68750405      43.08985712       4.38286954
433        119.77108877      72.23686844      43.06497944       4.46924089
434        119.50328494      72.03248033      42.91359052       4.55721409
435        119.44660777      72.26444477      42.79246946       4.38969354
436        119.77876744      72.94249488      42.84664682       3.98962574
437        120.66400892      73.76156667      43.24189778       3.66054447
438        121.90315827      74.63642389      43.77165739       3.49507699
439        122.65298837      75.05769431      44.16118114       3.43411292
440        123.02264052      74.85236468      44.73005975       3.44021608
441        123.16854580      74.29470851      45.41499182       3.45884548
442        123.52903378      74.05012947      46.06138396       3.41752035
443        123.81855130      73.96458301      46.55186889       3.30209939
444        123.79740813      73.70155571      47.00343597       3.09241644
445        123.83853072      73.43947152      47.51828456       2.88077464
446        124.20026215      73.33826931      48.09296561       2.76902722
447        124.04621603      72.74316789      48.55245318       2.75059495
448        123.90325978      71.92053531      49.10113717       2.88158729
449        124.19987318      71.10654153      49.95449910       3.13883255
450        124.03042277      69.90433778      50.67300965       3.45307533
451        123.35816815      68.74487747      50.94012716       3.67316352
452        122.54344776      68.07246488      50.73560013       3.73538275
453        121.82374682      67.57256843      50.62491767       3.62626072
454        121.28242177      67.08818817      50.73105825       3.46317536
455        121.29804964      67.05530949      50.89766090       3.34507925
456        122.07698108      67.63195192      51.13428002       3.31074914
457        122.62103195      68.25838915      51.09757070       3.26507210
458        122.19260932      68.31993060      50.71410367       3.15857505
459        121.54978789      68.21965048      50.30997148       3.02016593
460        121.66226278      68.31342822      50.40599511       2.94283945
461        122.10959435      68.42177196      50.71613584       2.97168654
462        121.71025678      67.97542222      50.74504937       2.98978518
463        120.43344946      67.12758190      50.27932254       3.02654503
464        118.54839110      65.88618852      49.56112931       3.10107328
465        117.00920353      64.72126250      49.09689271       3.19104832
466        116.10669701      63.89634632      49.07575232       3.13459837
467        115.10032978      63.21981311      48.90787462       2.97264205
468        113.51742725      62.59902085      48.01616333       2.90224308
469        111.37298068      61.89351337      46.53227806       2.94718926
470        109.58005477      61.61578890      44.91852992       3.04573595
471        108.59973842      61.75389780      43.73381601       3.11202461
472        108.46660053      62.30322854      43.10112126       3.06225074
473        108.90900991      63.03711827      42.90751745       2.96437420
474        109.81733457      63.92629307      42.95457716       2.93646434
475        110.63089301      64.51994054      43.08062009       3.03033238
476        111.04012579      64.66463086      43.20190820       3.17358673
477        111.30322513      64.55742643      43.46899016       3.27680854
478        111.51334878      64.34599838      43.87465292       3.29269749
479        112.08528420      64.46459869      44.29980716       3.32087836
480        112.47476075      64.80971831      44.29286302       3.37217941
481        112.40513323      65.17138746      43.88353375       3.35021202
482        112.02709337      65.65966110      43.14147732       3.22595495
483        111.64403821      66.37797961      42.15065332       3.11540528
484        111.47250748      67.10299489      41.29517647       3.07433613
485        111.52708650      67.70509829      40.79088047       3.03110774
486        111.08954794      67.71710623      40.31835940       3.05408231
487        110.38612010      67.30919266      39.85708554       3.21984190
488        110.55140415      67.14485333      39.94728096       3.45926986
489        111.48126431      67.29811595      40.54454813       3.63860024
490        112.59472306      67.65354918      41.31544325       3.62573063
491        113.69173304      68.22024896      41.98007411       3.49140997
492        114.41344164      68.72131857      42.36022209       3.33190098
493        114.73884752      69.01568724      42.57581931       3.14734097
494        114.83353124      69.18569337      42.73215694       2.91568093
495        114.47153857      68.95072755      42.77393259       2.74687843
496        113.71772400      68.27979699      42.79150851       2.64641850
497        112.96317788      67.73734378      42.59679643       2.62903768
498        112.75918831      67.54101883      42.51819045       2.69997902
499        113.24066570      67.79197926      42.65925807       2.78942838
500        114.06417737      68.27278671      42.91825315       2.87313752
501        114.53997115      68.39543048      43.09913598       3.04540469
502        114.53132206      67.83997080      43.39850606       3.29284520
503        114.69378952      67.49144803      43.62083349       3.58150799
504        115.49681556      67.48414547      44.24064585       3.77202423
505        116.62164804      67.84632870      44.98931537       3.78600396
506        117.30080516      68.07425131      45.48318546       3.74336839
507        117.51869742      67.94201608      45.82190158       3.75477976
508        117.99502188      67.84537273      46.30598366       3.84366549
509        119.12196335      68.42699104      46.70257314       3.99239917
510        120.45878662      69.15574190      47.13122711       4.17181761
511        121.84420879      70.13273999      47.33320880       4.37826000
512        122.85240049      70.56996998      47.66830338       4.61412714
513        123.55453278      70.73481117      47.94482912       4.87489249
514        123.82194255      70.58860675      48.18646155       5.04687426
515        124.30157716      70.83984589      48.19860658       5.26312468
516        125.07324327      71.46427525      48.04351980       5.56544821
517        125.76481094      72.21954890      47.79468227       5.75057977
518        125.75294031      72.59877302      47.40687371       5.74729359
519        125.16755378      72.19372056      47.32432849       5.64950472
520        124.26610565      71.54312360      47.31347184       5.40951021
521        123.21328812      71.10435180      47.06300331       5.04593301
522        122.24293104      70.67772483      46.81431339       4.75089282
523        121.52839108      70.27597110      46.57995561       4.67246437
524        121.07167144      70.41130266      45.89456022       4.76580855
525        121.04929106      71.28857425      44.91023065       4.85048617
526        120.86897794      72.24275342      43.75982148       4.86640304
527        120.84984764      73.02801035      43.00255135       4.81928593
528        120.94178505      73.49852782      42.65636679       4.78689044
529        120.55451969      73.50605213      42.44039400       4.60807355
530        119.25787181      72.65782401      42.28969403       4.31035377
531        117.72771046      71.30372918      42.38037082       4.04361046
532        116.71998494      70.28280012      42.59481693       3.84236789
533        116.73981890      70.49161353      42.55653577       3.69166959
534        117.42697740      71.95527519      41.92536393       3.54633829
535        118.34506638      73.77583296      41.01713492       3.55209850
536        119.20145282      75.16574415      40.35299986       3.68270880
537        119.57083647      75.63633747      40.14063731       3.79386169
538        119.15014516      75.26256551      40.13627443       3.75130522
539        118.52143553      74.94026173      39.98552731       3.59564650
540        118.22115524      75.21132049      39.57949325       3.43034149
541        117.67641712      75.41503038      38.88262705       3.37875969
542        116.79358347      74.86325120      38.42023372       3.51009855
543        116.32615033      74.14975327      38.50008708       3.67630998
544        116.89311726      74.17934887      38.95463968       3.75912870
545        117.69927893      74.98375688      39.01497084       3.70055121
546        118.81499141      76.43364803      38.82451957       3.55682381
547        120.00192151      77.98088189      38.69953286       3.32150676
548        120.83321416      78.91223201      38.81589245       3.10508970
549        121.31992928      79.18096463      39.19625605       2.94270859
550        121.80154900      79.41879186      39.52920449       2.85355266
551        122.36387977      79.84224883      39.68733502       2.83429592
552        122.35353551      79.88160093      39.53160763       2.94032696
553        121.70036530      79.27661555      39.28175606       3.14199370
554        120.66592119      78.39441195      38.88491704       3.38659220
555        119.75294597      77.54039370      38.61166898       3.60088329
556        118.65370003      76.63226669      38.35220809       3.66922526
557        117.70246309      75.82783589      38.23940693       3.63522026
558        116.99707300      75.34418288      38.05721146       3.59567866
559        116.27256271      75.05650117      37.65276181       3.56329973
560        115.29625979      75.07718708      36.78313428       3.43593843
561        114.83822705      75.79924527      35.78581186       3.25316992
562        114.56656152      76.28732605      35.15780001       3.12143546
563        114.18574326      76.23650932      34.82135123       3.12788272
564        114.05419580      76.19680133      34.58019075       3.27720372
565        113.66164315      75.98210748      34.19820260       3.48133308
566        112.95102555      75.37398705      33.95333640       3.62370210
567        112.50379772      74.62356166      34.21999075       3.66024532
568        112.29499870      74.00542736      34.73793450       3.55163684
569        111.76526841      73.64784048      34.72678840       3.39063954
570        111.24059048      73.59281976      34.37265554       3.27511518
571        110.61953419      73.53951257      33.86780643       3.21221519
572        109.58037314      73.12017135      33.26865380       3.19154799
573        108.73618994      72.71888302      32.83291960       3.18438732
574        109.01740333      73.05582890      32.82550264       3.13607179
575        110.09277286      73.87777883      33.15238532       3.06260871
576        111.07361346      74.35309184      33.67358017       3.04694145
577        111.64758055      74.09746946      34.46294613       3.08716496
578        111.90521187      73.19504164      35.52687396       3.18329627
579        112.10168574      72.18489040      36.57481451       3.34198083
580        112.27481173      71.49894603      37.22162970       3.55423600
581        112.92074134      71.57750046      37.50409092       3.83914996
582        113.68839844      72.07328490      37.44251382       4.17259972
583        114.46834497      72.70316933      37.30095503       4.46422061
584        115.04212736      73.18914759      37.25322885       4.59975092
585        114.97628004      73.29643335      37.15844835       4.52139834
586        114.44974481      72.94355871      37.17136483       4.33482127
587        113.93263692      72.46923707      37.31683683       4.14656302
588        113.58450375      71.91633951      37.59597040       4.07219384
589        113.77678911      71.88550064      37.83346157       4.05782690
590        114.76609649      72.52953532      38.14310421       4.09345696
591        116.28074393      73.51142100      38.59895901       4.17036392
592        117.20147734      74.10809847      38.76981469       4.32356418
593        117.29283321      74.31606159      38.55031329       4.42645833
594        116.76770974      74.44462316      37.90428320       4.41880339
595        116.20342231      74.63939150      37.16744284       4.39658798
596        116.12825673      75.06693812      36.63270359       4.42861502
597        116.42107493      75.56063551      36.45067318       4.40976623
598        117.01897710      75.97688744      36.77322149       4.26886818
599        117.77554030      76.21040010      37.35943515       4.20570505
600        118.79712502      76.61734134      37.83627898       4.34350470
601        119.55341386      77.14924915      37.85776186       4.54640285
602        119.84679753      77.42602148      37.84263421       4.57814183
603        119.57625009      77.30127808      37.89587110       4.37910090
604        118.79635538      76.86151726      37.86895290       4.06588521
605        118.10495462      76.57121297      37.67430081       3.85944083
606        118.33957126      77.05515671      37.52321193       3.76120262
607        119.47770494      78.25456320      37.52834660       3.69479514
608        120.63727461      79.25066059      37.75471631       3.63189770
609        121.29486960      79.28218494      38.37276389       3.63992077
610        121.87937190      78.71363744      39.37862852       3.78710593
611        122.15616342      77.91623512      40.32497133       3.91495697
612        121.94752620      77.06519252      40.96367074       3.91866294
613        121.69219459      76.15698954      41.71459979       3.82060525
614        122.37437138      75.84472985      42.70747241       3.82216912
615        123.49198479      76.21009351      43.35415124       3.92774005
616        124.10227488      77.27499963      42.80224722       4.02502803
617        123.46613228      78.39105630      41.04097489       4.03410109
618        122.30392139      79.14514243      39.09679315       4.06198582
619        120.95862643      78.78694011      37.95640529       4.21528104
620        119.60304229      77.30413062      37.79603565       4.50287602
621        118.42543442      75.54849701      38.01828507       4.85865233
622        117.64968819      74.03052666      38.38341583       5.23574570
623        117.15670654      72.65780952      38.88661169       5.61228533
624        116.99587058      71.58478839      39.54086388       5.87021831
625        117.04977537      70.81459452      40.24020019       5.99498066
626        117.21892071      70.23190684      40.95882574       6.02818814
627        116.67230546      69.05951512      41.53284583       6.07994451
628        114.68840530      66.94174586      41.57307141       6.17358804
629        111.91894017      64.09666735      41.34720686       6.47506596
630        109.54750874      61.43918721      41.27033009       6.83799143
631        108.58021017      59.59707942      41.81751269       7.16561806
632        108.51591556      58.11920286      43.03988353       7.35682918
633        108.39052205      56.75425567      44.39072113       7.24554525
634        108.11369929      55.51534097      45.64888191       6.94947642
635        108.01746555      54.68858474      46.63067620       6.69820462
636        108.18434784      54.42805263      47.14350018       6.61279503
637        108.62673739      54.52206472      47.48388084       6.62079184
638        109.50202452      54.63851638      48.08945148       6.77405666
639        110.92391287      54.77340044      49.26022279       6.89028963
640        112.60775906      55.26392825      50.51036083       6.83346998
641        113.87085826      55.83265919      51.37191834       6.66628073
642        114.53404727      56.10879997      51.91579833       6.50944897
643        114.94425269      55.91183483      52.68675468       6.34566318
644        115.34391327      55.56174062      53.56339955       6.21877310
645        115.45684650      55.24249759      54.09956708       6.11478183
646        115.28871957      55.00641495      54.32319534       5.95910928
647        115.46710179      55.03332815      54.61643225       5.81734140
648        116.59146076      55.57447944      55.27847541       5.73850591
649        117.88389138      56.26035108      55.85799645       5.76554385
650        118.48837410      56.58535385      56.05981493       5.84320532
651        118.77395067      56.75715371      56.09780419       5.91899278
652        119.37631551      57.04293440      56.45456274       5.87881837
653        119.79296283      57.27537217      56.75590914       5.76168151
654        119.13638313      56.81197802      56.68880325       5.63560185
655        117.66775980      55.76264895      56.45042326       5.45468758
656        116.94392774      55.01561670      56.69539676       5.23291428
657        116.79937838      54.61946645      57.10426502       5.07564690
658        116.51878976      54.35534282      57.09260149       5.07084545
659        116.44031487      54.53300304      56.80293851       5.10437332
660        116.85088587      55.03713803      56.76653435       5.04721349
661        117.96131284      55.70256615      57.35041155       4.90833515
662        119.00171505      55.91146305      58.29039108       4.79986092
663        119.34953712      55.63663729      58.90529973       4.80760009
664        119.25970679      55.28721702      59.03216107       4.94032870
665        119.48566756      55.27399059      59.09179468       5.11988229
666        119.97124178      55.29290193      59.35082372       5.32751612
667        120.51512036      55.14284723      59.92362705       5.44864608
668        120.66858261      54.91976040      60.39259374       5.35622847
669        120.85492308      54.81582872      61.02207961       5.01701475
670        121.21170723      54.81347687      61.75963093       4.63859943
671        121.48062933      54.72231133      62.26035242       4.49796557
672        121.45693443      54.48379371      62.37610507       4.59703565
673        121.22740327      53.97270362      62.53761494       4.71708471
674        120.78932641      52.94737963      63.15608545       4.68586132
675        119.64948190      51.24657263      63.83731631       4.56559296
676        117.82676644      49.33174880      64.04666834       4.44834929
677        115.77145658      47.55415619      63.88713860       4.33016179
678        113.77568414      45.88072993      63.71221752       4.18273669
679        112.15580565      44.35581698      63.71035629       4.08963237
680        111.71641353      43.39075183      64.16775426       4.15790744
681        112.64405038      42.88400990      65.30748048       4.45255999
682        114.10913331      42.37306077      66.83515223       4.90092031
683        115.51687400      41.83435819      68.38954656       5.29296926
684        116.06170617      41.02462771      69.60944278       5.42763568
685        115.69836338      39.96049482      70.40361793       5.33425064
686        114.94497142      38.82405425      70.89889756       5.22201962
687        114.26980468      37.69094825      71.22457624       5.35428019
688        113.84998627      36.66504861      71.36107836       5.82385930
689        114.22674370      36.19174524      71.54834958       6.48664888
690        114.62770239      35.90043342      71.51336154       7.21390743
691        114.74746568      35.62402922      71.17787365       7.94556280
692        114.48326556      35.40634035      70.53750475       8.53942046
693        113.98252223      35.35917453      69.70746964       8.91587805
694        113.47394882      35.41758307      68.96284228       9.09352347
695        112.69135150      35.32748648      68.25998502       9.10387999
696        111.48919778      34.94619463      67.63694669       8.90605646
697        110.18042295      34.45610016      67.15302303       8.57129976
698        109.92884999      34.42068176      67.18886239       8.31930584
699        110.45433310      34.77880779      67.41583703       8.25968827
700        111.27116116      35.31471416      67.59137176       8.36507524
701        112.04656707      35.71295380      67.77933553       8.55427774
702        113.02522253      36.02866362      68.24976206       8.74679685
703        114.00382383      36.13993825      68.97361582       8.89026976
704        114.21598740      35.89849273      69.35457432       8.96292035
705        113.59839289      35.43681768      69.38226032       8.77931490
706        112.93675734      35.47760714      69.16951005       8.28964016
707        112.49900962      35.93636227      68.78143730       7.78121005
708        112.41446854      36.43628292      68.44921027       7.52897536
709        113.07526352      36.96087993      68.64003544       7.47434815
710        113.87937187      37.36124269      69.05014950       7.46797968
711        114.29283841      37.47557293      69.27079591       7.54646957
712        114.32340231      37.56906823      69.07915785       7.67517622
713        114.39927782      37.86683320      68.83695612       7.69548850
714        114.51190876      38.10397527      68.81028647       7.59764702
715        114.57283950      38.11188013      68.93136328       7.52959609
716        114.81039992      38.04411914      69.25946840       7.50681238
717        115.34170937      38.12502991      69.71209579       7.50458367
718        115.92696811      38.27553603      70.08997511       7.56145696
719        116.64611060      38.37246742      70.63670292       7.63694026
720        117.33042595      38.29899411      71.28869785       7.74273398
721        117.46562390      37.94990448      71.61802128       7.89769813
722        117.44059496      37.56503497      71.84559111       8.02996887
723        117.23617574      37.32585132      71.90387564       8.00644878
724        116.63555175      37.06182083      71.63383716       7.93989377
725        115.56432351      36.44600277      71.12472192       7.99359883
726        114.51188571      35.65614196      70.72038168       8.13536206
727        113.61201339      34.92153359      70.48332582       8.20715398
728        113.00710577      34.34616047      70.49826780       8.16267750
729        112.33499781      33.85037674      70.49231913       7.99230194
730        111.64372785      33.56810187      70.29788198       7.77774400
731        111.21638764      33.32318288      70.33806015       7.55514460
732        110.68185610      32.97377236      70.34278635       7.36529739
733        109.78984832      32.53210745      69.93984895       7.31789192
734        108.63263828      32.00126749      69.15252897       7.47884181
735        108.01515670      31.92499204      68.40960708       7.68055758
736        107.91101687      32.24284752      67.95940318       7.70876617
737        107.71793251      32.72520498      67.34804097       7.64468655
738        106.87977601      33.04073178      66.27774823       7.56129599
739        105.63261423      33.15610739      64.99757379       7.47893304
740        104.69396564      33.27160760      64.10541906       7.31693898
741        104.32512824      33.62963388      63.67571184       7.01978253
742        104.43606698      34.18430969      63.63316078       6.61859651
743        104.82146972      34.75903535      63.67569205       6.38674232
744        105.75567906      35.55324702      63.72929247       6.47313957
745        107.04100863      36.54524258      63.69180744       6.80395861
746        107.16817423      37.07802502      62.99355887       7.09659034
747        106.06841115      37.18491090      61.65405743       7.22944281
748        104.73956201      36.99849708      60.45621162       7.28485330
749        103.92876341      36.75869105      59.93307365       7.23699870
750        103.88143964      36.63914918      60.04986119       7.19242927
751        104.40956146      36.49786367      60.72016901       7.19152878
752        104.94418126      36.23744135      61.49210786       7.21463205
753        105.49752195      36.35951830      61.93985947       7.19814418
754        105.61556054      37.01039994      61.41162201       7.19353859
755        105.47830399      37.94207632      60.17993683       7.35629084
756        105.29827225      38.73784501      58.97109527       7.58933197
757        104.93079900      38.87953662      58.16646442       7.88479796
758        104.67622227      38.65067408      57.84163337       8.18391482
759        104.59616698      38.43089448      57.85759494       8.30767756
760        104.84466410      38.27258267      58.33971706       8.23236436
761        105.04501941      37.93789534      59.13366245       7.97346162
762        105.12318508      37.54981310      59.90068405       7.67268793
763        104.86356841      37.06882351      60.37212564       7.42261925
764        104.37651116      36.65839489      60.59143658       7.12667969
765        104.14846757      36.67361766      60.58326329       6.89158662
766        104.50147541      37.31155050      60.31392783       6.87599708
767        105.14922664      38.14266621      59.93466086       7.07189957
768        105.67656866      38.68510807      59.63618056       7.35528002
769        106.08004303      38.85695623      59.69952298       7.52356383
770        106.43886307      38.64914746      60.31466904       7.47504657
771        107.03486282      38.29822920      61.49991200       7.23672162
772        107.94077549      37.98046547      63.00453728       6.95577274
773        108.99782171      37.72304285      64.47672912       6.79804974
774        109.99482371      37.52481000      65.62550934       6.84450438
775        111.02224535      37.68988494      66.29920327       7.03315715
776        112.02048846      38.08503540      66.73057464       7.20487843
777        113.14953308      38.60185138      67.25715254       7.29052916
778        114.16008921      39.07850264      67.79964017       7.28194640
779        114.72465617      39.53714439      67.93427872       7.25323306
780        114.99678374      39.98763708      67.72536252       7.28378414
781        115.19766623      40.43919266      67.45455989       7.30391368
782        115.28820504      40.83656916      67.22577244       7.22586344
783        115.17973115      41.01513496      67.11870672       7.04588948
784        114.98355564      41.07447719      67.05185046       6.85722800
785        114.92235091      41.06046114      67.10675687       6.75513290
786        115.24514206      41.14426052      67.36710638       6.73377516
787        115.74147300      41.49078744      67.55856266       6.69212291
788        116.31792140      42.22736821      67.53980548       6.55074770
789        116.93841599      43.20923339      67.40352054       6.32566206
790        117.50247263      44.15496792      67.29319162       6.05431309
791        117.93898198      44.87634349      67.30174229       5.76089619
792        117.90490983      45.16522617      67.35885145       5.38083221
793        117.28315372      45.00761759      67.32717259       4.94836355
794        116.41871375      44.64104997      67.17114551       4.60651827
795        115.88634119      44.23145002      67.18376206       4.47112911
796        115.76342222      43.79659260      67.40866500       4.55816462
797        116.06617155      43.63152635      67.74114424       4.69350097
798        116.33437343      43.86522697      67.76072273       4.70842374
799        116.45118037      44.25417842      67.59722963       4.59977232
800        116.69951733      44.50367661      67.82635193       4.36948879
801        117.45968321      44.76337821      68.64270471       4.05360029
802        118.75366422      44.99836828      69.99390748       3.76138845
803        120.34604676      45.03686332      71.66214876       3.64703468
804        122.19091769      44.90703570      73.59003482       3.69384717
805        123.70371253      44.79915836      75.16587541       3.73867875
806        124.56630326      44.80813669      76.08729305       3.67087352
807        124.74817919      44.82122219      76.43642000       3.49053701
808        125.04161316      45.02106633      76.66165891       3.35888793
809        125.77806274      45.44054792      77.01226723       3.32524758
810        127.15294994      46.03863791      77.72672339       3.38758863
811        128.92058989      46.68038519      78.75849303       3.48171167
812        130.30211769      46.90118070      79.78706964       3.61386735
813        130.72840749      46.59323490      80.32719728       3.80797531
814        130.52056424      45.98605410      80.46178911       4.07272103
815        130.64539919      45.47131186      80.90114142       4.27294590
816        131.42181041      45.23444661      81.75426370       4.43310010
817        132.51524768      45.32921845      82.63491091       4.55111831
818        133.21648777      45.41878761      83.13648427       4.66121588
819        133.60048371      45.54586331      83.17669862       4.87792178
820        133.66088646      45.66713100      82.76998686       5.22376861
821        133.17240842      45.79852094      81.73865087       5.63523660
822        132.19938891      45.71909689      80.47365477       6.00663724
823        131.08762241      45.37620506      79.35569924       6.35571811
824        130.33484300      44.95186015      78.74340552       6.63957733
825        130.02010560      44.70002260      78.54940251       6.77068049
826        130.29098390      44.74542580      78.85534714       6.69021095
827        130.56955276      44.69523729      79.37903986       6.49527561
828        130.99211345      44.56199571      80.05246353       6.37765420
829        131.37765176      44.04812450      80.81124258       6.51828468
830        131.42501339      42.83020538      81.61644188       6.97836613
831        131.41324101      41.45090996      82.42060192       7.54172912
832        131.58582494      40.30111489      83.23297986       8.05173018
833        131.75022477      39.23705870      84.10050302       8.41266305
834        130.89486784      37.99661060      84.22070672       8.67755052
835        128.93331677      36.74752296      83.28426659       8.90152722
836        127.37481423      36.08659697      82.26650794       9.02170932
837        127.12916614      36.03820193      82.12733808       8.96362613
838        127.61028785      36.41175573      82.48148885       8.71704326
839        127.88898176      36.87520257      82.64551008       8.36826910
840        127.81607984      37.12598472      82.70562461       7.98447051
841        127.21016957      37.20024625      82.45582713       7.55409619
842        126.48866430      37.15593510      82.20839091       7.12433829
843        125.72438613      36.79676982      82.09350759       6.83410872
844        124.60317125      35.93491876      81.99985660       6.66839590
845        123.53411602      35.09864961      81.84615643       6.58930998
846        122.82179121      34.67987320      81.69030724       6.45161077
847        122.45387936      34.57844415      81.66779175       6.20764346
848        122.32622194      34.49451994      82.03323685       5.79846516
849        122.03943724      34.49222579      82.24342945       5.30378201
850        120.93335845      34.64879458      81.59115138       4.69341249
851        119.30428852      34.49641736      80.74074354       4.06712761
852        117.46687322      33.45439422      80.44151915       3.57095985
853        116.03967077      31.89008142      80.95176016       3.19782919
854        115.05882720      30.62036518      81.59370136       2.84476066
855        114.37833580      29.68693324      82.13570308       2.55569947
856        114.03591403      29.20938618      82.46722466       2.35930319
857        113.63436296      29.11591952      82.24517865       2.27326480
858        113.19047213      29.32469505      81.61061476       2.25516233
859        112.39956918      29.37199371      80.75418312       2.27339236
860        111.12048385      29.04738858      79.73012439       2.34297088
861        109.83222874      28.46681734      78.88672207       2.47868932
862        108.81700992      27.81753068      78.32506599       2.67441325
863        107.77377720      27.11516846      77.76378138       2.89482736
864        106.17752438      26.25125483      76.85629831       3.06997124
865        104.35509748      25.23615648      75.89484854       3.22409245
866        102.95041490      24.33214154      75.31609270       3.30218066
867        101.80735926      23.78553477      74.65679747       3.36502703
868        101.29143523      23.57335216      74.32786549       3.39021758
869         66.71030060      24.63143124      38.04136161       4.03750776
870         66.58206611      24.46916270      37.77916734       4.33373606
871         66.36230360      24.33442231      37.35253867       4.67534262
872         66.29885923      24.28069224      37.03608626       4.98208073
873         66.23922601      24.17681200      36.86089619       5.20151782
874         65.91390062      23.89880692      36.71941896       5.29567475
875         65.56432226      23.70486620      36.56170715       5.29774891
876         65.61924272      23.73532611      36.58820633       5.29571028
877         66.13950682      23.88371181      36.92066835       5.33512666
878         67.47727267      24.25937603      37.72080268       5.49709397
879         69.02861447      24.51962880      38.77669707       5.73228859
880         69.81944440      24.27384600      39.62858429       5.91701412
881         69.71059271      23.68019548      39.88141570       6.14898152
882         68.92579859      22.70245395      39.87285064       6.35049400
883         68.09746158      21.59633744      39.96588807       6.53523608
884         67.22991769      20.61289147      39.93956882       6.67745740
885         66.25163595      19.77417574      39.71622027       6.76123994
886         65.13537801      19.01756472      39.35702120       6.76079209
887         64.08105472      18.40915749      38.88499062       6.78690661
888         63.31150559      18.00005408      38.43723584       6.87421567
889         62.69498790      17.59169003      37.99285772       7.11044016
890         62.14257061      16.99099332      37.71105025       7.44052705
891         61.80937616      16.29860556      37.66410933       7.84666127
892         61.71819962      15.65785691      37.78901083       8.27133188
893         61.75612015      15.18460936      37.84406042       8.72745037
894         61.76806462      14.85408804      37.69593328       9.21804330
895         61.85041708      14.65648730      37.58416035       9.60976942
896         62.35224166      14.60189142      37.80882868       9.94152156
897         63.25975935      14.79100842      38.25116349      10.21758745
898         64.16852534      15.09449193      38.48226225      10.59177116
899         64.39996952      15.23776834      38.23848542      10.92371576
900         64.11865718      15.37723554      37.65720859      11.08421305
901         63.74511161      15.42572512      37.27905851      11.04032798
902         63.76747996      15.36242655      37.43972861      10.96532479
903         64.10604879      15.25784619      37.90804796      10.94015465
904         64.50257877      15.28069739      38.33294633      10.88893505
905         64.70367308      15.52937997      38.47802619      10.69626693
906         64.59013553      15.95474932      38.34052926      10.29485695
907         64.40155769      16.49022334      38.10286133       9.80847302
908         64.06510032      16.98171601      37.54879283       9.53459147
909         64.04145612      17.36652248      37.03852498       9.63640867
910         64.18092837      17.71418019      36.48427710       9.98247109
911         64.22880777      18.09625702      35.92413941      10.20841134
912         63.90016153      18.46288091      35.24080732      10.19647330
913         63.43334476      18.76224371      34.66088461      10.01021645
914         63.10696877      19.15823554      34.17072206       9.77801117
915         63.28303922      19.57700260      34.07378491       9.63225171
916         63.95925810      19.84278496      34.40255925       9.71391389
917         64.88732470      20.00692977      34.70169995      10.17869498
918         65.61447642      20.11110457      34.65520602      10.84816583
919         65.60874014      20.00886632      34.28245586      11.31741796
920         65.20131340      19.72061103      33.93994366      11.54075871
921         64.91300285      19.47903292      33.78653778      11.64743216
922         64.93010625      19.43000822      33.87206617      11.62803187
923         64.94417840      19.48124326      34.00827142      11.45466372
924         64.99947924      19.45315075      34.39668205      11.14964644
925         65.72612742      19.44119155      35.39167278      10.89326309
926         67.28776398      19.60189396      36.85383315      10.83203687
927         68.12094644      19.65385363      37.75974624      10.70734657
928         67.65965227      19.52887532      37.62931321      10.50146373
929         66.69864013      19.47989894      36.83533964      10.38340154
930         65.74250797      19.32033392      36.09843780      10.32373625
931         64.81643798      18.98041064      35.65819695      10.17783039
932         64.00965274      18.75176068      35.24387674      10.01401531
933         63.06407976      18.74664050      34.63614261       9.68129665
934         62.06219209      18.68266837      34.11758345       9.26194027
935         61.48381556      18.55276722      33.96073493       8.97031342
936         61.37717381      18.47955712      34.06087116       8.83674553
937         61.58807183      18.41656439      34.40080225       8.77070519
938         61.35436305      18.21355145      34.58808200       8.55272961
939         60.35059907      17.89664053      34.26145640       8.19250214
940         59.31493280      17.58819304      33.79315251       7.93358724
941         58.38731795      17.19199260      33.39932336       7.79600200
942         57.59322032      16.72840323      33.15574716       7.70906992
943         56.77511902      16.43933313      32.70697004       7.62881585
944         56.07633899      16.37113504      32.13658968       7.56861427
945         55.60474505      16.40057404      31.77285823       7.43131278
946         55.36375662      16.48488705      31.68570202       7.19316756
947         55.42207397      16.61517556      31.86498847       6.94190993
948         55.76405029      16.79340599      32.14031699       6.83032731
949         56.14890803      16.96383640      32.32521715       6.85985448
950         56.28844986      17.11770449      32.27298703       6.89775834
951         56.20857423      17.18874950      32.13672041       6.88310433
952         55.92090037      17.20765359      31.90743888       6.80580791
953         55.76318891      17.25592387      31.79280280       6.71446224
954         55.79224687      17.25921227      31.94191895       6.59111565
955         55.77785637      17.02359370      32.30724122       6.44702145
956         55.53076377      16.65582581      32.61010743       6.26483054
957         55.13287573      16.34540613      32.75822640       6.02924320
958         55.09749800      16.22111550      33.14686612       5.72951638
959         55.07314300      16.00531724      33.68157494       5.38625082
960         54.71361198      15.64722760      34.00110398       5.06528039
961         54.13268295      15.35038619      33.93739422       4.84490253
962         53.58773050      14.99803146      33.91635711       4.67334193
963         53.38136687      14.72534658      34.19136543       4.46465486
964         53.30808843      14.62225266      34.49566558       4.19017019
965         53.25787377      14.60289558      34.84017701       3.81480117
966         53.11769374      14.47075570      35.19356992       3.45336813
967         52.78602625      14.28405084      35.22610796       3.27586746
968         52.46006953      14.14919453      35.06177332       3.24910168
969         52.67914455      14.17154254      35.26723292       3.24036908
970         53.39555845      14.38183532      35.80775263       3.20597050
971         54.35010583      14.63141365      36.56762619       3.15106600
972         55.25374518      14.80049141      37.38976179       3.06349198
973         55.84181474      14.76386324      38.16422909       2.91372241
974         56.05533588      14.55243925      38.78068438       2.72221225
975         56.16031955      14.31798230      39.25882719       2.58351005
976         56.49282950      14.16548752      39.78108569       2.54625629
977         57.11622052      14.25634160      40.23502899       2.62484993
978         57.93384842      14.62495132      40.56722098       2.74167612
979         58.68747772      15.05653710      40.83890027       2.79204035
980         59.24624824      15.27604073      41.21289668       2.75731083
981         59.84684479      15.37797182      41.80515481       2.66371816
982         60.90797613      15.77731800      42.60697700       2.52368113
983         62.29938569      16.47353566      43.41465902       2.41119101
984         63.05005785      17.06764076      43.59872077       2.38369632
985         62.38583765      17.41899472      42.61607629       2.35076663
986         61.27098273      17.51057219      41.43360913       2.32680141
987         60.41700261      17.32434721      40.76130970       2.33134571
988         59.89878436      17.13464072      40.44359829       2.32054535
989         59.87868050      17.13690894      40.53782831       2.20394325
990         60.43692394      17.13945850      41.28741740       2.01004804
991         61.37029495      17.19574414      42.28873783       1.88581298
992         61.50510328      17.17339432      42.43870895       1.89300001
993         60.90912350      17.03476006      41.89389159       1.98047184
994         60.51996452      16.91832350      41.52614243       2.07549858
995         60.74512607      16.93536709      41.58765355       2.22210543
996         60.74705818      17.03628423      41.28528249       2.42549146
997         60.47680072      17.17124941      40.64479397       2.66075733
998         60.89785048      17.31985176      40.68195532       2.89604339
999         61.59271824      17.32524410      41.14024265       3.12723149
1000        62.07425392      17.29549226      41.46619691       3.31256475
