1            1.60732138      -0.97735742      -0.83681938
2            1.63232513      -0.90928281      -0.80688456
3            1.62703502      -0.84737213      -0.76866970
4            1.60202458      -0.82569514      -0.74043310
5            1.56782344      -0.85840465      -0.72709740
6            1.53031336      -0.92594673      -0.70805086
7            1.50566541      -0.96455474      -0.67819111
8            1.49893777      -0.96711841      -0.63241631
9            1.50633312      -0.95292201      -0.56397740
10           1.51707562      -0.93307299      -0.48241483
11           1.54232640      -0.91345846      -0.41660293
12           1.58158251      -0.92010251      -0.37687381
13           1.60382666      -0.95176387      -0.35376634
14           1.59508303      -1.00394614      -0.34227705
15           1.56210394      -1.04794928      -0.34311977
16           1.54646146      -1.06847221      -0.32964410
17           1.56310170      -1.05246979      -0.27344710
18           1.59058252      -0.96837414      -0.19195625
19           1.62152742      -0.86396615      -0.14248260
20           1.65180871      -0.79922136      -0.13214268
21           1.66406276      -0.77115963      -0.13227062
22           1.67479127      -0.76359825      -0.09444733
23           1.71526761      -0.78043227      -0.01870304
24           1.78680262      -0.81003601       0.03357546
25           1.85218851      -0.87109750       0.03100546
26           1.89731064      -0.93839679       0.01279871
27           1.93377209      -0.98325402       0.02986467
28           1.96488239      -0.99847152       0.07573243
29           1.98156479      -1.00902210       0.12382376
30           1.99874149      -1.04838151       0.14793333
31           2.03177888      -1.09817300       0.13299304
32           2.05726334      -1.13361212       0.10608444
33           2.05951503      -1.14995466       0.09529401
34           2.04959136      -1.14310602       0.12468947
35           2.03831224      -1.12463405       0.16159603
36           2.04416078      -1.13733831       0.20255586
37           2.07398388      -1.21992620       0.24680150
38           2.09818625      -1.35460577       0.29226703
39           2.09294644      -1.48910099       0.31478246
40           2.06160693      -1.58156271       0.29801514
41           2.04020697      -1.64014647       0.26305306
42           2.05019021      -1.68766718       0.22724927
43           2.06505875      -1.74168247       0.18522380
44           2.05436036      -1.82570296       0.15224685
45           2.03289665      -1.91718692       0.15365442
46           2.02965653      -2.01411467       0.16348034
47           2.05018308      -2.09198549       0.16105201
48           2.08130779      -2.15345592       0.15986930
49           2.10592020      -2.22725397       0.18095596
50           2.11671448      -2.31418727       0.21222399
51           2.13645469      -2.39495077       0.23031279
52           2.18802413      -2.46817640       0.24007306
53           2.24882349      -2.55534324       0.24731505
54           2.27797575      -2.64577283       0.25457747
55           2.24197028      -2.71217816       0.24771098
56           2.19382385      -2.76715919       0.22110487
57           2.19260621      -2.82785059       0.19064364
58           2.21660615      -2.88059329       0.18742192
59           2.23578134      -2.93212649       0.20928379
60           2.23903892      -2.97829491       0.21630860
61           2.24553072      -3.03224199       0.17179727
62           2.26641655      -3.09329750       0.09590104
63           2.30335241      -3.14791881       0.01904257
64           2.33287690      -3.18753444      -0.05955436
65           2.36406321      -3.21714582      -0.13967584
66           2.38344338      -3.26743144      -0.20646946
67           2.40805209      -3.34160717      -0.24045964
68           2.44334937      -3.41017809      -0.25785349
69           2.47803660      -3.45503547      -0.27767394
70           2.51891176      -3.47085830      -0.32046605
71           2.55874033      -3.47779254      -0.38417433
72           2.58149208      -3.48296862      -0.45301019
73           2.59171882      -3.46267813      -0.49176757
74           2.60047728      -3.43196163      -0.51085596
75           2.59384496      -3.43587312      -0.54987791
76           2.57910569      -3.49199891      -0.60878184
77           2.57251659      -3.56681959      -0.65853183
78           2.57365833      -3.61336905      -0.69823328
79           2.59711422      -3.60983169      -0.74852904
80           2.63916878      -3.58843384      -0.80680520
81           2.72239890      -3.58555134      -0.86021888
82           2.83159162      -3.59489046      -0.89615890
83           2.93283848      -3.59501867      -0.91754327
84           2.98542785      -3.55573907      -0.95608497
85           2.99988369      -3.50096250      -1.00905178
86           3.00465538      -3.48036844      -1.07909883
87           3.03000597      -3.51950859      -1.15092078
88           3.09017608      -3.59239193      -1.19255639
89           3.17832439      -3.64468850      -1.19736551
90           3.27533023      -3.67615260      -1.18544590
91           3.36568231      -3.70417144      -1.16316074
92           3.43035177      -3.73341484      -1.13176633
93           3.48192014      -3.76379130      -1.09143431
94           3.49837323      -3.78398365      -1.05746405
95           3.49115306      -3.79307321      -1.02322765
96           3.47424192      -3.78488987      -0.98524428
97           2.25295200      -5.80759391      -0.42219079
98           2.29451915      -5.87530821      -0.44370395
99           2.33769670      -5.93349666      -0.50310156
100          2.39436362      -5.96866401      -0.58332192
101          2.45208808      -5.98852899      -0.65343642
102          2.50265882      -6.02109894      -0.69674112
103          2.55747328      -6.07259337      -0.71499472
104          2.62587135      -6.11965717      -0.71548197
105          2.68581775      -6.13294562      -0.70905657
106          2.70833110      -6.13197244      -0.68776470
107          2.68664158      -6.12658318      -0.65267697
108          2.64977207      -6.10322160      -0.61773049
109          2.60499506      -6.07658134      -0.58804123
110          2.55414784      -6.06032967      -0.58139143
111          2.51200523      -6.06022559      -0.62178263
112          2.48815296      -6.04904832      -0.69040251
113          2.47832376      -6.00781892      -0.74906582
114          2.46822855      -5.92901100      -0.78580641
115          2.48043110      -5.84496677      -0.81323458
116          2.52845100      -5.79027438      -0.82191114
117          2.60515025      -5.76638760      -0.81474498
118          2.65272245      -5.75453314      -0.81046138
119          2.63513266      -5.77248040      -0.82027663
120          2.55922030      -5.82661894      -0.83312124
121          2.47499664      -5.88384104      -0.83091817
122          2.40407864      -5.92351272      -0.81143490
123          2.35206287      -5.93695031      -0.77077753
124          2.33533583      -5.93061610      -0.73395066
125          2.35014617      -5.92109664      -0.71133705
126          2.39019050      -5.92663310      -0.72360135
127          2.43926047      -5.93581933      -0.78989271
128          2.47375410      -5.91296936      -0.88178237
129          2.48863854      -5.87033365      -0.95327949
130          2.53325229      -5.86248618      -1.00373888
131          2.59981274      -5.88015742      -1.05918775
132          2.66745172      -5.88103577      -1.11836525
133          2.74241232      -5.85759779      -1.14671717
134          2.82932403      -5.81446354      -1.13540524
135          2.90951946      -5.75924401      -1.11099862
136          2.95938740      -5.69209716      -1.09495626
137          2.95859327      -5.63144602      -1.09733627
138          2.91590581      -5.62020234      -1.07437374
139          2.87456691      -5.67110310      -1.00285401
140          2.84123249      -5.73840620      -0.92774872
141          2.81113799      -5.77953045      -0.88131406
142          2.80510745      -5.79947150      -0.85729905
143          2.82503339      -5.82251029      -0.85004767
144          2.83772561      -5.85776782      -0.84546810
145          2.82598171      -5.89788206      -0.84054734
146          2.80597706      -5.93508395      -0.84422559
147          2.80172982      -5.96978752      -0.85531068
148          2.78411747      -6.02449431      -0.85269069
149          2.73504882      -6.09896667      -0.82142511
150          2.66118637      -6.15885825      -0.79540522
151          2.59428734      -6.17014233      -0.79770619
152          2.52027808      -6.15033651      -0.80656185
153          2.45243481      -6.11435918      -0.80995579
154          2.42540278      -6.07890360      -0.79759442
155          2.44678740      -6.05762319      -0.76845780
156          2.48796920      -6.05271632      -0.74254622
157          2.52565895      -6.06167150      -0.75374702
158          2.55100936      -6.09312043      -0.79675228
159          2.55010431      -6.14982991      -0.81566672
160          2.51513007      -6.20662996      -0.77840801
161          2.44300418      -6.22237317      -0.69513022
162          2.35939577      -6.20595676      -0.61099953
163          2.30727265      -6.21618640      -0.54297383
164          2.28579545      -6.27902775      -0.47797987
165          2.28165270      -6.36596206      -0.40522866
166          2.27896029      -6.44628610      -0.31437246
167          2.29277853      -6.52276644      -0.23456733
168          2.33638504      -6.60224729      -0.20322198
169          2.38062345      -6.66741900      -0.20262504
170          2.39127644      -6.67927788      -0.19044222
171          2.36633531      -6.63183215      -0.13089697
172          2.33752945      -6.58065360      -0.03632886
173          2.33455952      -6.58942910       0.07354519
174          2.32935725      -6.66965761       0.17987892
175          2.29466284      -6.77930243       0.25398510
176          2.26295847      -6.86420462       0.29883859
177          2.25324658      -6.93508879       0.33743617
178          2.26493417      -6.99804551       0.39488306
179          2.28756319      -7.03692664       0.48870815
180          2.32375590      -7.07210880       0.58494784
181          2.36562065      -7.13547469       0.64752835
182          2.39282530      -7.22026748       0.67400234
183          2.40957318      -7.28909715       0.68822525
184          2.41611345      -7.32275387       0.70654853
185          2.40501575      -7.34156330       0.72664793
186          2.42039492      -7.37867911       0.74293086
187          2.48822701      -7.43310711       0.75882468
188          2.58482900      -7.46733317       0.78194158
189          2.67926336      -7.47936547       0.78696476
190          2.77456444      -7.49176595       0.75154894
191          2.88743819      -7.51212415       0.67275485
192          3.00348876      -7.52057007       0.60278308
193          3.08873914      -7.50957661       0.58877752
194          3.11723558      -7.49519594       0.62761124
195          3.10296222      -7.47159880       0.68476619
196          3.08742774      -7.45861025       0.72713568
197          3.08837352      -7.45359122       0.74481178
198          3.08418573      -7.44520806       0.74696598
199          3.06035945      -7.43134043       0.75873305
200          3.04490459      -7.41215350       0.78723858
201          3.05180215      -7.39609464       0.82591353
202          3.07242312      -7.37609847       0.86205267
203          3.08921447      -7.36499628       0.88231044
204          3.09235393      -7.34348976       0.88842235
205          3.06688238      -7.30484488       0.87795238
206          3.03425463      -7.24260425       0.86387680
207          2.98691553      -7.17874856       0.84515210
208          2.92629517      -7.13527798       0.83631983
209          2.87549881      -7.13167765       0.82609885
210          2.84105035      -7.14106381       0.79290129
211          2.80956738      -7.13805549       0.74095870
212          2.77296535      -7.14209330       0.69980104
213          2.75813163      -7.15969540       0.69222172
214          2.75073001      -7.18954342       0.71879017
215          2.71499890      -7.19367172       0.76833601
216          2.66134586      -7.17598781       0.81343298
217          2.61720817      -7.15164299       0.84626789
218          2.58708925      -7.13647291       0.87181466
219          2.58119041      -7.12740502       0.89808876
220          2.59098395      -7.11201986       0.91567455
221          2.59526636      -7.07705740       0.91753006
222          2.59605421      -7.04851084       0.89608920
223          2.61059202      -7.05891035       0.87019585
224          2.63929903      -7.11132070       0.86258176
225          2.65939860      -7.19111099       0.87151852
226          2.67720584      -7.25979322       0.88146260
227          2.68706029      -7.30774071       0.86929916
228          2.68209608      -7.33126197       0.82854550
229          2.66513075      -7.32829096       0.76838170
230          2.65682770      -7.31518582       0.72344188
231          2.67471781      -7.30809079       0.69544356
232          2.70835724      -7.31706426       0.68909297
233          2.75077540      -7.33285748       0.71237326
234          2.79868469      -7.35050967       0.73340105
235          2.84478544      -7.37251319       0.72192446
236          2.88712503      -7.41526218       0.69328465
237          2.90931495      -7.47064632       0.66610538
238          2.91828575      -7.51664075       0.65808682
239          2.92030825      -7.53048873       0.69622940
240          2.92460814      -7.51268014       0.74792806
241          2.93433737      -7.49329063       0.78495710
242          2.94741034      -7.50018411       0.76391725
243          2.95818034      -7.53373432       0.72641762
244          2.98610126      -7.58408248       0.69823429
245          3.03508953      -7.63760961       0.70099776
246          3.09891024      -7.65589333       0.71617863
247          3.16787547      -7.63507769       0.72641732
248          3.22271385      -7.60129170       0.75352519
249          3.26576969      -7.58731323       0.78984787
250          3.30936226      -7.58720969       0.83350699
251          3.36508738      -7.60179356       0.87251546
252          3.44086464      -7.62463275       0.92469573
253          3.51749166      -7.65236218       0.98368592
254          3.59468653      -7.70682707       1.05671591
255          3.68380145      -7.77875320       1.12668793
256          3.78767108      -7.83066335       1.17986139
257          3.88826865      -7.83724047       1.23420842
258          3.95873684      -7.83320650       1.28263447
259          4.01256999      -7.84148330       1.28648979
260          4.05979102      -7.84827241       1.25618132
261          4.11735599      -7.85677639       1.26693420
262          4.16722355      -7.89328867       1.33919640
263          4.21129616      -7.90542315       1.43658215
264          4.24036217      -7.88496223       1.50718375
265          4.28079680      -7.88075544       1.56281556
266          4.33213662      -7.90122620       1.58880157
267          4.39868936      -7.94215138       1.56063716
268          4.47174948      -7.97632896       1.47813402
269          4.54116169      -7.96890920       1.38678399
270          4.60374380      -7.94557337       1.34334227
271          4.64595830      -7.93616594       1.35546555
272          4.66387708      -7.95272694       1.40458401
273          4.66606637      -7.99032775       1.43843151
274          4.66219620      -8.03490902       1.44858943
275          4.64976058      -8.05214568       1.47475404
276          4.61569034      -8.04493780       1.50906436
277          4.54981470      -8.02784669       1.51134073
278          4.49399382      -8.01444681       1.45652312
279          4.45770733      -8.00743835       1.39578424
280          4.42597497      -7.98749172       1.38445341
281          4.37561643      -7.96118477       1.44297802
282          4.31568736      -7.95249676       1.53423834
283          4.26764246      -7.97573373       1.61665834
284          4.23685884      -7.98291659       1.68004668
285          4.20276273      -7.96497553       1.71824721
286          4.17306919      -7.93481579       1.72485543
287          4.13913815      -7.91265808       1.69228800
288          4.10327927      -7.90119750       1.65914517
289          4.08182387      -7.89189873       1.64674457
290          4.07918583      -7.90443212       1.67246434
291          4.09787758      -7.91936017       1.72687779
292          4.12952467      -7.89478934       1.75769267
293          4.17392404      -7.82577962       1.73455586
294          4.21513732      -7.72393402       1.68150705
295          4.25887750      -7.59540098       1.64430679
296          4.28156906      -7.47716958       1.64539147
297          4.26640034      -7.42629435       1.70303927
298          4.23428297      -7.43818936       1.76662580
299          4.21880751      -7.46703302       1.81321828
300          4.21129827      -7.47258438       1.81209642
301          4.18993642      -7.43674837       1.78077907
302          4.17676471      -7.37294344       1.73512403
303          4.18837203      -7.30068664       1.69456310
304          4.21346823      -7.23035175       1.65753848
305          4.24156122      -7.13628557       1.62171309
306          4.27617250      -7.04378249       1.62145658
307          4.29602266      -6.93974229       1.62880201
308          4.29222131      -6.87718921       1.65823692
309          4.29381419      -6.83300999       1.69348686
310          4.32192309      -6.78099675       1.72792390
311          4.38229384      -6.71353189       1.74049817
312          4.43115964      -6.64347263       1.73150923
313          4.44072495      -6.57025844       1.69647561
314          4.42100766      -6.49254498       1.65873409
315          4.38644522      -6.40924936       1.64561923
316          4.36355111      -6.33600787       1.64099693
317          4.36677731      -6.31383656       1.61915232
318          4.39528871      -6.32081350       1.57712694
319          4.41541665      -6.33061910       1.55398330
320          4.41239072      -6.30126052       1.54731811
321          4.41692501      -6.23718866       1.55589687
322          4.42448581      -6.18600029       1.54516287
323          4.42940510      -6.15458659       1.51572537
324          4.41499325      -6.14888344       1.46558408
325          4.39399912      -6.14591786       1.39783815
326          4.38001763      -6.13802142       1.32811025
327          4.37251518      -6.11791203       1.28254489
328          4.35600618      -6.10743219       1.26352085
329          4.31797036      -6.11171000       1.26267607
330          4.27818337      -6.13545288       1.27076356
331          4.25190001      -6.17772984       1.27503628
332          4.25968465      -6.22520432       1.26367062
333          4.28577534      -6.27811727       1.22070562
334          4.31464121      -6.28238509       1.17424649
335          4.30247542      -6.26857847       1.14827986
336          6.07508145      -7.94664567       0.97241732
337          6.13128222      -7.90583861       1.00566361
338          6.15099185      -7.85669222       1.03901611
339          6.13814732      -7.80053339       1.06141296
340          6.11354109      -7.73647940       1.10493132
341          6.07793547      -7.68034812       1.15805346
342          6.07337592      -7.62971939       1.17757510
343          6.10490107      -7.56718839       1.17155838
344          6.15879366      -7.48363394       1.15738844
345          6.22628035      -7.37228685       1.12601629
346          6.29208027      -7.26179267       1.07302844
347          6.32876300      -7.14755644       1.01859382
348          6.32009079      -7.01986824       0.97366902
349          6.29605470      -6.87862729       0.94328233
350          6.28765805      -6.73632854       0.90780831
351          6.30991448      -6.60393199       0.86657169
352          6.35504026      -6.50095258       0.82984983
353          6.42543420      -6.46182740       0.80437745
354          6.51556801      -6.46194027       0.79858707
355          6.60095566      -6.47078751       0.81553162
356          6.64879696      -6.46619571       0.82973177
357          6.65449422      -6.42567368       0.81140522
358          6.65475227      -6.37508017       0.78917668
359          6.67878121      -6.33430902       0.77698752
360          6.71201133      -6.27852504       0.74974761
361          6.74492374      -6.23907291       0.70165525
362          6.77530504      -6.22633788       0.65251141
363          6.80358546      -6.22544300       0.61742276
364          6.84924469      -6.24218620       0.58580216
365          6.88881850      -6.25874195       0.54685396
366          6.91965002      -6.26706468       0.53553185
367          6.93998685      -6.29313548       0.54021551
368          6.93684209      -6.32412398       0.52511148
369          6.93517973      -6.33162720       0.49378162
370          6.94823155      -6.36075525       0.45186574
371          6.96355004      -6.40695973       0.43717632
372          6.94927664      -6.45301337       0.42422933
373          9.26709227      -6.88062573       1.26378708
374          9.34916324      -6.86083646       1.25368298
375          9.42638350      -6.85588795       1.23624870
376          9.48955111      -6.88021566       1.21570829
377          9.53486148      -6.92737657       1.20012443
378          9.59577820      -6.98908674       1.18311380
379          9.70174510      -7.03871408       1.16861196
380          9.81349419      -7.04534351       1.14268043
381          9.88359028      -7.02332597       1.09735354
382          9.90458784      -7.00211783       1.03878940
383          9.90889376      -6.99315541       0.98398658
384          9.92981765      -6.99844268       0.93507062
385          9.96092525      -7.02370139       0.88344032
386          9.99696884      -7.06964091       0.83095529
387         10.00142889      -7.14070793       0.78945609
388         10.00685247      -7.22398594       0.76701616
389         10.04213624      -7.28880059       0.75270226
390         10.09985044      -7.32581539       0.72857994
391         10.14785577      -7.33790149       0.71375944
392         10.16006717      -7.36015911       0.71187079
393         10.13160610      -7.38699451       0.70194135
394         10.11802401      -7.40435495       0.66663886
395         10.14629142      -7.41956386       0.62737325
396         10.20748640      -7.44896075       0.60907173
397         10.27945565      -7.49768181       0.62773603
398         10.33951013      -7.54921744       0.67890306
399         10.39137923      -7.58278506       0.73333764
400         10.41672942      -7.57972821       0.74650836
401         10.39521547      -7.58343282       0.72606087
402         10.34079039      -7.60363784       0.69272784
403         10.30793470      -7.61138381       0.67047842
404         10.30333498      -7.60970704       0.67154706
405         10.32137525      -7.60727431       0.66955780
406         10.34737846      -7.61124433       0.67264632
407         10.37809211      -7.61813503       0.70287929
408         10.40086522      -7.63056440       0.75652640
409         10.40675292      -7.65955429       0.82803242
410         10.42053617      -7.69023616       0.90165869
411         10.44357622      -7.71031771       0.99177911
412         10.46998848      -7.74030782       1.09837091
413         10.48057827      -7.76918283       1.18657181
414         10.47664821      -7.77093863       1.21175229
415         10.48467385      -7.76342657       1.16989259
416         10.52036461      -7.75977758       1.10624214
417         10.56518481      -7.75411900       1.09281185
418         10.60619349      -7.74497086       1.14538322
419         10.63306477      -7.74329730       1.23952885
420         10.65203131      -7.74251759       1.31714524
421         10.63150634      -7.75891000       1.35923532
422         10.59680602      -7.76575977       1.40460233
423         10.57530371      -7.76190441       1.45988000
424         10.54109734      -7.74607440       1.48436763
425         10.47637901      -7.72261539       1.43994225
426         10.41057034      -7.68221776       1.37292608
427         10.38592150      -7.63102635       1.31496405
428         10.37666109      -7.58896941       1.26161118
429         10.34429759      -7.56552546       1.23083553
430         10.26889217      -7.54940518       1.23429623
431         10.18979720      -7.53947977       1.24655409
432         10.13301807      -7.54164391       1.25671102
433         10.10654890      -7.53974871       1.27723854
434         10.09451646      -7.52820397       1.29794386
435         10.10817103      -7.51895275       1.25834017
436         10.14795923      -7.52309243       1.16058537
437         10.19577681      -7.55321461       1.07643556
438         10.24655884      -7.59337264       1.03269312
439         10.27090576      -7.62274538       1.01631659
440         10.25904749      -7.66541093       1.01796257
441         10.22675921      -7.71642203       1.02297778
442         10.21255987      -7.76421118       1.01183428
443         10.20758783      -7.80025042       0.98034858
444         10.19228240      -7.83326261       0.92170740
445         10.17700466      -7.87070817       0.86046511
446         10.17109796      -7.91226662       0.82722005
447         10.13628192      -7.94531646       0.82167239
448         10.08791896      -7.98457778       0.86070449
449         10.03979086      -8.04520710       0.93485569
450          9.96820278      -8.09585513       1.02142585
451          9.89857445      -8.11459268       1.07973052
452          9.85792529      -8.10025010       1.09589445
453          9.82757493      -8.09247637       1.06745495
454          9.79805933      -8.09993127       1.02414149
455          9.79605202      -8.11161708       0.99213640
456          9.83118616      -8.12818115       0.98272703
457          9.86918492      -8.12561390       0.97013167
458          9.87290851      -8.09874097       0.94041866
459          9.86684016      -8.07030966       0.90104308
460          9.87251516      -8.07707538       0.87865124
461          9.87906678      -8.09888365       0.88703866
462          9.85204225      -8.10091337       0.89228015
463          9.80046375      -8.06814881       0.90287744
464          9.72435215      -8.01732399       0.92416707
465          9.65227399      -7.98427491       0.94953118
466          9.60084040      -7.98276621       0.93366032
467          9.55841018      -7.97077394       0.88731578
468          9.51927568      -7.90672704       0.86677772
469          9.47456444      -7.79881460       0.87991859
470          9.45689391      -7.67948618       0.90838432
471          9.46568621      -7.59051219       0.92727376
472          9.50056080      -7.54250184       0.91310940
473          9.54691320      -7.52774042       0.88491643
474          9.60271337      -7.53133157       0.87679211
475          9.63975193      -7.54094029       0.90396561
476          9.64875352      -7.55017327       0.94463697
477          9.64208500      -7.57045913       0.97337634
478          9.62891713      -7.60115187       0.97775977
479          9.63630629      -7.63316745       0.98550835
480          9.65776971      -7.63264577       0.99953010
481          9.68020113      -7.60182221       0.99353906
482          9.71038630      -7.54557463       0.95927498
483          9.75458961      -7.46971087       0.92823169
484          9.79896315      -7.40348973       0.91655911
485          9.83563216      -7.36413129       0.90418830
486          9.83636180      -7.32703138       0.91077391
487          9.81153936      -7.29060425       0.95757241
488          9.80151770      -7.29774356       1.02309187
489          9.81086427      -7.34481752       1.07069215
490          9.83249914      -7.40506644       1.06731576
491          9.86687639      -7.45656062       1.03171212
492          9.89715362      -7.48583052       0.98853017
493          9.91488945      -7.50237231       0.93725530
494          9.92511516      -7.51434120       0.87071713
495          9.91097886      -7.51753575       0.82055156
496          9.87048040      -7.51887930       0.78996226
497          9.83759135      -7.50397955       0.78461137
498          9.82565569      -7.49795482       0.80634191
499          9.84090986      -7.50876294       0.83333881
500          9.87005620      -7.52855984       0.85821381
501          9.87747437      -7.54235064       0.90828941
502          9.84382372      -7.56511167       0.97780047
503          9.82263927      -7.58196441       1.05566787
504          9.82219481      -7.62872163       1.10535060
505          9.84420967      -7.68476492       1.10894627
506          9.85803355      -7.72147971       1.09795926
507          9.85001609      -7.74654508       1.10090603
508          9.84415164      -7.78220743       1.12370746
509          9.87938225      -7.81128551       1.16127951
510          9.92331452      -7.84257607       1.20568340
511          9.98185062      -7.85727085       1.25560983
512         10.00791481      -7.88158101       1.31123256
513         10.01772037      -7.90157789       1.37109649
514         10.00902399      -7.91900431       1.40970555
515         10.02396239      -7.91987905       1.45733072
516         10.06097593      -7.90870071       1.52230084
517         10.10552995      -7.89072724       1.56121727
518         10.12781274      -7.86262239       1.56053199
519         10.10401018      -7.85662544       1.54004930
520         10.06563821      -7.85583631       1.48901600
521         10.03966102      -7.83760547       1.40949605
522         10.01432589      -7.81945603       1.34283491
523          9.99039785      -7.80230838       1.32476901
524          9.99846568      -7.75190982       1.34625381
525         10.05057752      -7.67886700       1.36556255
526         10.10689510      -7.59247809       1.36917315
527         10.15296415      -7.53499048       1.35846783
528         10.18044962      -7.50854160       1.35107697
529         10.18088844      -7.49198665       1.30982301
530         10.13127727      -7.48041009       1.23931977
531         10.05147493      -7.48737822       1.17405368
532          9.99080515      -7.50382790       1.12337650
533         10.00324977      -7.50089448       1.08455242
534         10.08996691      -7.45233726       1.04635302
535         10.19660732      -7.38181953       1.04788179
536         10.27713938      -7.32975853       1.08221913
537         10.30423678      -7.31302134       1.11096441
538         10.28272140      -7.31267702       1.10000927
539         10.26412574      -7.30076847       1.05939962
540         10.27976743      -7.26858093       1.01529873
541         10.29150415      -7.21295098       1.00132090
542         10.25967662      -7.17576316       1.03670632
543         10.21834648      -7.18220126       1.08055121
544         10.22006478      -7.21872263       1.10202788
545         10.26663757      -7.22355393       1.08686230
546         10.34995531      -7.20828990       1.04913497
547         10.43799983      -7.19825228       0.98568076
548         10.49057709      -7.20759758       0.92530709
549         10.50569003      -7.23804876       0.87861310
550         10.51904354      -7.26458292       0.85242680
551         10.54277038      -7.27714591       0.84671735
552         10.54497213      -7.26477403       0.87791878
553         10.51106304      -7.24487336       0.93574760
554         10.46138327      -7.21313460       1.00345022
555         10.41302372      -7.19118627       1.06077997
556         10.36130714      -7.17027338       1.07870281
557         10.31523938      -7.16115940       1.06980598
558         10.28742408      -7.14641014       1.05940810
559         10.27083690      -7.11354205       1.05085107
560         10.27203067      -7.04226750       1.01680907
561         10.31359758      -6.95948178       0.96683522
562         10.34158300      -6.90675874       0.92993908
563         10.33867347      -6.87831931       0.93176274
564         10.33639930      -6.85784981       0.97348549
565         10.32409300      -6.82528035       1.02901370
566         10.28914072      -6.80430657       1.06678302
567         10.24581440      -6.82714295       1.07635738
568         10.20996210      -6.87124701       1.04775931
569         10.18915338      -6.87030137       1.00454955
570         10.18594713      -6.84017718       0.97290855
571         10.18283959      -6.79696277       0.95544600
572         10.15835473      -6.74525598       0.94967103
573         10.13485813      -6.70735913       0.94766579
574         10.15459164      -6.70671189       0.93407638
575         10.20253975      -6.73516823       0.91321168
576         10.23014527      -6.78025154       0.90872966
577         10.21531008      -6.84787240       0.92021362
578         10.16273146      -6.93779985       0.94736006
579         10.10349054      -7.02506893       0.99128916
580         10.06302632      -7.07831060       1.04844877
581         10.06767010      -7.10141579       1.12255551
582         10.09692001      -7.09638625       1.20587485
583         10.13393673      -7.08480820       1.27605085
584         10.16238699      -7.08089974       1.30788361
585         10.16865500      -7.07313041       1.28953862
586         10.14802151      -7.07418978       1.24520398
587         10.12020791      -7.08610826       1.19949175
588         10.08767158      -7.10891272       1.18114837
589         10.08585313      -7.12824854       1.17758547
590         10.12374876      -7.15336780       1.18640996
591         10.18120154      -7.19016347       1.20532751
592         10.21592745      -7.20389857       1.24249882
593         10.22799778      -7.18624728       1.26709562
594         10.23545114      -7.13400287       1.26527562
595         10.24673059      -7.07386813       1.25998485
596         10.27143923      -7.02985307       1.26760810
597         10.29988346      -7.01479671       1.26312496
598         10.32379357      -7.04145022       1.22930457
599         10.33717820      -7.08959393       1.21396219
600         10.36045461      -7.12847756       1.24728827
601         10.39078591      -7.13022357       1.29541017
602         10.40652711      -7.12899413       1.30283990
603         10.39943592      -7.13331966       1.25581076
604         10.37439143      -7.13113292       1.17958465
605         10.35781925      -7.11529688       1.12772658
606         10.38542805      -7.10297673       1.10256264
607         10.45348231      -7.10339583       1.08536561
608         10.50960539      -7.12184408       1.06893446
609         10.51137579      -7.17193278       1.07103826
610         10.47939202      -7.25259674       1.10922942
611         10.43433872      -7.32755201       1.14180564
612         10.38599967      -7.37764419       1.14274192
613         10.33411859      -7.43604148       1.11781748
614         10.31620936      -7.51245286       1.11821748
615         10.33716064      -7.56174435       1.14503330
616         10.39794136      -7.51970006       1.16942787
617         10.46119377      -7.38368046       1.17168780
618         10.50367695      -7.23010027       1.17861750
619         10.48352215      -7.13823441       1.21629558
620         10.39959814      -7.12520547       1.28517874
621         10.29918522      -7.14325436       1.36741571
622         10.21142079      -7.17279250       1.45135581
623         10.13127642      -7.21327048       1.53220686
624         10.06810080      -7.26551008       1.58603396
625         10.02246217      -7.32087381       1.61164558
626          9.98776927      -7.37726568       1.61841750
627          9.91752686      -7.42195561       1.62893497
628          9.78911494      -7.42507573       1.64785123
629          9.61336081      -7.40753680       1.70779571
630          9.44563671      -7.40155621       1.77813596
631          9.32723585      -7.44400359       1.84004783
632          9.23091652      -7.53783633       1.87552816
633          9.14086342      -7.63999362       1.85493567
634          9.05818314      -7.73375305       1.79936658
635          9.00249445      -7.80602319       1.75126961
636          8.98485841      -7.84346987       1.73471616
637          8.99122717      -7.86821229       1.73627056
638          8.99910847      -7.91201325       1.76588242
639          9.00822676      -7.99592015       1.78811674
640          9.04129261      -8.08442157       1.77727128
641          9.07944686      -8.14477804       1.74509478
642          9.09790213      -8.18261927       1.71454280
643          9.08474305      -8.23592165       1.68224060
644          9.06129620      -8.29605946       1.65692742
645          9.03985107      -8.33259821       1.63598911
646          9.02395235      -8.34778450       1.60430931
647          9.02576651      -8.36765053       1.57509716
648          9.06215065      -8.41230701       1.55869850
649          9.10801142      -8.45117816       1.56433531
650          9.12964508      -8.46466768       1.58045291
651          9.14105576      -8.46720416       1.59607864
652          9.15999868      -8.49098256       1.58780809
653          9.17537081      -8.51100920       1.56353091
654          9.14469347      -8.50655414       1.53712288
655          9.07476063      -8.49070709       1.49870788
656          9.02457267      -8.50699199       1.45073702
657          8.99781977      -8.53409382       1.41610026
658          8.97992898      -8.53332205       1.41503440
659          8.99196782      -8.51412984       1.42246664
660          9.02602329      -8.51171435       1.40978105
661          9.07073656      -8.55036287       1.37865690
662          9.08471819      -8.61217183       1.35403911
663          9.06631845      -8.65233623       1.35580464
664          9.04285882      -8.66059639       1.38586564
665          9.04196936      -8.66447617       1.42589631
666          9.04324109      -8.68130600       1.47132189
667          9.03314438      -8.71839269       1.49741413
668          9.01810814      -8.74862461       1.47753333
669          9.01109263      -8.78902047       1.40304998
670          9.01093380      -8.83608702       1.31692142
671          9.00477441      -8.86788037       1.28402139
672          8.98863520      -8.87521188       1.30725050
673          8.95393309      -8.88543019       1.33506568
674          8.88381639      -8.92443773       1.32786566
675          8.76599253      -8.96718322       1.29990544
676          8.63097775      -8.98027366       1.27229164
677          8.50327354      -8.97030047       1.24408470
678          8.38085295      -8.95935075       1.20835462
679          8.26733767      -8.95923416       1.18546457
680          8.19448707      -8.98783520       1.20227538
681          8.15590977      -9.05866180       1.27328962
682          8.11678071      -9.15263431       1.37698285
683          8.07526991      -9.24715467       1.46382602
684          8.01236843      -9.32058478       1.49290929
685          7.92875277      -9.36804380       1.47278029
686          7.83821652      -9.39750573       1.44835449
687          7.74661680      -9.41682282       1.47711238
688          7.66248848      -9.42490608       1.57644797
689          7.62327893      -9.43598317       1.71007066
690          7.59901842      -9.43391473       1.84905244
691          7.57590825      -9.41405545       1.98196809
692          7.55764409      -9.37601831       2.08540930
693          7.55367947      -9.32645735       2.14912738
694          7.55858873      -9.28174435       2.17872758
695          7.55101438      -9.23931754       2.18044428
696          7.51885203      -9.20152587       2.14748229
697          7.47725325      -9.17205223       2.09085884
698          7.47423554      -9.17423868       2.04750131
699          7.50467738      -9.18807219       2.03714796
700          7.54993984      -9.19875461       2.05542460
701          7.58335299      -9.21017805       2.08795031
702          7.60970954      -9.23869884       2.12067903
703          7.61897159      -9.28239299       2.14483616
704          7.59885647      -9.30529680       2.15699430
705          7.56020452      -9.30695887       2.12617149
706          7.56362956      -9.29417833       2.04235414
707          7.60201589      -9.27081492       1.95266266
708          7.64356880      -9.25076121       1.90707846
709          7.68686741      -9.26228563       1.89710603
710          7.71970575      -9.28699938       1.89594107
711          7.72905095      -9.30026532       1.91026445
712          7.73668254      -9.28874466       1.93359146
713          7.76092465      -9.27416139       1.93725497
714          7.78016313      -9.27255401       1.91956358
715          7.78080339      -9.27984881       1.90719157
716          7.77531288      -9.29958479       1.90303689
717          7.78186832      -9.32673439       1.90263014
718          7.79404394      -9.34933300       1.91299097
719          7.80187281      -9.38192183       1.92668207
720          7.79593949      -9.42062088       1.94575748
721          7.76767076      -9.44010055       1.97346497
722          7.73635352      -9.45353528       1.99690059
723          7.71681001      -9.45697272       1.99274751
724          7.69516343      -9.44103494       1.98096233
725          7.64437387      -9.41090483       1.99047594
726          7.57859779      -9.38689853       2.01543623
727          7.51676582      -9.37279224       2.02799370
728          7.46788112      -9.37368208       2.02022061
729          7.42542904      -9.37332783       1.99024658
730          7.40111995      -9.36174064       1.95204132
731          7.37994495      -9.36413631       1.91184295
732          7.34960075      -9.36441807       1.87708876
733          7.31101382      -9.34036220       1.86834086
734          7.26428766      -9.29315738       1.89792774
735          7.25754191      -9.24836746       1.93456251
736          7.28559995      -9.22110676       1.93964711
737          7.32791619      -9.18394264       1.92808325
738          7.35542818      -9.11847210       1.91296170
739          7.36545540      -9.03946470       1.89794442
740          7.37547599      -8.98394340       1.86816472
741          7.40642768      -8.95706367       1.81266784
742          7.45405634      -8.95439702       1.73584393
743          7.50300076      -8.95706243       1.69038111
744          7.56997574      -8.96042027       1.70741716
745          7.65258751      -8.95807214       1.77162050
746          7.69649415      -8.91420559       1.82712325
747          7.70526455      -8.82936719       1.85194294
748          7.68996037      -8.75271668       1.86222736
749          7.67021599      -8.71900283       1.85334766
750          7.66034948      -8.72654197       1.84505110
751          7.64866756      -8.76967216       1.84488321
752          7.62707564      -8.81904779       1.84918733
753          7.63720681      -8.84754544       1.84611636
754          7.69093872      -8.81391419       1.84525791
755          7.76703536      -8.73493029       1.87542892
756          7.83129479      -8.65662140       1.91805484
757          7.84266713      -8.60405162       1.97116886
758          7.82428801      -8.58272614       2.02393486
759          7.80658702      -8.58377543       2.04548483
760          7.79380525      -8.61540148       2.03239033
761          7.76669597      -8.66719893       1.98691248
762          7.73511161      -8.71691064       1.93314234
763          7.69573854      -8.74730759       1.88762905
764          7.66193903      -8.76140756       1.83276480
765          7.66319602      -8.76088254       1.78836378
766          7.71563952      -8.74356163       1.78539287
767          7.78329630      -8.71910534       1.82248496
768          7.82705675      -8.69980396       1.87524257
769          7.84085619      -8.70390406       1.90609218
770          7.82416523      -8.74360935       1.89723376
771          7.79587769      -8.81954538       1.85329616
772          7.77015072      -8.91489717       1.80056052
773          7.74923011      -9.00709771       1.77048761
774          7.73307113      -9.07831473       1.77938099
775          7.74653020      -9.11978969       1.81519064
776          7.77862881      -9.14623584       1.84737108
777          7.82036020      -9.17840324       1.86327861
778          7.85860146      -9.21141111       1.86168880
779          7.89517828      -9.21958277       1.85636332
780          7.93089925      -9.20689948       1.86202929
781          7.96650314      -9.19042992       1.86575600
782          7.99767107      -9.17648984       1.85127724
783          8.01162735      -9.16995815       1.81759006
784          8.01625867      -9.16587685       1.78181156
785          8.01516510      -9.16922881       1.76224447
786          8.02170058      -9.18510415       1.75813248
787          8.04865567      -9.19675902       1.75009440
788          8.10558024      -9.19561791       1.72262347
789          8.18069444      -9.18732213       1.67826751
790          8.25224184      -9.18060017       1.62373200
791          8.30630216      -9.18112133       1.56336732
792          8.32782926      -9.18460126       1.48284271
793          8.31609307      -9.18267110       1.38767237
794          8.28871719      -9.17315790       1.30946072
795          8.25799428      -9.17392756       1.27768508
796          8.22522079      -9.18763543       1.29816648
797          8.21273782      -9.20785827       1.32962955
798          8.23040427      -9.20904757       1.33307088
799          8.25970279      -9.19911086       1.30788860
800          8.27842898      -9.21303298       1.25351284
801          8.29786532      -9.26244672       1.17653610
802          8.31540369      -9.34359358       1.10261055
803          8.31827238      -9.44270731       1.07290172
804          8.30859258      -9.55582085       1.08511901
805          8.30053872      -9.64718299       1.09674695
806          8.30120939      -9.70016047       1.07913300
807          8.30218674      -9.72014988       1.03147851
808          8.31709532      -9.73302181       0.99590753
809          8.34828184      -9.75302077       0.98670676
810          8.39249919      -9.79363347       1.00372093
811          8.43962591      -9.85195561       1.02911515
812          8.45576505      -9.90971823       1.06419807
813          8.43324512      -9.93990155       1.11458404
814          8.38862318      -9.94740698       1.18127899
815          8.35056332      -9.97186360       1.23029114
816          8.33297723     -10.01916386       1.26867346
817          8.34001909     -10.06773205       1.29651564
818          8.34666761     -10.09527847       1.32216554
819          8.35608892     -10.09748344       1.37178239
820          8.36506738     -10.07515863       1.44873714
821          8.37478183     -10.01830045       1.53704595
822          8.36891120      -9.94806836       1.61402481
823          8.34350762      -9.88553901       1.68423558
824          8.31193622      -9.85110553       1.73991835
825          8.29312893      -9.84016750       1.76523375
826          8.29652356      -9.85741075       1.74972483
827          8.29277105      -9.88684898       1.71176368
828          8.28279857      -9.92456165       1.68858241
829          8.24419749      -9.96686478       1.71627378
830          8.15180038     -10.01153928       1.80484035
831          8.04555949     -10.05593671       1.90940150
832          7.95563729     -10.10056847       2.00073770
833          7.87127051     -10.14799006       2.06363973
834          7.77146046     -10.15454145       2.10894886
835          7.66929490     -10.10337882       2.14672335
836          7.61453346     -10.04744606       2.16679666
837          7.61050403     -10.03977090       2.15711217
838          7.64153680     -10.05928942       2.11564455
839          7.67981696     -10.06831502       2.05597669
840          7.70043099     -10.07162070       1.98886116
841          7.70652184     -10.05787652       1.91165223
842          7.70288822     -10.04424172       1.83232623
843          7.67335549     -10.03790418       1.77739345
844          7.60189549     -10.03273464       1.74550436
845          7.53173271     -10.02424398       1.73014575
846          7.49628336     -10.01562646       1.70318274
847          7.48766526     -10.01438081       1.65469491
848          7.48052493     -10.03457757       1.57118086
849          7.48032962     -10.04617374       1.46617476
850          7.49364405     -10.01013946       1.32960913
851          7.48068646      -9.96294274       1.17989270
852          7.39129875      -9.94627704       1.05287897
853          7.25445175      -9.97467703       0.95142814
854          7.14088851     -10.01028061       0.84982245
855          7.05589305     -10.04023241       0.76183614
856          7.01189224     -10.05850408       0.69918296
857          7.00323831     -10.04627018       0.67091561
858          7.02254945     -10.01121677       0.66490041
859          7.02691488      -9.96369055       0.67095791
860          6.99688431      -9.90653008       0.69385723
861          6.94275176      -9.85917717       0.73756600
862          6.88155409      -9.82750239       0.79854396
863          6.81454410      -9.79573490       0.86459984
864          6.73091922      -9.74412982       0.91531396
865          6.63088152      -9.68912237       0.95875642
866          6.54008344      -9.65584189       0.98037094
867          6.48436298      -9.61777393       0.99758162
868          6.46256104      -9.59871842       1.00443497
869          6.57032765      -7.14512538       1.17253568
870          6.55395283      -7.12383343       1.24494335
871          6.54031462      -7.08902975       1.32543468
872          6.53486562      -7.06308550       1.39523813
873          6.52431355      -7.04867492       1.44386425
874          6.49596198      -7.03701244       1.46441393
875          6.47608572      -7.02398517       1.46486455
876          6.47921281      -7.02617601       1.46442165
877          6.49441784      -7.05359543       1.47296993
878          6.53270218      -7.11908378       1.50776885
879          6.55905126      -7.20445121       1.55740045
880          6.53417088      -7.27248127       1.59567196
881          6.47355149      -7.29253087       1.64289462
882          6.37203060      -7.29185270       1.68319927
883          6.25450735      -7.29921538       1.71959140
884          6.14746361      -7.29713343       1.74725829
885          6.05413774      -7.27943805       1.76341906
886          5.96823467      -7.25087487       1.76333294
887          5.89791079      -7.21314050       1.76834983
888          5.84996844      -7.17713450       1.78505317
889          5.80156625      -7.14119208       1.82972148
890          5.72933464      -7.11828978       1.89091357
891          5.64447453      -7.11446662       1.96436988
892          5.56432238      -7.12463412       2.03917295
893          5.50406481      -7.12911005       2.11740647
894          5.46142154      -7.11705882       2.19930369
895          5.43570058      -7.10794959       2.26314343
896          5.42856351      -7.12624583       2.31619847
897          5.45322939      -7.16210992       2.35967674
898          5.49248443      -7.18076473       2.41768076
899          5.51087980      -7.16108489       2.46828512
900          5.52870322      -7.11390438       2.49247680
901          5.53488107      -7.08301533       2.48587952
902          5.52681453      -7.09615866       2.47457380
903          5.51345069      -7.13430861       2.47077108
904          5.51637464      -7.16871804       2.46301926
905          5.54805481      -7.18042329       2.43369540
906          5.60166104      -7.16933039       2.37174057
907          5.66813698      -7.15010894       2.29502880
908          5.72820915      -7.10506440       2.25099400
909          5.77463736      -7.06328586       2.26743716
910          5.81614309      -7.01757903       2.32268550
911          5.86129094      -6.97103237       2.35824108
912          5.90416684      -6.91375425       2.35637233
913          5.93886195      -6.86470696       2.32707323
914          5.98433355      -6.82293028       2.29016178
915          6.03191205      -6.81463289       2.26676753
916          6.06184548      -6.84272691       2.27989586
917          6.08023204      -6.86817230       2.35358733
918          6.09186200      -6.86422467       2.45683601
919          6.08044851      -6.83247961       2.52731765
920          6.04811084      -6.80315725       2.56034984
921          6.02082712      -6.78997626       2.57601407
922          6.01526968      -6.79732874       2.57317063
923          6.02107752      -6.80901854       2.54765454
924          6.01789399      -6.84222588       2.50228925
925          6.01653804      -6.92644750       2.46367499
926          6.03472400      -7.04809322       2.45438661
927          6.04058808      -7.12225337       2.43538883
928          6.02647009      -7.11163107       2.40377682
929          6.02092523      -7.04656986       2.38550921
930          6.00281156      -6.98555497       2.37623777
931          5.96397269      -6.94880590       2.35345183
932          5.93765170      -6.91401277       2.32767352
933          5.93706046      -6.86260530       2.27465883
934          5.92966662      -6.81838331       2.20652422
935          5.91461371      -6.80494139       2.15822877
936          5.90610692      -6.81352664       2.13584702
937          5.89877386      -6.84257713       2.12471826
938          5.87505514      -6.85852074       2.08768564
939          5.83776350      -6.83068608       2.02543535
940          5.80114935      -6.79054523       1.97984305
941          5.75364416      -6.75657219       1.95531278
942          5.69735845      -6.73546016       1.93970181
943          5.66186613      -6.69635821       1.92521173
944          5.65344731      -6.64627175       1.91429208
945          5.65708360      -6.61409923       1.88922405
946          5.66747988      -6.60636284       1.84518874
947          5.68349306      -6.62226561       1.79793107
948          5.70529722      -6.64660049       1.77667011
949          5.72603919      -6.66288441       1.78231301
950          5.74467615      -6.65828930       1.78953900
951          5.75325306      -6.64628328       1.78674772
952          5.75553227      -6.62602442       1.77197496
953          5.76134640      -6.61586811       1.75440856
954          5.76174219      -6.62907565       1.73049744
955          5.73328717      -6.66130334       1.70227917
956          5.68847634      -6.68788344       1.66614497
957          5.65026661      -6.70083769       1.61863235
958          5.63486598      -6.73468893       1.55682144
959          5.60798598      -6.78094036       1.48401039
960          5.56297905      -6.80840398       1.41379840
961          5.52527827      -6.80293844       1.36429455
962          5.48005058      -6.80113258       1.32497199
963          5.44468331      -6.82469574       1.27615361
964          5.43122680      -6.85065850       1.21017114
965          5.42869490      -6.87991424       1.11633222
966          5.41136603      -6.90977429       1.02150463
967          5.38674605      -6.91251605       0.97311638
968          5.36886289      -6.89865570       0.96570709
969          5.37183231      -6.91597956       0.96328314
970          5.39966041      -6.96131536       0.95370303
971          5.43242447      -7.02447460       0.93830484
972          5.45446206      -7.09207424       0.91346402
973          5.44969867      -7.15507780       0.87014354
974          5.42208733      -7.20477136       0.81309342
975          5.39123236      -7.24304391       0.77051072
976          5.37102800      -7.28458230       0.75887993
977          5.38307847      -7.32046620       0.78331948
978          5.43157965      -7.34659764       0.81898137
979          5.48759677      -7.36788950       0.83412058
980          5.51577897      -7.39708457       0.82369585
981          5.52879710      -7.44304801       0.79527074
982          5.57938860      -7.50475943       0.75179043
983          5.66608174      -7.56633754       0.71598164
984          5.73862151      -7.58029016       0.70710300
985          5.78092830      -7.50545640       0.69640162
986          5.79188494      -7.41425179       0.68856628
987          5.76957404      -7.36181587       0.69005511
988          5.74672239      -7.33688557       0.68651425
989          5.74699636      -7.34428983       0.64774899
990          5.74730429      -7.40288599       0.58094225
991          5.75409653      -7.48033657       0.53642968
992          5.75140081      -7.49185732       0.53904399
993          5.73464013      -7.44990650       0.57047300
994          5.72051035      -7.42143551       0.60383970
995          5.72258165      -7.42620643       0.65385343
996          5.73482477      -7.40271986       0.72057956
997          5.75114201      -7.35268439       0.79436342
998          5.76903398      -7.35559819       0.86495716
999          5.76968178      -7.39142342       0.93157862
1000         5.76610633      -7.41678262       0.98322588
