1            0.00000000       0.00000000       0.00000000       0.00000000
2            0.00698385       0.00224604       0.00323020       0.00150761
3            0.02871179       0.00722897       0.01415700       0.00732581
4            0.05651074       0.01352772       0.02277219       0.02021083
5            0.11038946       0.02446886       0.03419567       0.05172493
6            0.18634704       0.03979467       0.05238421       0.09416817
7            0.28538046       0.05758840       0.08052380       0.14726826
8            0.39234166       0.05711945       0.11934759       0.21587463
9            0.52310872       0.04067003       0.16641237       0.31602633
10           0.65200791       0.02381311       0.20839169       0.41980310
11           0.77028517       0.02048803       0.23474197       0.51505518
12           0.88122226       0.03186570       0.24960765       0.59974890
13           0.98909065       0.05909049       0.24446877       0.68553139
14           1.07645358       0.08156387       0.23016959       0.76472012
15           1.10557367       0.07809056       0.22532810       0.80215501
16           1.08437179       0.05940594       0.23490257       0.79006328
17           1.06399336       0.03836586       0.24182783       0.78379967
18           1.10050565       0.02581122       0.24268529       0.83200914
19           1.16052118       0.02051511       0.24446579       0.89554028
20           1.18324809       0.02144817       0.24825704       0.91354288
21           1.19634360       0.02499527       0.27948166       0.89186667
22           1.22211658       0.03172558       0.32277416       0.86761684
23           1.21606414       0.04810581       0.33124881       0.83670951
24           1.11688069       0.05675781       0.27653860       0.78358428
25           0.99014343       0.04198453       0.20788035       0.74027854
26           0.90456059       0.02677342       0.16101516       0.71677201
27           0.85700747       0.02175834       0.12349629       0.71175285
28           0.84999015       0.02173262       0.10220231       0.72605522
29           0.83080746       0.02204519       0.09675658       0.71200568
30           0.82847044       0.02183645       0.10493900       0.70169500
31           0.87261881       0.02545134       0.13124147       0.71592601
32           0.90451198       0.02838029       0.15266973       0.72346196
33           0.89893674       0.03145520       0.15244551       0.71503603
34           0.88524322       0.04245151       0.14015678       0.70263493
35           0.89000011       0.07050309       0.12442008       0.69507693
36           0.94732615       0.11530642       0.10969586       0.72232387
37           1.06379768       0.17507166       0.10258562       0.78614040
38           1.16989016       0.23758092       0.11035277       0.82195647
39           1.25762355       0.29932801       0.13278495       0.82551058
40           1.33562641       0.34714661       0.16284064       0.82563915
41           1.41048762       0.37726320       0.20313978       0.83008464
42           1.48336918       0.37385720       0.23817811       0.87133387
43           1.56296096       0.37668377       0.24908705       0.93719014
44           1.63131255       0.40687473       0.24147638       0.98296144
45           1.70141133       0.48213149       0.24249091       0.97678893
46           1.81249899       0.62150113       0.24235227       0.94864559
47           1.95921987       0.78222928       0.22626285       0.95072773
48           2.12798051       0.96139502       0.21032709       0.95625841
49           2.33050942       1.16499925       0.20346966       0.96204051
50           2.56483400       1.35979593       0.20712179       0.99791629
51           2.73424315       1.46577221       0.22227936       1.04619158
52           2.78146338       1.46009082       0.25367716       1.06769540
53           2.75736708       1.40670046       0.29979349       1.05087313
54           2.76300931       1.34928538       0.37414856       1.03957537
55           2.84416144       1.32373412       0.45603077       1.06439655
56           2.94270898       1.34202953       0.52454613       1.07613332
57           3.02782209       1.39018946       0.58483426       1.05279836
58           3.09815327       1.44976412       0.63961599       1.00877316
59           3.12830374       1.48448996       0.67164078       0.97217301
60           3.08829773       1.47433230       0.68558682       0.92837861
61           3.03217509       1.44155656       0.70293425       0.88768429
62           2.96639720       1.36445759       0.71727491       0.88466470
63           2.84270543       1.20101840       0.69555205       0.94613498
64           2.71070664       1.02421687       0.62917611       1.05731367
65           2.67824574       0.91376555       0.57352575       1.19095444
66           2.75352277       0.85852301       0.58031616       1.31468360
67           2.87777978       0.83708212       0.63958656       1.40111110
68           2.97281785       0.82925204       0.69923360       1.44433221
69           3.03783888       0.81738824       0.73234501       1.48810563
70           3.11275585       0.77523630       0.76527969       1.57223986
71           3.23455901       0.73136632       0.82899169       1.67420099
72           3.37091561       0.72911051       0.89397388       1.74783122
73           3.38749174       0.74178541       0.90026304       1.74544329
74           3.27314654       0.74399143       0.85192813       1.67722697
75           3.06621851       0.71338232       0.77392253       1.57891366
76           2.89457406       0.67061629       0.71943556       1.50452222
77           2.78141697       0.63339529       0.71265909       1.43536260
78           2.64736085       0.60806480       0.71203579       1.32726026
79           2.44160896       0.59326118       0.68295800       1.16538977
80           2.17985665       0.54696121       0.63687561       0.99601983
81           1.98973762       0.49031604       0.62883817       0.87058340
82           1.91485672       0.44722811       0.65451101       0.81311759
83           1.90120721       0.43154650       0.66955008       0.80011062
84           1.93533892       0.44607874       0.67267893       0.81658126
85           2.00344527       0.46868479       0.65830033       0.87646016
86           2.05805632       0.45189094       0.62146569       0.98469970
87           2.08238499       0.38572761       0.57098289       1.12567449
88           2.08785801       0.32059852       0.52544925       1.24181024
89           2.07648757       0.26210161       0.51197156       1.30241440
90           2.06031164       0.18551680       0.58723416       1.28756068
91           2.01394142       0.12083719       0.70059670       1.19250753
92           2.00159402       0.09538999       0.83076551       1.07543852
93           2.18527106       0.11769665       1.03275567       1.03481874
94           2.53249800       0.16841986       1.29082787       1.07325027
95           2.79438312       0.20096335       1.47086812       1.12255165
96           2.84093434       0.19924836       1.50987146       1.13181453
97           2.75470214       0.18732979       1.45923631       1.10813605
98           2.71075837       0.18847171       1.40110078       1.12118588
99           2.72029718       0.19249116       1.38579504       1.14201098
100          2.68653720       0.17368991       1.39835464       1.11449265
101          2.60822871       0.13572955       1.41266876       1.05983039
102          2.55427514       0.09613549       1.41185634       1.04628331
103          2.58621653       0.07237923       1.43631589       1.07752142
104          2.67098029       0.07147386       1.52656107       1.07294536
105          2.73245092       0.09069275       1.64616123       0.99559694
106          2.76724251       0.12962788       1.75918610       0.87842853
107          2.80309160       0.17316168       1.85125353       0.77867639
108          2.85919590       0.21532190       1.94318752       0.70068649
109          2.93695790       0.25881089       2.02018713       0.65795988
110          3.01176841       0.28761257       2.10426641       0.61988943
111          3.03842353       0.30110661       2.18392713       0.55338980
112          3.12746606       0.31833406       2.33265155       0.47648045
113          3.32971980       0.31479793       2.60905036       0.40587151
114          3.57284368       0.28316192       2.91783419       0.37184756
115          3.68411090       0.26301348       3.07176776       0.34932966
116          3.66359213       0.27747954       3.06248639       0.32362621
117          3.72905619       0.33113369       3.10027190       0.29765060
118          3.86741655       0.40460067       3.18772475       0.27509112
119          3.98429856       0.48257447       3.25825644       0.24346765
120          3.99924103       0.52693694       3.23937399       0.23293010
121          3.99982060       0.51893586       3.24628234       0.23460240
122          4.09120736       0.47618726       3.37893983       0.23608027
123          4.23884442       0.44650148       3.56174676       0.23059618
124          4.39198824       0.44965569       3.69286271       0.24946984
125          4.54821066       0.51656446       3.73555233       0.29609387
126          4.66638402       0.63966392       3.66230081       0.36441929
127          4.78636482       0.76385394       3.56399133       0.45851955
128          4.99710770       0.84838890       3.58864213       0.56007667
129          5.26513315       0.89490726       3.70837272       0.66185317
130          5.51687055       0.89163749       3.87182743       0.75340563
131          5.77607413       0.83037855       4.11464993       0.83104565
132          6.07259772       0.74487134       4.45387063       0.87385575
133          6.43415154       0.68932343       4.80550562       0.93932249
134          6.75372677       0.69003918       4.99093271       1.07275488
135          7.06887569       0.75071789       5.07291160       1.24524620
136          7.48961012       0.82385637       5.21035858       1.45539517
137          8.02935866       0.89480044       5.46239591       1.67216231
138          8.69053920       0.98893619       5.88183223       1.81977078
139          9.28553793       1.11925791       6.21818404       1.94809598
140          9.81290562       1.29338285       6.46045855       2.05906423
141         10.25290464       1.46546019       6.66679134       2.12065311
142         10.66179548       1.74330524       6.57692219       2.34156805
143         16.14965005       0.29242176      15.29454929       0.56267901
144         16.85572097       0.24051191      15.92275737       0.69245169
145         17.11170241       0.17952197      16.16166793       0.77051251
146         16.84935122       0.12812478      15.94682130       0.77440514
147         16.39581319       0.08989929      15.56369992       0.74221399
148         15.95956123       0.06108233      15.17642138       0.72205752
149         15.71580164       0.05307310      14.91841726       0.74431128
150         15.43772389       0.05508296      14.61041846       0.77222246
151         15.42863491       0.06780134      14.54569972       0.81513384
152         15.56655506       0.07800789      14.60681856       0.88172861
153         15.73994482       0.09018830      14.65282576       0.99693076
154         15.76099497       0.08787265      14.55065682       1.12246549
155         15.55815976       0.06054304      14.31711800       1.18049872
156         15.27335549       0.01953144      14.10263868       1.15118537
157         15.04774695       0.00081509      13.96429007       1.08264179
158         14.92211985       0.00108215      13.89161209       1.02942562
159         14.99521817       0.00339981      13.98348668       1.00833168
160         15.14056770       0.00312055      14.09576212       1.04168503
161         15.13272353       0.00117945      14.00626074       1.12528334
162         14.89467246       0.00000753      13.64745964       1.24720530
163         14.39572927       0.00018227      13.02895032       1.36659668
164         13.74171253       0.00000010      12.27567712       1.46603531
165         13.17241993       0.00329514      11.69855114       1.47057365
166         13.02305345       0.02393431      11.59224548       1.40687366
167         12.97440156       0.07818337      11.62373745       1.27248074
168         13.03311927       0.17119770      11.75016303       1.11175854
169         13.42488384       0.25626824      12.18344930       0.98516630
170         14.03909484       0.30171495      12.82942520       0.90795470
171         14.52701650       0.32336679      13.34374847       0.85990124
172         14.92107677       0.32277863      13.69777162       0.90052652
173         15.43440793       0.32124357      14.03681704       1.07634732
174         16.13078365       0.35017262      14.55989647       1.22071456
175         17.04452208       0.39471925      15.35161128       1.29819155
176         17.98141006       0.42959850      16.27764551       1.27416605
177         18.86275356       0.47962003      17.18325268       1.19988085
178         19.70656563       0.53900609      17.97630674       1.19125280
179         20.74069667       0.61070807      18.86364562       1.26634299
180         21.82888222       0.67861383      19.75776612       1.39250226
181         22.80627143       0.75266117      20.54279607       1.51081420
182         23.76130271       0.85208682      21.25762544       1.65159045
183         24.87503284       0.97680993      22.08940498       1.80881793
184         25.79549226       1.11681747      22.78819641       1.89047837
185         26.43776783       1.31951380      23.26254065       1.85571337
186         26.63864178       1.57944195      23.31091606       1.74828376
187         26.84086182       1.81162490      23.39573327       1.63350364
188         27.50668613       1.99599700      23.97938222       1.53130691
189         28.30595759       2.10017241      24.68561425       1.52017093
190         29.24747598       2.16275454      25.47998995       1.60473149
191         30.36542999       2.22848352      26.38465997       1.75228650
192         31.51021183       2.25950893      27.29780127       1.95290163
193         32.29378103       2.19774728      27.92380810       2.17222566
194         32.81788283       2.13647419      28.33770239       2.34370625
195         33.00020247       2.04861926      28.58249545       2.36908776
196         32.94415484       1.91114207      28.76399587       2.26901690
197         32.92189408       1.79233639      28.84330344       2.28625426
198         33.08134893       1.72765651      28.86549718       2.48819524
199         33.32268616       1.63925866      28.99681501       2.68661249
200         33.41988571       1.54542108      29.06103709       2.81342754
201         33.39660289       1.50357130      28.91072368       2.98230791
202         33.37474355       1.45747622      28.63195915       3.28530818
203         33.45942342       1.38948476      28.49251921       3.57741946
204         33.39965222       1.34807718      28.30115481       3.75042022
205         33.40435789       1.26521418      28.27260446       3.86653924
206         33.41563820       1.05716123      28.36020234       3.99827463
207         33.44452311       0.80776663      28.51987750       4.11687898
208         33.51014291       0.59082401      28.70945122       4.20986769
209         33.64737531       0.43979257      28.90726388       4.30031887
210         33.94286418       0.35884728      29.12730418       4.45671273
211         34.34588726       0.31960261      29.30728627       4.71899838
212         34.18940962       0.29548348      29.06460345       4.82932270
213         33.44736786       0.32447569      28.44775907       4.67513310
214         32.72175975       0.38891229      27.94238127       4.39046618
215         32.20047393       0.37566849      27.71059689       4.11420855
216         32.19630393       0.28041845      27.98020839       3.93567709
217         32.66146371       0.18384103      28.66888145       3.80874123
218         33.14057014       0.12431574      29.38455951       3.63169489
219         33.26776527       0.09338040      29.75972627       3.41465861
220         33.13154609       0.08327987      29.81031451       3.23795171
221         33.08677270       0.08983017      29.86456629       3.13237624
222         33.34485710       0.09543111      30.15815844       3.09126756
223         33.65510601       0.09738386      30.48707511       3.07064704
224         33.73931759       0.10319945      30.57858850       3.05752964
225         33.58678192       0.11041427      30.39985421       3.07651344
226         33.46464756       0.10426508      30.19147951       3.16890298
227         33.48511188       0.11464208      30.04044524       3.33002457
228         33.54057797       0.15340205      29.79551242       3.59166349
229         33.56159155       0.22532244      29.51838915       3.81787996
230         33.35766648       0.29107603      29.13441124       3.93217922
231         33.10751557       0.35787876      28.85349633       3.89614047
232         32.85986940       0.41910323      28.73468955       3.70607662
233         32.69313822       0.42361591      28.76086502       3.50865728
234         32.84797841       0.37004550      29.09586699       3.38206591
235         33.30585135       0.30319452      29.67163159       3.33102523
236         33.50912055       0.26597591      29.96280414       3.28034050
237         33.11265228       0.25549306      29.73089540       3.12626382
238         32.52032879       0.25884008      29.25721685       3.00427186
239         32.11831925       0.27569075      28.74499534       3.09763316
240         32.25046234       0.31277132      28.49915539       3.43853563
241         32.76853495       0.34298791      28.49822447       3.92732256
242         33.55074068       0.36105943      28.73606656       4.45361469
243         34.21308906       0.38434485      28.96480359       4.86394063
244         34.24007665       0.41716595      28.77707167       5.04583903
245         33.75694421       0.42736302      28.38025560       4.94932560
246         33.44943716       0.37658752      28.30855877       4.76429087
247         33.69413895       0.29692425      28.71772851       4.67948620
248         34.31707957       0.24564350      29.39142074       4.68001534
249         35.13860592       0.19875559      30.14148657       4.79836376
250         35.37305740       0.17728610      30.45224555       4.74352575
251         35.03299744       0.14863021      30.35897751       4.52538972
252         34.90248537       0.11533668      30.43587997       4.35126871
253         70.47080402       0.00066245      58.19348116      12.27666041
254         70.30535069       0.00178934      58.29984336      12.00371800
255         70.60721209       0.01504787      58.82221348      11.76995074
256         71.80016166       0.03929827      59.88190054      11.87896284
257         72.74879529       0.06539443      60.58543352      12.09796734
258         73.10115175       0.09673045      60.93132576      12.07309554
259         72.94080044       0.12837326      60.99941273      11.81301444
260         72.58463401       0.15059450      61.00078531      11.43325421
261         72.43152897       0.16025058      61.14169270      11.12958570
262         72.65608946       0.16514718      61.40175117      11.08919111
263         73.07815766       0.16969318      61.74881009      11.15965439
264         73.19854030       0.17922138      61.99308864      11.02623028
265         73.23598594       0.19216491      62.38098557      10.66283546
266         73.17034839       0.21393882      62.64106412      10.31534545
267         73.43493626       0.22866140      63.07940623      10.12686864
268         74.13614892       0.24326317      63.84533036      10.04755539
269         74.96166587       0.30006012      64.71215529       9.94945046
270         76.30364459       0.43778145      65.97402960       9.89183353
271         77.79853282       0.60632555      67.17522528      10.01698199
272         78.44873211       0.73806771      67.48157523      10.22908918
273         77.81908725       0.76150233      66.85732427      10.20026065
274         76.89347277       0.72495007      66.25322116       9.91530154
275         76.44113595       0.66531960      66.27039848       9.50541787
276         76.23677899       0.62042987      66.52330759       9.09304153
277         76.03965786       0.61832297      66.57082681       8.85050808
278         76.29313963       0.68902213      66.75697874       8.84713876
279         77.03714524       0.83341458      67.21080609       8.99292457
280         77.90134229       1.02219575      67.81241640       9.06673014
281         78.12936198       1.20348382      67.98128369       8.94459447
282         77.21247335       1.30424664      67.28344176       8.62478496
283         75.85638721       1.33134928      66.22429404       8.30074389
284         74.83473200       1.39012004      65.31960462       8.12500734
285         74.23756687       1.51800849      64.64944278       8.07011561
286         73.84112426       1.68659416      64.06366206       8.09086804
287         73.35285119       1.84192773      63.41714813       8.09377532
288         72.75143003       1.99710750      62.77421613       7.98010639
289         71.99400488       2.17113008      62.03914308       7.78373172
290         71.17283955       2.38501841      61.16521750       7.62260365
291         70.62956067       2.54292639      60.49102272       7.59561157
292         70.35457024       2.58701287      60.18025831       7.58729906
293         70.08306732       2.53000321      60.02318325       7.52988087
294         69.42388328       2.40375616      59.70799173       7.31213539
295         68.47967261       2.29509162      59.28931101       6.89526999
296         67.39815647       2.23609600      58.76882488       6.39323559
297         66.56407150       2.23730306      58.20855857       6.11820987
298         65.93284018       2.23170718      57.54476566       6.15636733
299         65.38975104       2.21913500      56.81678833       6.35382771
300         65.11229918       2.23699007      56.26876641       6.60654269
301         65.17148581       2.28285075      56.07789585       6.81073921
302         65.60589286       2.34495132      56.27663220       6.98430933
303         66.08936530       2.39701335      56.59921383       7.09313813
304         66.29558518       2.40087175      56.74480071       7.14991271
305         65.95799004       2.32129010      56.63963546       6.99706447
306         65.01729315       2.16115297      56.24244400       6.61369618
307         64.14180430       1.97325292      55.89676854       6.27178285
308         63.73764013       1.81735649      55.89569493       6.02458871
309         63.56964617       1.75160836      56.09455229       5.72348551
310         63.55528454       1.78268347      56.41125921       5.36134186
311         63.80545553       1.91799019      56.81376017       5.07370516
312         64.25213009       2.10468081      57.20815857       4.93929071
313         64.54705744       2.19016146      57.41761287       4.93928311
314         64.42932085       2.10245209      57.37650564       4.95036312
315         63.89116882       1.88611027      57.11375894       4.89129960
316         63.22429551       1.65323250      56.80731942       4.76374359
317         62.44247810       1.48410575      56.47492861       4.48344374
318         61.46757095       1.37651096      55.94912841       4.14193158
319         60.35325921       1.27652478      55.31955608       3.75717835
320         59.53780226       1.22345513      54.89192575       3.42242138
321         59.22604234       1.34209519      54.67004557       3.21390158
322         58.93669937       1.58458726      54.24700419       3.10510792
323         58.35436356       1.86420646      53.46319853       3.02695857
324         57.64144545       2.07100668      52.50449731       3.06594147
325         56.72366274       2.05176495      51.39891612       3.27298168
326         55.48240793       1.90731982      50.00562361       3.56946450
327         54.21509844       1.74321197      48.63055204       3.84133442
328         53.58385764       1.56278086      47.93585090       4.08522587
329         53.57773345       1.36358553      47.91091793       4.30322999
330         53.64473725       1.17122229      47.98583772       4.48767724
331         53.65399380       1.00976456      47.91836134       4.72586791
332         53.72799015       0.89393080      47.84188264       4.99217670
333         53.76946213       0.87605248      47.71815593       5.17525373
334         53.52746657       0.88964490      47.35296585       5.28485583
335         52.81879596       0.91887822      46.58859530       5.31132243
336         51.86342634       0.95090453      45.68829087       5.22423094
337         50.85748426       1.00983595      44.78823074       5.05941756
338         50.25234458       1.13228717      44.19672370       4.92333371
339         50.25566721       1.35746307      43.94726502       4.95093913
340         50.38577265       1.65961841      43.72783409       4.99832015
341         50.18750418       1.93591590      43.36082227       4.89076600
342         49.75860534       2.04807160      42.97288737       4.73764637
343         49.23622613       1.99760229      42.66263356       4.57599027
344         48.86614828       1.90558075      42.52799956       4.43256797
345         48.78499531       1.81095914      42.66141071       4.31262545
346         49.15695652       1.73825988      43.09325697       4.32543968
347         49.73982369       1.72474715      43.56799099       4.44708556
348         50.25307235       1.75048919      43.83373205       4.66885111
349         50.55810145       1.74900612      43.91593893       4.89315640
350         50.73027367       1.72931842      44.01585343       4.98510183
351         50.94703530       1.75093562      44.25522605       4.94087363
352         50.78491267       1.83243666      44.13641898       4.81605703
353         50.10999514       1.98218264      43.41235726       4.71545525
354         49.16822282       2.23312239      42.33709505       4.59800538
355         48.17854670       2.58689761      41.12948427       4.46216481
356         47.15013317       2.97640113      39.92449467       4.24923737
357         46.23664986       3.34879086      38.81670052       4.07115849
358         45.54013102       3.64679666      37.84628985       4.04704452
359         45.04952812       3.82037997      37.10202512       4.12712304
360         44.64109732       3.94214624      36.45413622       4.24481487
361         44.22496786       4.08405407      35.68856261       4.45235118
362         43.75994678       4.20316681      34.89090988       4.66587009
363         43.40326779       4.28825538      34.37061836       4.74439405
364         43.53478599       4.39797206      34.38731380       4.74950013
365         44.04721470       4.56338291      34.75586048       4.72797131
366         44.89189703       4.77617383      35.40735263       4.70837058
367         45.54963551       4.95868148      36.00979255       4.58116148
368         45.82656002       5.06063240      36.37539744       4.39053018
369         45.62363485       5.00841523      36.37238540       4.24283421
370         44.89652855       4.85724975      35.82328005       4.21599876
371         44.01352770       4.73784336      35.05982714       4.21585720
372         43.76284151       4.84756999      34.70496330       4.21030822
373         44.03012631       5.15520512      34.73541986       4.13950133
374         44.23664807       5.48253613      34.70840379       4.04570816
375         44.19554758       5.74543551      34.45239938       3.99771269
376         43.87285331       5.87082312      33.97065350       4.03137669
377         43.24973053       5.86112106      33.27327393       4.11533554
378         42.51787032       5.72809900      32.56388922       4.22588210
379         41.97624352       5.51986531      32.09776108       4.35861714
380         41.59549458       5.31637345      31.83494150       4.44417963
381         41.07723757       5.17939327      31.49444826       4.40339604
382         40.54901855       5.11052762      31.07497611       4.36351482
383         40.41701101       5.24105396      30.69162471       4.48433234
384         40.77514440       5.56183722      30.52321294       4.69009424
385         41.27821332       5.92125053      30.52145520       4.83550759
386         41.52986581       6.21819716      30.49299070       4.81867795
387         41.71566069       6.46003393      30.47987118       4.77575558
388         41.96431066       6.76379424      30.43319574       4.76732067
389         41.99810879       7.08469145      30.14989550       4.76352184
390         41.65492386       7.43812547      29.53292715       4.68387124
391         41.07102227       7.72973646      28.74047068       4.60081514
392         40.78273512       8.04043108      28.22742251       4.51488154
393         40.83047101       8.27971217      28.11887302       4.43188582
394         41.09385997       8.46561353      28.28336558       4.34488086
395         41.64841314       8.72542141      28.58505669       4.33793504
396         42.23135224       9.15966757      28.75001987       4.32166480
397         42.71054808       9.77223249      28.72145445       4.21686114
398         42.99924911      10.39957058      28.57825913       4.02141940
399         43.17694837      10.84880803      28.53877817       3.78936217
400         43.22980216      11.02498457      28.57602877       3.62878882
401         43.03312776      11.07586142      28.51050800       3.44675833
402         42.52666688      11.16533742      28.09888583       3.26244362
403         42.05203396      11.32817943      27.56371749       3.16013705
404         41.68514157      11.46525429      27.12742650       3.09246079
405         41.27973638      11.52570356      26.75074461       3.00328820
406         40.71887170      11.46315070      26.36500607       2.89071493
407         39.97544184      11.27363745      26.02420921       2.67759518
408         39.21462690      11.05356313      25.73798590       2.42307787
409         38.34631880      10.82671459      25.38152773       2.13807648
410         37.35939367      10.59396416      24.90070569       1.86472383
411         36.37212374      10.29257682      24.35309154       1.72645538
412         35.47457127       9.98776421      23.82650892       1.66029814
413         34.74150771       9.68294083      23.42902094       1.62954595
414         34.42468332       9.50908327      23.27309234       1.64250771
415         34.55568754       9.58934261      23.23302149       1.73332344
416         34.98690487       9.86571490      23.25893685       1.86225311
417         35.50630513      10.15606595      23.36952590       1.98071329
418         35.78584995      10.33459217      23.45106435       2.00019343
419         35.73181086      10.39625907      23.48698678       1.84856502
420         35.55064212      10.37583631      23.57122202       1.60358379
421         35.57979414      10.43153162      23.74004019       1.40822233
422         35.54763612      10.52496049      23.66451772       1.35815791
423         35.12787810      10.40440046      23.26607421       1.45740343
424         34.62569064      10.08824129      22.90909319       1.62835615
425         34.40588771       9.73397032      22.85720867       1.81470872
426         34.52865268       9.49236930      23.12280890       1.91347449
427         35.04800610       9.56312034      23.63267628       1.85220948
428         35.73157105       9.95973839      24.04456517       1.72726749
429         36.46054819      10.49003415      24.29188664       1.67862740
430         37.05078814      10.79910229      24.48749034       1.76419552
431         37.46516607      10.84813388      24.69214224       1.92488994
432         37.71548768      10.86967087      24.76647002       2.07934678
433         37.82098510      11.03831797      24.59149672       2.19117041
434         37.75290082      11.32068349      24.13332268       2.29889464
435         37.76197131      11.65457829      23.67130883       2.43608418
436         38.12170611      12.03098041      23.48143330       2.60929240
437         38.59173627      12.28341885      23.64355100       2.66476642
438         39.15980153      12.35122926      24.19744525       2.61112703
439         39.58893516      12.24672898      24.77226839       2.56993779
440         39.80066547      12.08376579      25.15001377       2.56688590
441         39.88574516      11.99028845      25.26599047       2.62946624
442         39.81363671      12.04748446      25.09940351       2.66674874
443         39.63368144      12.29430028      24.69103812       2.64834304
444         39.35847821      12.61013096      24.15966310       2.58868416
445         39.03024431      12.78575664      23.68610044       2.55838723
446         38.68899397      12.78587056      23.37752777       2.52559564
447         38.44273357      12.88530799      23.20951719       2.34790838
448         37.88995368      13.00582430      22.83387350       2.05025588
449         37.17661683      12.93247621      22.37517055       1.86897007
450         36.55653456      12.65542937      21.92643268       1.97467251
451         35.90512668      12.37192429      21.33485873       2.19834366
452         35.23401697      12.29208452      20.61061756       2.33131490
453         34.52747322      12.33963309      19.84859863       2.33924150
454         33.70199406      12.24430553      19.15622847       2.30146006
455         32.87422370      12.00044414      18.69397751       2.17980205
456         32.37996364      11.79970412      18.57779990       2.00245961
457         32.21287547      11.75971962      18.63627824       1.81687760
458         32.33851418      11.85940890      18.74989765       1.72920764
459         32.63895537      12.06572939      18.79362671       1.77959928
460         33.06687423      12.34832658      18.73511685       1.98343079
461         33.43626554      12.56531346      18.64422069       2.22673139
462         33.77032507      12.72579103      18.65587538       2.38865865
463         34.01609329      12.84829048      18.76003330       2.40776951
464         33.99683127      12.99098483      18.74973786       2.25610857
465         33.83772988      13.15987282      18.59250515       2.08535191
466         33.52755399      13.20265559      18.33586887       1.98902952
467         33.36827397      13.17332600      18.18667115       2.00827682
468         33.51021742      12.99083980      18.32017196       2.19920566
469         34.12784418      12.69319255      18.88310257       2.55154907
470         35.02203343      12.45318518      19.65351476       2.91533349
471         36.28205280      12.57093430      20.52403406       3.18708443
472         37.82174025      12.94836907      21.60218139       3.27118979
473         39.01348528      13.17349194      22.57471409       3.26527925
474         39.51833973      13.17547374      23.11269258       3.23017341
475         39.12823799      12.84523448      23.10974602       3.17325749
476         38.71456855      12.54906076      23.14285162       3.02265617
477         38.96026600      12.70781330      23.47950531       2.77294739
478         39.81427842      13.02102788      24.17271838       2.62053215
479         40.46082496      12.98859962      24.85826426       2.61396108
480         40.50862650      12.54195742      25.24854349       2.71812560
481         40.46746309      12.13550296      25.55624150       2.77571864
482         40.50529503      11.90387776      25.77002255       2.83139472
483         40.71675987      11.78561547      26.08175287       2.84939153
484         40.82258912      11.60809546      26.38210005       2.83239361
485         40.66121705      11.41911537      26.51091583       2.73118585
486         40.31060474      11.34689667      26.32839430       2.63531376
487         39.99126714      11.37723667      26.01257903       2.60145144
488         39.94752765      11.46756334      25.88096641       2.59899789
489         40.36897200      11.64838668      26.03932255       2.68126277
490         41.29345627      11.89537254      26.56351561       2.83456812
491         42.42031898      12.18735819      27.23626068       2.99670011
492         43.45266190      12.61564091      27.72977464       3.10724635
493         44.27072930      13.00843803      28.06525297       3.19703830
494         45.04765219      13.40775103      28.40743299       3.23246818
495         45.79700092      13.87656409      28.76811946       3.15231737
496         46.32579108      14.36938670      28.99288279       2.96352159
497         46.33074445      14.67017634      28.85775483       2.80281328
498         45.81307479      14.71152174      28.33039927       2.77115378
499         45.13124639      14.55467296      27.65233212       2.92424132
500         44.24647732      14.15108695      26.93541274       3.15997763
501         43.18097497      13.69529558      26.19364640       3.29203299
502         42.27080570      13.46382729      25.58731233       3.21966608
503         41.90119804      13.60557801      25.27361569       3.02200435
504         42.19680842      14.11508184      25.22430478       2.85742180
505         42.64995351      14.75856508      25.12923920       2.76214923
506         42.99406504      15.29433286      24.83195335       2.86777883
507         43.22406410      15.47858973      24.54643489       3.19903949
508         43.68737273      15.59051942      24.49392418       3.60292912
509         44.20619311      15.78439622      24.48858050       3.93321638
510         44.61435598      15.90066968      24.49055760       4.22312870
511         44.95732693      15.83408612      24.59947250       4.52376831
512         45.22274203      15.61160308      24.91627142       4.69486753
513         45.28406165      15.30897909      25.29326745       4.68181510
514         44.89864147      14.87401772      25.57990960       4.44471414
515         44.44579726      14.42905078      25.92317735       4.09356913
516         44.25018369      14.07420131      26.47192116       3.70406122
517         44.30514956      13.73556102      27.17701884       3.39256971
518         44.44914531      13.34464352      27.86516123       3.23934055
519         44.75630666      12.98671675      28.51727187       3.25231803
520         45.43271269      12.87834344      29.19614756       3.35822169
521         46.33195120      12.97720125      29.86786332       3.48688663
522         47.28603160      13.07258064      30.64815220       3.56529875
523         48.48505376      13.08784402      31.78322009       3.61398966
524         49.92202912      13.14888332      33.08590940       3.68723640
525         51.28740897      13.23000803      34.36116068       3.69624026
526         52.20778302      13.15174000      35.41928551       3.63675751
527         52.32807998      12.76587466      35.92811716       3.63408816
528         51.72575595      12.19583947      35.69111618       3.83880030
529         50.82872630      11.66558062      35.05722461       4.10592107
530         50.11844723      11.37745429      34.62494718       4.11604575
531         49.49557187      11.32520855      34.26152313       3.90884019
532         48.71256285      11.33596800      33.64269149       3.73390336
533         48.40008346      11.57948926      33.02233902       3.79825518
534         48.69750653      12.10777741      32.52948837       4.06024076
535         49.08271610      12.65956232      32.09978833       4.32336544
536         49.58183310      13.21253472      31.82627154       4.54302684
537         50.27888542      13.74884478      31.76369006       4.76635058
538         50.97756987      13.98310069      32.03532651       4.95914267
539         51.67362248      13.91070446      32.68205355       5.08086447
540         52.40887216      13.70289524      33.61733232       5.08864460
541         53.25519136      13.62590418      34.66986245       4.95942473
542         54.21294917      13.76439509      35.64919699       4.79935708
543         55.27341391      14.00135050      36.69958124       4.57248217
544         56.40888407      14.16216873      37.84054797       4.40616737
545         57.36380111      14.17919427      38.93400235       4.25060450
546         57.97648193      13.99082698      39.84692123       4.13873372
547         58.16500107      13.58805304      40.51161747       4.06533056
548         58.07190693      13.14769862      40.84353609       4.08067222
549         58.08216950      12.85995650      41.02061262       4.20160039
550         58.34310342      12.67985818      41.30864751       4.35459772
551         58.44679981      12.41992460      41.53374937       4.49312584
552         58.35126460      12.11903236      41.71567232       4.51655992
553         58.29349393      11.86365873      41.95213201       4.47770319
554         58.31036119      11.65852494      42.33695893       4.31487733
555         57.87726717      11.34629581      42.49616373       4.03480764
556         56.73080263      10.82166823      42.22636138       3.68277301
557         55.27567524      10.11766747      41.77758099       3.38042679
558         54.32696561       9.46483385      41.64617796       3.21595380
559         54.08012924       9.06616574      41.75856348       3.25540001
560         54.37092108       8.87423932      42.05890999       3.43777177
561         54.66506300       8.72208904      42.26886407       3.67410990
562         54.82017998       8.54159269      42.49372856       3.78485873
563         55.22035891       8.53686265      42.91178107       3.77171520
564         55.80374283       8.64473776      43.40191871       3.75708636
565         56.27426050       8.77169461      43.71075501       3.79181088
566         56.67499750       8.81574287      44.02820139       3.83105324
567         56.96877575       8.79554536      44.31417582       3.85905457
568         56.75022388       8.67507779      44.25896029       3.81618581
569         56.08838953       8.45765685      43.84747175       3.78326093
570         55.32236213       8.14293725      43.35254427       3.82688061
571         54.64706349       7.77310018      42.98109221       3.89287110
572         54.15359182       7.34033077      42.90479279       3.90846827
573         53.54012950       6.87396339      42.91331250       3.75285360
574         52.60814035       6.56289010      42.59603712       3.44921312
575         51.60544070       6.56570932      41.93211696       3.10761442
576         51.00234192       6.79648946      41.31131984       2.89453262
577         50.61393491       7.01378225      40.84910403       2.75104863
578         50.13102967       7.10550040      40.36967905       2.65585022
579         49.61757101       7.01625306      39.99398671       2.60733124
580         49.57130408       6.94406923      39.97228453       2.65495032
581         50.07933890       6.90540784      40.37759019       2.79634087
582         50.50225662       6.75411706      40.85170508       2.89643447
583         50.68066937       6.47949877      41.29005127       2.91111933
584         50.77413128       6.10087411      41.79403663       2.87922054
585         51.22245732       5.70824462      42.66355649       2.85065620
586         51.69156515       5.31937081      43.56295276       2.80924159
587         51.88178848       5.08100820      44.00537760       2.79540269
588         51.64547235       5.00010055      43.86418384       2.78118797
589         50.99164089       5.00399362      43.20587288       2.78177439
590         50.05328128       4.89936555      42.38429984       2.76961589
591         48.96913040       4.61610815      41.68782651       2.66519573
592         47.73373254       4.25837034      41.01014744       2.46521476
593         46.60127017       3.96103237      40.39447645       2.24576135
594         45.98633202       3.82950544      40.07949358       2.07733301
595         45.88118432       3.79626622      40.10728481       1.97763328
596         45.99621515       3.84605684      40.20709524       1.94306306
597         46.17546147       3.96313899      40.28163960       1.93068288
598         46.57963757       4.14032558      40.57767969       1.86163230
599         47.13190854       4.31216419      41.10593250       1.71381185
600         47.37042580       4.51657229      41.29948119       1.55437232
601         46.97160932       4.76277967      40.78981184       1.41901781
602         46.12501323       4.98326415      39.82889417       1.31285491
603         45.35979892       5.07967881      39.03199933       1.24812078
604         44.96220688       5.10653049      38.59264582       1.26303057
605         45.23729086       5.17676274      38.71696465       1.34356346
606         46.14623610       5.21831939      39.45665154       1.47126517
607         47.57298614       5.10699520      40.85071453       1.61527641
608         48.62144447       4.73299339      42.15682492       1.73162616
609         49.34702834       4.27499192      43.21897502       1.85306140
610         50.18922877       3.86914978      44.30859033       2.01148866
611         51.25583082       3.58036559      45.53733947       2.13812576
612         52.22343091       3.31596310      46.68335483       2.22411298
613         53.07429007       3.07736268      47.67015304       2.32677435
614         53.76619234       2.86550853      48.41935631       2.48132750
615         54.36511058       2.69844249      48.97868298       2.68798510
616         55.13267871       2.61024291      49.62881789       2.89361792
617         56.12825148       2.64879199      50.37626928       3.10319020
618         57.02235275       2.84189565      50.82351830       3.35693881
619         57.64502225       3.13717629      50.83968117       3.66816479
620         57.92226808       3.40363704      50.52616477       3.99246627
621         57.88063046       3.46716630      50.21808371       4.19538046
622         58.10676123       3.47747613      50.39809230       4.23119280
623         58.60938415       3.58003692      50.91599460       4.11335263
624         59.00207681       3.75834665      51.28069525       3.96303492
625         59.30164846       3.94111481      51.51864761       3.84188605
626         59.48530187       4.16585159      51.57647232       3.74297796
627         59.52055297       4.52334528      51.37743239       3.61977531
628         59.81638207       4.90442924      51.37144358       3.54050925
629         60.21239301       5.12383896      51.53342486       3.55512918
630         60.20649070       5.19720498      51.44178544       3.56750028
631         59.75813988       5.22849072      51.01891999       3.51072917
632         59.13751819       5.28393682      50.40645603       3.44712535
633         58.30937007       5.36913481      49.50152787       3.43870738
634         57.15108921       5.56637869      48.08093291       3.50377761
635         55.60506345       5.64688020      46.41083355       3.54734970
636         53.99157936       5.49138610      45.01348178       3.48671148
637         52.90583486       5.23107703      44.27632564       3.39843219
638         52.33193959       5.05357540      43.96209065       3.31627355
639         52.06296409       5.00993720      43.75927719       3.29374970
640         51.87055224       5.11730086      43.52637659       3.22687480
641         51.61708365       5.25190961      43.19874384       3.16643020
642         51.59791327       5.22853393      43.10530099       3.26407835
643         51.93590048       5.04961508      43.36774815       3.51853725
644         52.39906056       4.82708939      43.84113418       3.73083700
645         52.76230789       4.77246340      44.25213776       3.73770673
646         53.09004447       4.93743496      44.55169138       3.60091813
647         53.52570166       5.25336907      44.84554432       3.42678827
648         54.21658801       5.60067789      45.28147116       3.33443895
649         55.02217289       5.88260217      45.80169142       3.33787931
650         55.50554926       5.94719194      46.22798858       3.33036874
651         55.63719426       5.85286990      46.48492778       3.29939658
652         55.74469455       5.72317599      46.70983556       3.31168300
653         55.96538928       5.62230528      46.99882796       3.34425605
654         56.26795373       5.53950404      47.34127819       3.38717151
655         56.72962044       5.50570718      47.76827767       3.45563558
656         57.23268490       5.60996491      48.15422549       3.46849450
657         57.33010314       5.79459152      48.20116952       3.33434210
658         56.97281485       6.07737976      47.80539555       3.09003954
659         56.51788789       6.39933382      47.24399048       2.87456359
660         56.38353019       6.62421794      47.08541058       2.67390167
661         56.35374359       6.62008019      47.19371814       2.53994526
662         56.41223838       6.43396374      47.45102734       2.52724729
663         56.50661014       6.27619439      47.60413090       2.62628485
664         56.82377870       6.13442882      47.94814588       2.74120401
665         57.34733514       5.93458399      48.61484272       2.79790843
666         57.50588195       5.72605268      48.93662948       2.84319979
667         56.79825366       5.52117717      48.45871894       2.81835755
668         55.50155973       5.26487095      47.54311297       2.69357581
669         54.62351954       4.95565669      47.13600460       2.53185825
670         54.19854445       4.64636735      47.13430306       2.41787404
671         54.00421722       4.38942210      47.25169590       2.36309922
672         54.14001910       4.21898169      47.51030378       2.41073364
673         54.74322872       4.08382611      48.04254554       2.61685707
674         55.59136097       4.00228785      48.68787235       2.90120078
675         56.36428089       4.03314823      49.26044416       3.07068850
676         56.81996235       4.07266767      49.67413428       3.07316039
677         56.80168188       4.01702652      49.81836242       2.96629294
678         56.36425270       3.89956442      49.58164505       2.88304324
679         55.79468743       3.80275003      49.04148056       2.95045684
680         55.71774725       3.77924553      48.79014747       3.14835426
681         56.20535796       3.86562058      48.92244285       3.41729453
682         57.17788649       4.09691365      49.42077191       3.66020093
683         58.20355565       4.34068802      49.92340809       3.93945954
684         59.11538680       4.43703172      50.52132734       4.15702774
685         60.10597151       4.35821551      51.50485955       4.24289646
686         61.38712477       4.21107091      52.96619090       4.20986297
687         62.72077512       4.15282957      54.43475872       4.13318683
688         63.82633440       4.18205531      55.48724568       4.15703341
689         64.55719479       4.25240818      55.95512507       4.34966154
690         64.75837948       4.43628851      55.62937127       4.69271969
691         64.73312521       4.72980589      55.00930213       4.99401719
692         64.54834433       4.96789152      54.41100182       5.16945099
693         64.24583798       4.98052015      54.03268876       5.23262907
694         64.08670199       4.84746633      54.00252572       5.23670994
695         63.83039786       4.70175929      54.07837253       5.05026605
696         63.53736648       4.57422684      54.24434463       4.71879501
697         63.17337733       4.39914196      54.32480918       4.44942619
698         62.23148924       4.24147369      53.58295032       4.40706523
699         60.64790551       4.16359079      51.93235921       4.55195551
700         58.81145741       4.03953368      50.05343630       4.71848742
701         57.45945348       3.90898012      48.63194914       4.91852422
702         56.78586739       3.84773066      47.79578537       5.14235136
703         56.46018880       3.79314109      47.31758100       5.34946672
704         56.07385989       3.71186401      46.88070212       5.48129376
705         55.46591417       3.65458859      46.35125337       5.46007221
706         54.80512792       3.68156607      45.78421484       5.33934701
707         54.21044039       3.69073491      45.41909020       5.10061528
708         53.64789403       3.65639694      45.21869919       4.77279791
709         52.83427576       3.64016766      44.72906712       4.46504099
710         51.80322814       3.61571993      43.94633334       4.24117486
711         50.90523825       3.57532337      43.17415132       4.15576357
712         50.10808799       3.47769782      42.53830209       4.09208808
713         49.65445273       3.27527835      42.34721825       4.03195613
714         49.32531305       2.97461624      42.37083014       3.97986668
715         49.17258043       2.65025588      42.53748983       3.98483472
716         49.18495580       2.43065081      42.73212569       4.02217930
717         49.67152550       2.35690785      43.28431009       4.03030755
718         50.47491070       2.36760160      44.09605857       4.01125054
719         51.28146843       2.38144430      44.91635818       3.98366595
720         52.04770214       2.29983564      45.77802906       3.96983744
721         52.64967131       2.11542105      46.63358102       3.90066924
722         53.02872035       1.95790498      47.33135758       3.73945779
723         53.14336896       1.95233478      47.67840438       3.51262980
724         53.17072408       2.06186498      47.79111462       3.31774447
725         53.43088390       2.22056443      47.95395526       3.25636421
726         53.83639077       2.35009259      48.18505546       3.30124273
727         54.16933732       2.38756087      48.46079313       3.32098332
728         54.37222217       2.36745407      48.66921320       3.33555491
729         54.60072887       2.34227583      48.84060558       3.41784746
730         54.63212714       2.35170926      48.74278673       3.53763114
731         54.26422752       2.41489250      48.23514422       3.61419079
732         53.61363894       2.46844256      47.43147726       3.71371911
733         53.05172817       2.53856101      46.59670063       3.91646653
734         52.44922311       2.58074474      45.65445827       4.21402011
735         52.00877153       2.54770823      44.87808940       4.58297390
736         51.96211002       2.47384303      44.52386100       4.96440599
737         52.03916040       2.31132973      44.59174046       5.13609022
738         51.59680385       2.18140821      44.35582777       5.05956786
739         50.82386304       2.15187831      43.82166744       4.85031729
740         50.31731176       2.26294797      43.45893455       4.59542924
741         50.35461480       2.37607436      43.56496875       4.41357169
742         50.94733172       2.45016478      44.11974743       4.37741951
743         52.18866006       2.46694821      45.18070872       4.54100314
744         54.00202070       2.45298159      46.78214764       4.76689146
745         56.05145559       2.49914863      48.61323698       4.93906998
746         58.03724331       2.60389743      50.40234308       5.03100279
747         59.58198802       2.68779647      51.91634146       4.97785009
748         60.92381061       2.68234331      53.42846556       4.81300174
749         62.15835990       2.68115212      54.84191561       4.63529218
750         63.57310655       2.73000346      56.20717520       4.63592789
751         64.65341363       2.76833556      57.12990231       4.75517576
752         65.58729214       2.76041424      57.88844323       4.93843466
753         66.61212803       2.78778282      58.69118454       5.13316068
754         67.42173687       2.86726506      59.23052796       5.32394386
755         67.87050465       2.98495524      59.41067507       5.47487434
756         68.03903679       3.09488340      59.40509380       5.53905959
757         68.70669076       3.07298018      60.04347014       5.59024044
758         69.78236526       2.95548171      61.14997942       5.67690413
759         71.04761401       2.83177468      62.41412971       5.80170962
760         72.17024434       2.80215588      63.53240777       5.83568070
761         73.00188545       2.77930817      64.44715995       5.77541734
762         73.78219599       2.80127711      65.24496022       5.73595866
763         74.76537730       2.90295461      66.03468974       5.82773295
764         75.61809775       3.07294617      66.61456070       5.93059087
765         76.00206022       3.21149227      66.85304142       5.93752653
766         76.91342020       3.30742548      67.58839844       6.01759629
767         78.48739332       3.39380360      69.04310710       6.05048262
768         80.15377657       3.39654159      70.73143275       6.02580223
769         81.15774957       3.37700927      71.83261840       5.94812190
770         81.59079280       3.46547864      72.32037435       5.80493981
771         81.85968823       3.63044337      72.66771828       5.56152658
772         81.81011733       3.76391010      72.76021965       5.28598758
773         81.71393527       3.86803319      72.77522548       5.07067660
774         81.68889142       3.92245650      72.80360625       4.96282867
775         81.77298249       3.87887873      72.98511923       4.90898452
776         81.77197939       3.79199723      73.11895403       4.86102813
777         81.87455215       3.72405861      73.27141294       4.87908061
778         82.25261412       3.59244749      73.78164321       4.87852342
779         82.80178528       3.33513424      74.70589295       4.76075809
780         83.10812236       3.04659165      75.55748814       4.50404256
781         82.65432868       2.79051766      75.63565703       4.22815399
782         81.80717488       2.63352346      75.03130510       4.14234632
783         80.81888123       2.57528906      73.99457845       4.24901372
784         80.13000458       2.56693769      73.18076318       4.38230371
785         79.82347464       2.59112260      72.73975208       4.49259996
786         79.70324783       2.64060371      72.41824858       4.64439554
787         79.65637491       2.71289776      72.08237975       4.86109740
788         79.61589467       2.78658322      71.85582663       4.97348481
789         79.61648886       2.76663369      71.97801522       4.87183995
790         79.57719565       2.62150430      72.23028899       4.72540235
791         79.55940193       2.43336498      72.40429013       4.72174682
792         79.91086532       2.26263509      72.75061642       4.89761381
793         80.45769148       2.06432786      73.33655794       5.05680568
794         80.86711522       1.86501096      73.90132524       5.10077902
795         81.13735097       1.70814120      74.19767172       5.23153804
796         81.12451431       1.62842723      74.00107500       5.49501208
797         81.01446797       1.60088881      73.65128097       5.76229818
798         80.78007785       1.62766891      73.23816623       5.91424272
799         80.30243141       1.69521007      72.63261660       5.97460474
800         79.58430847       1.79302413      71.86192716       5.92935717
801         79.30021974       1.86507695      71.50620882       5.92893397
802         80.03590634       1.86343494      72.01599201       6.15647939
803         81.35586867       1.80496240      73.02868785       6.52221842
804         82.65530780       1.76071005      74.10449323       6.79010452
805         83.88242259       1.76515035      75.21635025       6.90092199
806         85.06807903       1.76549046      76.40695316       6.89563541
807         86.14966775       1.79953570      77.40006512       6.95006693
808         87.11782835       1.88146976      78.07430311       7.16205549
809         88.23057191       1.99959631      78.69296918       7.53800642
810         89.62634077       2.17551116      79.50745686       7.94337275
811         91.00059506       2.39435197      80.39325674       8.21298635
812         92.23911288       2.62598888      81.37174286       8.24138114
813         92.87560248       2.78552405      82.04484137       8.04523706
814         93.13927363       2.87591916      82.47092454       7.79242993
815         92.94310735       2.94821225      82.42276809       7.57212702
816         92.58137707       3.05776867      82.08874725       7.43486115
817         92.02739618       3.16923936      81.50927766       7.34887916
818         91.38701163       3.22095326      80.86741608       7.29864229
819         90.46380822       3.19809962      80.11578450       7.14992411
820         89.42599148       3.12131108      79.27108785       7.03359256
821         88.60551634       3.03403243      78.53138156       7.04010235
822         88.10264029       2.97880955      78.02831867       7.09551207
823         87.68537468       2.98248634      77.48354201       7.21934633
824         87.10762059       3.01133446      76.68522309       7.41106304
825         86.69181923       3.14568374      75.91456664       7.63156885
826         86.59348256       3.25300279      75.48276901       7.85771075
827         86.41704021       3.24476725      75.11891813       8.05335482
828         86.16190987       3.20238348      74.70516796       8.25435844
829         86.07044159       3.28223153      74.27672445       8.51148562
830         86.20381315       3.47550595      73.99340652       8.73490069
831         86.51500007       3.60885526      74.03341009       8.87273471
832         87.24056739       3.65278995      74.53971254       9.04806490
833         88.51635379       3.74044616      75.53230355       9.24360408
834         89.23514690       3.85374163      76.00655266       9.37485261
835         89.20846606       3.86631091      75.99132347       9.35083167
836         88.77762117       3.74436212      75.89027494       9.14298411
837         88.34629719       3.57616787      75.82879830       8.94133103
838         88.29216236       3.46956840      75.89796129       8.92463267
839         88.37883295       3.38045754      76.00379356       8.99458186
840         88.39009528       3.29191923      76.03425771       9.06391835
841         88.17541140       3.17426977      75.93023498       9.07090665
842         87.96621723       3.10244274      75.74879157       9.11498292
843         87.95224791       3.09649785      75.69825479       9.15749528
844         87.72589863       3.07361613      75.55281780       9.09946470
845         86.78592544       3.00519058      74.86904268       8.91169219
846         85.70565869       2.95898208      74.02581186       8.72086476
847         85.06150765       2.94343080      73.56530038       8.55277646
848         85.05509890       2.95726704      73.63511177       8.46272009
849         85.24190431       2.99676603      73.77695610       8.46818218
850         85.64110468       3.04002212      74.02960860       8.57147396
851         86.17387547       3.02591296      74.38069278       8.76726973
852         86.23806625       2.94260251      74.36175354       8.93371020
853         85.77859113       2.84737023      74.01401029       8.91721061
854         85.35990854       2.72226897      73.89283188       8.74480769
855         85.68729770       2.61809289      74.48088487       8.58831994
856         86.28202905       2.64949685      75.09315751       8.53937470
857         86.61761799       2.81382116      75.28591351       8.51788332
858         86.85152945       3.01274360      75.30952687       8.52925898
859         87.01854843       3.21242865      75.24726323       8.55885655
860         87.36114153       3.33538035      75.47249275       8.55326843
861         88.10546738       3.23840702      76.35118196       8.51587840
862         89.22699203       2.98801786      77.69629752       8.54267666
863         90.08033752       2.81019251      78.70236694       8.56777807
864         90.06196805       2.78088499      78.79373179       8.48735127
865         89.01094257       2.78416946      77.81713201       8.40964110
866         86.90525119       2.69994636      76.02612919       8.17917564
867         84.78799095       2.60127386      74.35543330       7.83128378
868         83.81774090       2.57162998      73.55068106       7.69542986
869         83.72851780       2.62071201      73.46233653       7.64546926
870         83.58099104       2.64830138      73.38291256       7.54977709
871         83.05103631       2.57428467      73.15586122       7.32089041
872         82.21520394       2.40684745      72.80154208       7.00681441
873         81.08920026       2.26367675      72.17114918       6.65437434
874         80.15491979       2.16629206      71.61427522       6.37435251
875         79.56863591       2.10685942      71.26069599       6.20108050
876         79.26336572       2.02618237      71.09909231       6.13809103
877         79.39567066       1.96204857      71.24689345       6.18672865
878         79.79691787       1.93514750      71.57594969       6.28582068
879         80.08305849       1.91216460      71.82087315       6.35002075
880         79.83485427       1.84383581      71.67927908       6.31173937
881         79.25523248       1.68236106      71.32606926       6.24680216
882         78.52539458       1.46944988      70.92084099       6.13510371
883         77.79450231       1.25562791      70.44982228       6.08905213
884         77.25882910       1.16899616      69.98371360       6.10611934
885         76.90692760       1.17608735      69.63889649       6.09194376
886         76.69277355       1.21548297      69.50717255       5.97011804
887         76.75290303       1.20296269      69.70489731       5.84504303
888         77.22627449       1.15363479      70.29863238       5.77400732
889         77.96273529       1.12625727      71.18635886       5.65011916
890         78.79568357       1.13324069      72.16389330       5.49854958
891         79.74007618       1.14306757      73.17013092       5.42687770
892         80.44030336       1.14755282      73.87751925       5.41523128
893         80.70898577       1.20626120      74.12273813       5.37998645
894         80.73835324       1.32109510      74.11864473       5.29861342
895         80.44966127       1.46168557      73.79458147       5.19339423
896         80.00846692       1.54306255      73.37461883       5.09078554
897         79.74744789       1.52886531      73.31768995       4.90089264
898         79.85768122       1.43910424      73.77527569       4.64330129
899         80.46569415       1.36969265      74.72320501       4.37279649
900         81.46985602       1.34473040      75.94877279       4.17635283
901         82.51425744       1.36798021      77.12351803       4.02275920
902         82.84837830       1.45891264      77.58018631       3.80927935
903         82.61305369       1.56268886      77.55503669       3.49532814
904         82.43222540       1.62027892      77.70401238       3.10793410
905         82.32659607       1.68232529      77.94062007       2.70365070
906         81.85707935       1.83114596      77.66480668       2.36112671
907         80.89351241       2.00628341      76.73420571       2.15302329
908         79.91170997       2.09014449      75.78810426       2.03346123
909         78.97163246       2.10249089      74.99419501       1.87494656
910         78.24994897       2.13023836      74.43331107       1.68639954
911         77.69646901       2.16205881      74.00978999       1.52462021
912         77.28018075       2.15003631      73.69134134       1.43880310
913         76.87597924       2.14467285      73.33221485       1.39909154
914         76.57925679       2.18666300      73.01659399       1.37599980
915         76.25848741       2.21648843      72.70463318       1.33736580
916         75.64588728       2.19489535      72.13227285       1.31871909
917         74.83038632       2.17184813      71.34056446       1.31797373
918         73.81342875       2.21201911      70.28846462       1.31294502
919         72.70283046       2.33526816      69.08431899       1.28324332
920         71.44658134       2.56761817      67.68722873       1.19173444
921         70.49728298       2.82982860      66.63126221       1.03619217
922         69.80706725       3.05116072      65.91628309       0.83962345
923         69.47625711       3.12145143      65.67662807       0.67817761
924         69.20974528       2.97676009      65.62322489       0.60976030
925         68.90244759       2.66298096      65.60920604       0.63026059
926         68.50286659       2.33360334      65.44523957       0.72402368
927         67.90239291       2.09311626      64.94223228       0.86704436
928         66.97163129       1.90605327      64.02085962       1.04471840
929         66.04220569       1.76004509      63.01448818       1.26767243
930         65.53751234       1.65467605      62.38507688       1.49775940
931         65.25371860       1.59774760      62.01910800       1.63686300
932         65.14095652       1.56315624      61.86824369       1.70955659
933         65.13794727       1.51894846      61.89148489       1.72751392
934         65.09861099       1.50882498      61.89326020       1.69652581
935         64.36369458       1.54351085      61.17279595       1.64738778
936         63.24687823       1.59307283      60.03174016       1.62206524
937         62.60678087       1.59052674      59.34895445       1.66729968
938         62.73133947       1.45243169      59.54430373       1.73460406
939         63.16299090       1.22820523      60.11863256       1.81615311
940         63.47891329       1.04423414      60.56599942       1.86867973
941         63.50768497       0.92975596      60.71354712       1.86438188
942         62.85952672       0.88936978      60.15714507       1.81301186
943         61.61929956       0.86475379      59.00997657       1.74456920
944         59.97317042       0.83710593      57.50730809       1.62875640
945         58.69877322       0.77579397      56.44459861       1.47838064
946         58.29479429       0.68023536      56.29516881       1.31939011
947         58.41637197       0.56980366      56.67241548       1.17415283
948         58.34744683       0.47756596      56.79333420       1.07654667
949         58.16929350       0.43202076      56.68735223       1.04992051
950         58.21118903       0.41962293      56.78458614       1.00697996
951         58.24641245       0.41361829      56.93818068       0.89461348
952         58.14893068       0.38110922      57.00207901       0.76574245
953         57.84158866       0.32226922      56.81081818       0.70850126
954         57.38583635       0.25472313      56.42025489       0.71085833
955         57.07370725       0.18512026      56.13863577       0.74995122
956         57.19599712       0.14000027      56.22245677       0.83354008
957         57.82462979       0.14252193      56.72068876       0.96141910
958         58.81608995       0.18515016      57.57676318       1.05417661
959         59.74960382       0.24580429      58.43283109       1.07096844
960         60.41699284       0.31402210      59.06082887       1.04214187
961         60.48901650       0.37094266      59.08032344       1.03775040
962         60.09277978       0.38765766      58.61007153       1.09505059
963         59.27829794       0.34757644      57.72436545       1.20635605
964         58.17386857       0.30454933      56.58588192       1.28343733
965         56.96775866       0.30002299      55.34747259       1.32026309
966         55.62960988       0.36226973      53.92100203       1.34633812
967         54.44695831       0.44297493      52.65900841       1.34497497
968         53.66115165       0.46735056      51.84231583       1.35148525
969         53.28523643       0.43068914      51.44220545       1.41234183
970         53.07129396       0.37221027      51.20192371       1.49715998
971         52.58942134       0.31683949      50.71020364       1.56237820
972         51.86727136       0.27130385      49.96422988       1.63173763
973         50.96970381       0.24319178      49.02593563       1.70057640
974         49.88125866       0.23981380      47.88949537       1.75194949
975         48.64280486       0.26492439      46.59615494       1.78172553
976         47.39107821       0.33733380      45.23702123       1.81672318
977         46.41151940       0.44266490      44.07899085       1.88986366
978         45.92057209       0.51044956      43.36912754       2.04099499
979         45.87707434       0.49751216      43.11247104       2.26709114
980         45.91772238       0.44110544      42.92715420       2.54946274
981         45.91619663       0.38833038      42.69029729       2.83756895
982         45.87761907       0.35697324      42.33403136       3.18661446
983         45.58214737       0.36924530      41.74997801       3.46292406
984         45.35229865       0.43927245      41.26584741       3.64717879
985         45.32800428       0.56781757      41.05420873       3.70597798
986         45.47777872       0.72490638      41.16175619       3.59111615
987         45.73800348       0.78559973      41.41719436       3.53520939
988         45.84294668       0.71952837      41.56660537       3.55681295
989         45.79698333       0.61606267      41.56294614       3.61797452
990         45.67735784       0.52433460      41.61946149       3.53356176
991         45.60942593       0.46476337      41.73978987       3.40487268
992         45.50919965       0.45747310      41.68632859       3.36539795
993         45.15382619       0.54927965      41.08197240       3.52257414
994         44.72769748       0.75496623      40.17026225       3.80246900
995         44.51332932       1.05374372      39.44508308       4.01450252
996         44.47378990       1.35399731      39.01113052       4.10866207
997         44.64847359       1.61990140      38.82199708       4.20657512
998         44.82147506       1.84873566      38.60499586       4.36774354
999         44.62588353       2.06303445      38.03057865       4.53227043
1000        43.98734363       2.29897688      37.05614157       4.63222517
