1           -6.37776278      -0.14646189      -0.62379177
2           -6.33037039      -0.08962700      -0.58496382
3           -6.29273943      -0.02747869      -0.53820080
4           -6.26145407       0.00444269      -0.48162698
5           -6.22133752       0.03845881      -0.39636062
6           -6.17827677       0.08241408      -0.31692345
7           -6.13778695       0.13730526      -0.24003630
8           -6.13876602       0.19900531      -0.15916867
9           -6.17609467       0.26147483      -0.06162958
10          -6.22344780       0.31003750       0.02413037
11          -6.23462638       0.33803988       0.09388168
12          -6.19925312       0.35314561       0.15064280
13          -6.13467742       0.34797594       0.20417646
14          -6.09216889       0.33329804       0.25069100
15          -6.09831590       0.32822548       0.27183930
16          -6.13402944       0.33820559       0.26506327
17          -6.18189072       0.34529804       0.26153284
18          -6.21710408       0.34616910       0.28835358
19          -6.23453182       0.34797293       0.32253813
20          -6.23131084       0.35179210       0.33200260
21          -6.21966387       0.38219836       0.32059516
22          -6.19964603       0.42167028       0.30766775
23          -6.15843241       0.42908030       0.29092650
24          -6.13952381       0.37940749       0.26141119
25          -6.17286150       0.30947709       0.23660264
26          -6.21413692       0.25480505       0.22283212
27          -6.23025571       0.20495850       0.21986269
28          -6.23034290       0.17322907       0.22829697
29          -6.22928654       0.16459531       0.22001252
30          -6.22999118       0.17748100       0.21388060
31          -6.21822803       0.21581075       0.22233234
32          -6.20929826       0.24426785       0.22677390
33          -6.20040664       0.24398082       0.22180626
34          -6.17172514       0.22791329       0.21444145
35          -6.11223860       0.20627042       0.20992097
36          -6.03819479       0.18474176       0.22610462
37          -5.95934713       0.17382801       0.26285382
38          -5.89034005       0.18573199       0.28282638
39          -5.83065401       0.21793481       0.28478436
40          -5.78857129       0.25707329       0.28485511
41          -5.76354523       0.30424842       0.28729804
42          -5.76632415       0.34157306       0.30966089
43          -5.76401709       0.35262433       0.34429404
44          -5.73989545       0.34494057       0.36765235
45          -5.68340589       0.34597177       0.36453456
46          -5.58940935       0.34583098       0.35019262
47          -5.49332551       0.32920906       0.35126091
48          -5.39725525       0.31215242       0.35409289
49          -5.29841147       0.30461422       0.35704487
50          -5.21165990       0.30864446       0.37516583
51          -5.16707198       0.32500323       0.39904330
52          -5.16942060       0.35720185       0.40950170
53          -5.19171874       0.40107212       0.40132926
54          -5.21617534       0.46521495       0.39580392
55          -5.22722633       0.52883861       0.40790419
56          -5.21930280       0.57779368       0.41357669
57          -5.19869982       0.61828268       0.40226786
58          -5.17370127       0.65329807       0.38058523
59          -5.15936631       0.67307504       0.36219657
60          -5.16354192       0.68153981       0.33973229
61          -5.17711439       0.69194985       0.31837822
62          -5.20966279       0.70045895       0.31677439
63          -5.28185293       0.68753574       0.34890293
64          -5.36572678       0.64674433       0.40446582
65          -5.42185193       0.61085294       0.46751682
66          -5.45119761       0.61532296       0.52280476
67          -5.46284086       0.65327967       0.55989362
68          -5.46713001       0.68974000       0.57801196
69          -5.47366752       0.70930970       0.59608758
70          -5.49728774       0.72834077       0.63009812
71          -5.52256320       0.76402792       0.67011742
72          -5.52388310       0.79904003       0.69826391
73          -5.51649313       0.80236003       0.69736049
74          -5.51521340       0.77653764       0.67128621
75          -5.53314315       0.73326678       0.63275654
76          -5.55885113       0.70173358       0.60279790
77          -5.58190143       0.69772949       0.57427442
78          -5.59797768       0.69736024       0.52827605
79          -5.60752828       0.67995084       0.45574043
80          -5.63819452       0.65158298       0.37421616
81          -5.67753707       0.64653128       0.30925882
82          -5.70901162       0.66255666       0.27793856
83          -5.72084079       0.67179851       0.27069726
84          -5.70987152       0.67370817       0.27985709
85          -5.69315721       0.66489520       0.31240274
86          -5.70553444       0.64186906       0.36852859
87          -5.75669305       0.60917221       0.43718631
88          -5.81154858       0.57841689       0.49057363
89          -5.86580418       0.56905999       0.51744195
90          -5.94704617       0.61985016       0.51091554
91          -6.03014634       0.69055466       0.46822816
92          -6.06891008       0.76500150       0.41324175
93          -6.03469333       0.86978398       0.39346864
94          -5.96737289       0.98968417       0.41218616
95          -5.92947342       1.06633163       0.43571361
96          -5.93139034       1.08230638       0.44007595
97          -5.94494667       1.06152665       0.42888864
98          -5.94362949       1.03721914       0.43506888
99          -5.93902464       1.03073607       0.44485737
100         -5.96100157       1.03605857       0.43190357
101         -6.00934786       1.04209554       0.40568887
102         -6.06770554       1.04175372       0.39908814
103         -6.10872890       1.05200208       0.41424552
104         -6.11041683       1.08907891       0.41203899
105         -6.07661041       1.13656626       0.37400427
106         -6.01772406       1.17988124       0.31345341
107         -5.96163578       1.21414589       0.25863465
108         -5.91373487       1.24752072       0.21327841
109         -5.86902818       1.27487098       0.18735549
110         -5.84146755       1.30414709       0.16353880
111         -5.82903096       1.33134971       0.12010997
112         -5.81355177       1.38084016       0.06648386
113         -5.81669422       1.46879362       0.01328869
114         -5.84563317       1.56170502      -0.01399872
115         -5.86491438       1.60618404      -0.03275060
116         -5.85099951       1.60353422      -0.05491023
117         -5.80232061       1.61429701      -0.07821813
118         -5.74168050       1.63895816      -0.09930047
119         -5.68308698       1.65860222      -0.13036736
120         -5.65185856       1.65336421      -0.14116344
121         -5.65739075       1.65528236      -0.13943405
122         -5.68769955       1.69172739      -0.13791085
123         -5.70955512       1.74079717      -0.14358746
124         -5.70719907       1.77522037      -0.12432221
125         -5.65903859       1.78629581      -0.07964669
126         -5.57797286       1.76725199      -0.02012026
127         -5.50377540       1.74139174       0.05334895
128         -5.45668249       1.74790928       0.12459093
129         -5.43176740       1.77925167       0.18975182
130         -5.43349720       1.82123408       0.24419765
131         -5.46651169       1.88199810       0.28782528
132         -5.51470349       1.96395765       0.31101075
133         -5.54750774       2.04568446       0.34539474
134         -5.54707681       2.08757766       0.41194704
135         -5.51132300       2.10585061       0.49211423
136         -5.47009744       2.13615910       0.58260583
137         -5.43182386       2.19071502       0.66932938
138         -5.38331007       2.27878701       0.72519703
139         -5.31981292       2.34716680       0.77195032
140         -5.24049287       2.39528132       0.81115221
141         -5.16720085       2.43555115       0.83245447
142         -5.05741993       2.41808918       0.90642653
143         -6.91852313       3.76436274       0.12632756
144         -6.86818292       3.84387110       0.20834505
145         -6.80146311       3.87369581       0.25399665
146         -6.73570800       3.84688524       0.25621115
147         -6.67759488       3.79862365       0.23772665
148         -6.62491118       3.74923078       0.22594791
149         -6.60813877       3.71597481       0.23894300
150         -6.61246038       3.67589582       0.25497012
151         -6.63814969       3.66742061       0.27905586
152         -6.65706171       3.67542489       0.31521228
153         -6.67807645       3.68143907       0.37467243
154         -6.67419600       3.66807043       0.43567295
155         -6.62381773       3.63733488       0.46271581
156         -6.51751771       3.60888612       0.44914130
157         -6.40631253       3.59042051       0.41670897
158         -6.34486679       3.58068341       0.39081437
159         -6.31945491       3.59298816       0.38036543
160         -6.32190087       3.60797044       0.39683795
161         -6.34341963       3.59603203       0.43700196
162         -6.37501916       3.54778494       0.49299169
163         -6.39126359       3.46310184       0.54522349
164         -6.37744355       3.35720435       0.58700768
165         -6.32035950       3.27385259       0.58888034
166         -6.22305559       3.25827679       0.56232528
167         -6.09814988       3.26289838       0.50425111
168         -5.96400234       3.28138919       0.43060784
169         -5.87153335       3.34401792       0.36876367
170         -5.82847693       3.43535681       0.32907480
171         -5.80910929       3.50644770       0.30351683
172         -5.80962668       3.55458818       0.32516899
173         -5.81097925       3.60011215       0.41367983
174         -5.78600893       3.66928135       0.48106775
175         -5.74949592       3.77165134       0.51559032
176         -5.72232514       3.88809453       0.50499787
177         -5.68521673       3.99880682       0.47159896
178         -5.64359244       4.09338560       0.46765351
179         -5.59628465       4.19676797       0.50152729
180         -5.55398257       4.29850899       0.55625156
181         -5.51020231       4.38595425       0.60536005
182         -5.45467729       4.46413736       0.66135042
183         -5.38942583       4.55347481       0.72113125
184         -5.32096693       4.62723651       0.75115491
185         -5.22906186       4.67666372       0.73845394
186         -5.12100427       4.68167606       0.69843505
187         -5.03179662       4.69045172       0.65429416
188         -4.96496520       4.75041285       0.61366809
189         -4.92856562       4.82200007       0.60916035
190         -4.90713212       4.90130890       0.64298820
191         -4.88495217       4.99013815       0.69994782
192         -4.87459648       5.07826789       0.77367080
193         -4.89528267       5.13783637       0.85005546
194         -4.91609449       5.17685497       0.90712503
195         -4.94646293       5.19979806       0.91539235
196         -4.99532216       5.21674572       0.88253386
197         -5.03898110       5.22413430       0.88824469
198         -5.06335930       5.22620013       0.95360965
199         -5.09742741       5.23840719       1.01529715
200         -5.13461312       5.24436709       1.05353573
201         -5.15156080       5.23040743       1.10314422
202         -5.17050298       5.20442207       1.18875014
203         -5.19899870       5.19137655       1.26761497
204         -5.21669552       5.17342108       1.31280840
205         -5.25294538       5.17073704       1.34255999
206         -5.34957932       5.17896789       1.37577684
207         -5.47900440       5.19393861       1.40521759
208         -5.60911201       5.21165823       1.42800444
209         -5.71459420       5.23008569       1.44992925
210         -5.77872415       5.25050987       1.48730101
211         -5.81242871       5.26715855       1.54853380
212         -5.83417886       5.24469786       1.57378023
213         -5.80813510       5.18718218       1.53841384
214         -5.75413445       5.13959347       1.47155216
215         -5.76484477       5.11762368       1.40455942
216         -5.84821727       5.14317027       1.36006233
217         -5.94899591       5.20787107       1.32780789
218         -6.02517841       5.27429078       1.28190886
219         -6.07218072       5.30878570       1.22408772
220         -6.08918026       5.31342039       1.17563917
221         -6.07804596       5.31838635       1.14606027
222         -6.06884352       5.34518253       1.13440832
223         -6.06569891       5.37504833       1.12853441
224         -6.05651607       5.38332911       1.12478755
225         -6.04547635       5.36714439       1.13020750
226         -6.05486175       5.34821549       1.15634951
227         -6.03917442       5.33445457       1.20104372
228         -5.98609704       5.31206469       1.27137669
229         -5.90308137       5.28662095       1.33014783
230         -5.83824816       5.25116826       1.35918055
231         -5.77953309       5.22508317       1.35007258
232         -5.73038095       5.21401286       1.30132553
233         -5.72690495       5.21645383       1.24934925
234         -5.76944913       5.24759660       1.21524763
235         -5.82713176       5.30070541       1.20131788
236         -5.86203426       5.32736713       1.18737926
237         -5.87229957       5.30614257       1.14433261
238         -5.86899950       5.26253218       1.10949178
239         -5.85270016       5.21497405       1.13621765
240         -5.81850316       5.19199813       1.23053712
241         -5.79211108       5.19191094       1.35795558
242         -5.77688057       5.21414130       1.48656713
243         -5.75780726       5.23543402       1.58164257
244         -5.73187893       5.21796461       1.62250274
245         -5.72403270       5.18085034       1.60091621
246         -5.76409551       5.17411691       1.55893379
247         -5.83285522       5.21243058       1.53942024
248         -5.88213843       5.27492361       1.53954254
249         -5.93194265       5.34366439       1.56672501
250         -5.95670922       5.37189344       1.55417190
251         -5.99223689       5.36343625       1.50350457
252         -6.03815024       5.37041041       1.46217772
253         -6.40350090       7.48200330       2.88001479
254         -6.33546222       7.48897152       2.84084645
255         -6.25509304       7.52310221       2.80694441
256         -6.17952486       7.59187776       2.82279536
257         -6.12203943       7.63720264       2.85442147
258         -6.06674759       7.65939013       2.85084426
259         -6.01947063       7.66375019       2.81321484
260         -5.98969771       7.66383806       2.75751777
261         -5.97744968       7.67285347       2.71231160
262         -5.97137973       7.68946506       2.70625194
263         -5.96582446       7.71157922       2.71681512
264         -5.95441732       7.72710710       2.69678503
265         -5.93939660       7.75170154       2.64160797
266         -5.91522757       7.76814891       2.58795938
267         -5.89957725       7.79579259       2.55848236
268         -5.88454562       7.84386541       2.54599614
269         -5.82998534       7.89792468       2.53048318
270         -5.71611223       7.97597799       2.52133677
271         -5.59909369       8.04958748       2.54116984
272         -5.51865411       8.06825510       2.57450296
273         -5.50512177       8.03017093       2.56999292
274         -5.52632278       7.99314628       2.52506541
275         -5.56209152       7.99420138       2.45929400
276         -5.59008907       8.00972028       2.39167528
277         -5.59142763       8.01263284       2.35118858
278         -5.54768921       8.02403251       2.35062225
279         -5.46484735       8.05175780       2.37502876
280         -5.36672581       8.08836758       2.38730938
281         -5.28072868       8.09861444       2.36695972
282         -5.23572660       8.05618657       2.31300665
283         -5.22392168       7.99136915       2.25730939
284         -5.19872926       7.93559259       2.22664808
285         -5.14568791       7.89402583       2.21700312
286         -5.07907338       7.85751600       2.22065335
287         -5.02058640       7.81702655       2.22116435
288         -4.96457224       7.77655623       2.20111644
289         -4.90428727       7.73003118       2.16614223
290         -4.83341230       7.67435760       2.13711454
291         -4.78310721       7.63113560       2.13222194
292         -4.76934341       7.61113170       2.13071346
293         -4.78716440       7.60100113       2.12027107
294         -4.82735762       7.58063276       2.08030427
295         -4.86280680       7.55349337       2.00209284
296         -4.88240463       7.51962087       1.90469307
297         -4.88200108       7.48299147       1.84970977
298         -4.88387283       7.43936474       1.85741103
299         -4.88808664       7.39122929       1.89688824
300         -4.88210571       7.35478910       1.94652780
301         -4.86685221       7.34205571       1.98594753
302         -4.84643939       7.35531338       2.01899262
303         -4.82953368       7.37678301       2.03950283
304         -4.82828811       7.38645260       2.05014030
305         -4.85418472       7.37946898       2.02140472
306         -4.90767674       7.35303436       1.94791898
307         -4.97303757       7.32995226       1.88056101
308         -5.02966913       7.32988046       1.83071199
309         -5.05427936       7.34316776       1.76858895
310         -5.04259108       7.36428103       1.69166539
311         -4.99284755       7.39102842       1.62869689
312         -4.92701097       7.41714562       1.59865974
313         -4.89784337       7.43097916       1.59865803
314         -4.92777930       7.42826620       1.60114938
315         -5.00440548       7.41090266       1.58783650
316         -5.09198189       7.39060116       1.55880842
317         -5.15952399       7.36851839       1.49362263
318         -5.20451474       7.33345311       1.41138183
319         -5.24792882       7.29124986       1.31455246
320         -5.27166372       7.26244665       1.22618698
321         -5.21927446       7.24745761       1.16894401
322         -5.11895888       7.21879467       1.13833987
323         -5.01240332       7.16539140       1.11602390
324         -4.93866352       7.09953682       1.12719123
325         -4.94536446       7.02284185       1.18534661
326         -4.99670528       6.92500356       1.26551088
327         -5.05745525       6.82709904       1.33614048
328         -5.12765044       6.77711023       1.39740240
329         -5.21003613       6.77530941       1.45063104
330         -5.29553254       6.78071919       1.49462208
331         -5.37289236       6.77584707       1.55011437
332         -5.43228364       6.77032079       1.61052618
333         -5.44178603       6.76137105       1.65112663
334         -5.43455289       6.73488724       1.67508966
335         -5.41918142       6.67912199       1.68083888
336         -5.40261944       6.61284953       1.66186589
337         -5.37285684       6.54593908       1.62552314
338         -5.31367295       6.50159976       1.59506688
339         -5.21266061       6.48281145       1.60127882
340         -5.08950100       6.46624059       1.61190055
341         -4.98639083       6.43843160       1.58771586
342         -4.94665426       6.40890899       1.55282174
343         -4.96439719       6.38520203       1.51536467
344         -4.99733504       6.37488763       1.48157470
345         -5.03204396       6.38510842       1.45289440
346         -5.05933194       6.41808356       1.45597737
347         -5.06446649       6.45414346       1.48501964
348         -5.05470224       6.47424291       1.53696067
349         -5.05526283       6.48044832       1.58825624
350         -5.06272726       6.48798258       1.60894239
351         -5.05453354       6.50599826       1.59901583
352         -5.02408754       6.49706270       1.57075990
353         -4.96986270       6.44234356       1.54771813
354         -4.88339924       6.36023428       1.52050424
355         -4.76937924       6.26676540       1.48859191
356         -4.65253783       6.17212139       1.43757607
357         -4.54779260       6.08384312       1.39391943
358         -4.46810400       6.00547194       1.38793498
359         -4.42318355       5.94468128       1.40774042
360         -4.39227890       5.89126419       1.43650308
361         -4.35685851       5.82752862       1.48626775
362         -4.32760015       5.76039090       1.53627075
363         -4.30695246       5.71618413       1.55437123
364         -4.28062853       5.71760784       1.55554302
365         -4.24155518       5.74894823       1.55059810
366         -4.19231687       5.80394588       1.54608624
367         -4.15095307       5.85435410       1.51657303
368         -4.12817784       5.88474010       1.47156743
369         -4.13981389       5.88449039       1.43602235
370         -4.17384587       5.83879333       1.42949797
371         -4.20110402       5.77467205       1.42946350
372         -4.17604300       5.74462997       1.42811179
373         -4.10725510       5.74721437       1.41078468
374         -4.03628117       5.74492197       1.38760281
375         -3.98079897       5.72315474       1.37563632
376         -3.95478463       5.68197302       1.38403708
377         -3.95678755       5.62183716       1.40483721
378         -3.98441805       5.56001594       1.43190327
379         -4.02832342       5.51902671       1.46393837
380         -4.07203655       5.49578425       1.48433053
381         -4.10193474       5.46552958       1.47463527
382         -4.11711517       5.42803146       1.46511101
383         -4.08842795       5.39354034       1.49383245
384         -4.01940801       5.37831982       1.54187077
385         -3.94440080       5.37816074       1.57518699
386         -3.88413146       5.37558399       1.57135696
387         -3.83610310       5.37439594       1.56155845
388         -3.77703322       5.37016713       1.55962772
389         -3.71605441       5.34443016       1.55875762
390         -3.65047008       5.28795870       1.54043355
391         -3.59752242       5.21455207       1.52115931
392         -3.54219739       5.16648668       1.50103329
393         -3.50031388       5.15626128       1.48141269
394         -3.46819004       5.17174886       1.46064601
395         -3.42388035       5.20003759       1.45897923
396         -3.35126851       5.21544261       1.45506965
397         -3.25170576       5.21277821       1.42970796
398         -3.15292626       5.19940185       1.38155593
399         -3.08400990       5.19570791       1.32283664
400         -3.05737356       5.19919324       1.28114624
401         -3.04972110       5.19306131       1.23275296
402         -3.03630540       5.15437633       1.18243181
403         -3.01202669       5.10365406       1.15388566
404         -2.99172464       5.06193772       1.13474762
405         -2.98281012       5.02565031       1.10920800
406         -2.99203528       4.98822467       1.07641849
407         -3.02013900       4.95493098       1.01254413
408         -3.05307285       4.92679997       0.93283210
409         -3.08736545       4.89154642       0.83842452
410         -3.12292574       4.84359880       0.74175714
411         -3.16955817       4.78842327       0.69015472
412         -3.21742036       4.73477862       0.66473380
413         -3.26602037       4.69389150       0.65274493
414         -3.29408263       4.67775746       0.65781180
415         -3.28109641       4.67360258       0.69276565
416         -3.23678922       4.67629011       0.74085218
417         -3.19090446       4.68774186       0.78358639
418         -3.16301673       4.69616801       0.79049018
419         -3.15343974       4.69987557       0.73582767
420         -3.15660828       4.70855840       0.64253512
421         -3.14797461       4.72591332       0.56289367
422         -3.13354323       4.71815708       0.54160855
423         -3.15217749       4.67703002       0.58343788
424         -3.20156359       4.63988256       0.65227882
425         -3.25783164       4.63445943       0.72331948
426         -3.29679389       4.66215630       0.75949218
427         -3.28533326       4.71488322       0.73716726
428         -3.22185746       4.75706390       0.69046372
429         -3.13893056       4.78221812       0.67182677
430         -3.09156402       4.80202175       0.70443845
431         -3.08411224       4.82265697       0.76361226
432         -3.08084439       4.83013032       0.81820226
433         -3.05536636       4.81251953       0.85646848
434         -3.01314044       4.76610594       0.89241885
435         -2.96388254       4.71885504       0.93700424
436         -2.90919241       4.69930258       0.99153866
437         -2.87299191       4.71600158       1.00861946
438         -2.86333121       4.77262799       0.99210644
439         -2.87823010       4.83071285       0.97931078
440         -2.90159164       4.86851705       0.97835863
441         -2.91506319       4.88006678       0.99777113
442         -2.90681414       4.86346860       1.00922652
443         -2.87143988       4.82254587       1.00358128
444         -2.82668816       4.76878613       0.98514706
445         -2.80204514       4.72037491       0.97570416
446         -2.80202921       4.68856942       0.96542050
447         -2.78815166       4.67116379       0.90849684
448         -2.77140391       4.63201836       0.80807969
449         -2.78158756       4.58377812       0.74331103
450         -2.82031575       4.53610500       0.78143864
451         -2.86038815       4.47250539       0.85888947
452         -2.87175586       4.39342991       0.90307263
453         -2.86498139       4.30871472       0.90566614
454         -2.87857637       4.23032100       0.89326461
455         -2.91359706       4.17719137       0.85262350
456         -2.94269304       4.16373531       0.79129113
457         -2.94851802       4.17051370       0.72412425
458         -2.93401353       4.18365331       0.69120163
459         -2.90418690       4.18869978       0.71022445
460         -2.86374420       4.18194623       0.78455151
461         -2.83300419       4.17143351       0.86843187
462         -2.81044011       4.17278288       0.92173683
463         -2.79331157       4.18482352       0.92790714
464         -2.77346190       4.18363486       0.87824304
465         -2.75010888       4.16544084       0.82028299
466         -2.74421691       4.13557838       0.78653781
467         -2.74825510       4.11812146       0.79334507
468         -2.77348202       4.13374511       0.85918013
469         -2.81501208       4.19900731       0.97356513
470         -2.84885570       4.28676659       1.08364300
471         -2.83221144       4.38388402       1.16144895
472         -2.77937855       4.50135280       1.18485131
473         -2.74823224       4.60482363       1.18321660
474         -2.74795924       4.66110429       1.17347655
475         -2.79373788       4.66079783       1.15757217
476         -2.83529743       4.66423989       1.11478701
477         -2.81296078       4.69910364       1.04142515
478         -2.76929664       4.77011399       0.99501401
479         -2.77379280       4.83934439       0.99298313
480         -2.83630017       4.87833099       1.02488212
481         -2.89415790       4.90885625       1.04225704
482         -2.92756311       4.92995639       1.05888310
483         -2.94474436       4.96056786       1.06422231
484         -2.97069726       4.98988896       1.05917989
485         -2.99854462       5.00241331       1.02883821
486         -3.00924728       4.98465829       0.99957318
487         -3.00474682       4.95379095       0.98910979
488         -2.99138369       4.94087203       0.98834901
489         -2.96478949       4.95641206       1.01366442
490         -2.92879590       5.00751867       1.05982580
491         -2.88672308       5.07237521       1.10730618
492         -2.82591243       5.11944493       1.13894654
493         -2.77104155       5.15120297       1.16423460
494         -2.71610318       5.18340049       1.17411484
495         -2.65263673       5.21713014       1.15168489
496         -2.58706539       5.23804206       1.09769642
497         -2.54759616       5.22547955       1.05036870
498         -2.54220262       5.17616897       1.04088651
499         -2.56270407       5.11208659       1.08624955
500         -2.61596973       5.04347190       1.15384082
501         -2.67704723       4.97151099       1.19060427
502         -2.70845395       4.91192840       1.17055103
503         -2.68918880       4.88082522       1.11459954
504         -2.62075841       4.87591850       1.06659925
505         -2.53607499       4.86644537       1.03817972
506         -2.46696582       4.83670511       1.06965998
507         -2.44347889       4.80797399       1.16479412
508         -2.42927960       4.80267179       1.27434656
509         -2.40480466       4.80213190       1.35944205
510         -2.39019840       4.80233166       1.43123346
511         -2.39855606       4.81332364       1.50312344
512         -2.42661066       4.84515823       1.54297253
513         -2.46509373       4.88277935       1.53995847
514         -2.52107797       4.91119662       1.48445730
515         -2.57920374       4.94501897       1.39946529
516         -2.62620293       4.99862520       1.30080201
517         -2.67161100       5.06669635       1.21810120
518         -2.72473068       5.13228429       1.17602504
519         -2.77405403       5.19369465       1.17962666
520         -2.78912189       5.25688407       1.20875337
521         -2.77537451       5.31868800       1.24352894
522         -2.76216039       5.38961544       1.26440810
523         -2.76005024       5.49119898       1.27725785
524         -2.75162388       5.60557335       1.29642603
525         -2.74045498       5.71537747       1.29876909
526         -2.75123000       5.80494849       1.28323668
527         -2.80482636       5.84754488       1.28253668
528         -2.88550857       5.82774234       1.33549389
529         -2.96227151       5.77445228       1.40251548
530         -3.00471456       5.73783477       1.40501225
531         -3.01246806       5.70687247       1.35328693
532         -3.01086985       5.65377013       1.30853930
533         -2.97489792       5.60004479       1.32511951
534         -2.89813961       5.55700095       1.39121214
535         -2.81973491       5.51920562       1.45547864
536         -2.74285773       5.49501589       1.50764597
537         -2.66981931       5.48946661       1.55940556
538         -2.63836434       5.51351395       1.60312149
539         -2.64805710       5.57036009       1.63028553
540         -2.67602059       5.65158367       1.63201066
541         -2.68643454       5.74165007       1.60318482
542         -2.66772301       5.82423296       1.56695173
543         -2.63592493       5.91155604       1.51454454
544         -2.61449708       6.00500525       1.47529550
545         -2.61223569       6.09324983       1.43790765
546         -2.63733139       6.16597989       1.41059603
547         -2.69156514       6.21841183       1.39247472
548         -2.75178724       6.24443289       1.39627561
549         -2.79168463       6.25827172       1.42598880
550         -2.81688393       6.28071848       1.46297552
551         -2.85357144       6.29820640       1.49590770
552         -2.89652272       6.31230520       1.50142820
553         -2.93339655       6.33058466       1.49226664
554         -2.96330456       6.36022382       1.45343651
555         -3.00933647       6.37244628       1.38489129
556         -3.08813237       6.35171950       1.29526347
557         -3.19693467       6.31709603       1.21480193
558         -3.30126577       6.30692311       1.16951629
559         -3.36675535       6.31562473       1.18048094
560         -3.39879663       6.33882222       1.23033114
561         -3.42444447       6.35498903       1.29300501
562         -3.45516245       6.37225950       1.32167957
563         -3.45597178       6.40424655       1.31829865
564         -3.43756929       6.44155137       1.31452873
565         -3.41605810       6.46494908       1.32346550
566         -3.40863111       6.48891311       1.33351588
567         -3.41203431       6.51042746       1.34065588
568         -3.43241428       6.50627892       1.32971426
569         -3.46955769       6.47528046       1.32126888
570         -3.52417955       6.43780301       1.33244968
571         -3.58973477       6.40953477       1.34924424
572         -3.66845830       6.40371313       1.35319287
573         -3.75593834       6.40436344       1.31343656
574         -3.81594895       6.38010207       1.23341396
575         -3.81539877       6.32903940       1.13905094
576         -3.77075502       6.28092637       1.07754083
577         -3.72940815       6.24486849       1.03483677
578         -3.71214833       6.20725191       1.00588618
579         -3.72894171       6.17761802       0.99093150
580         -3.74260259       6.17590195       1.00561006
581         -3.74994851       6.20787444       1.04843455
582         -3.77889436       6.24507197       1.07809967
583         -3.83227682       6.27927163       1.08240849
584         -3.90776802       6.31836886       1.07303484
585         -3.98856948       6.38527268       1.06459687
586         -4.07138666       6.45376180       1.05228746
587         -4.12365360       6.48719303       1.04815401
588         -4.14167232       6.47654225       1.04389764
589         -4.14080198       6.42665555       1.04407345
590         -4.16431173       6.36386067       1.04042453
591         -4.22924977       6.31014918       1.00875095
592         -4.31418086       6.25745468       0.94630847
593         -4.38752853       6.20920302       0.87479468
594         -4.42085056       6.18437483       0.81750383
595         -4.42936184       6.18656936       0.78249173
596         -4.41662616       6.19444461       0.77014620
597         -4.38699936       6.20031994       0.76569838
598         -4.34298378       6.22359931       0.74062470
599         -4.30118767       6.26492895       0.68533460
600         -4.25253990       6.28000535       0.62295292
601         -4.19538342       6.24022832       0.56743357
602         -4.14544019       6.16455183       0.52200704
603         -4.12394850       6.10109758       0.49340149
604         -4.11799941       6.06583606       0.50005456
605         -4.10251274       6.07583388       0.53533008
606         -4.09339867       6.13499109       0.58916543
607         -4.11789659       6.24499448       0.64714348
608         -4.20221839       6.34636684       0.69212090
609         -4.31015742       6.42765212       0.73748021
610         -4.41074733       6.51000792       0.79447783
611         -4.48557738       6.60167411       0.83844137
612         -4.55678417       6.68605996       0.86755426
613         -4.62352144       6.75789565       0.90158502
614         -4.68498148       6.81193996       0.95143123
615         -4.73506911       6.85201530       1.01571581
616         -4.76213816       6.89831049       1.07727199
617         -4.75025180       6.95116231       1.13779564
618         -4.69197049       6.98259964       1.20840331
619         -4.60655520       6.98373314       1.29145359
620         -4.53286792       6.96171402       1.37432391
621         -4.51572994       6.94000999       1.42447102
622         -4.51296356       6.95269949       1.43319457
623         -4.48566423       6.98908256       1.40434842
624         -4.43911721       7.01459217       1.36694551
625         -4.39253866       7.03118728       1.33628120
626         -4.33672099       7.03521426       1.31088597
627         -4.25094702       7.02134338       1.27877894
628         -4.16316818       7.02092561       1.25783233
629         -4.11417294       7.03221660       1.26171325
630         -4.09802486       7.02583101       1.26499098
631         -4.09117346       6.99629108       1.24990222
632         -4.07908124       6.95328853       1.23285180
633         -4.06062342       6.88927033       1.23058343
634         -4.01844536       6.78757971       1.24804626
635         -4.00144626       6.66608782       1.25964915
636         -4.03439211       6.56274684       1.24348204
637         -4.09060799       6.50758392       1.21969194
638         -4.12974690       6.48392955       1.19727208
639         -4.13947388       6.46861764       1.19107729
640         -4.11561759       6.45099039       1.17255864
641         -4.08605826       6.42611324       1.15565483
642         -4.09116401       6.41900085       1.18288428
643         -4.13062792       6.43895747       1.25198467
644         -4.18069897       6.47480190       1.30774570
645         -4.19316593       6.50576614       1.30952319
646         -4.15572881       6.52824345       1.27381676
647         -4.08573986       6.55021970       1.22736686
648         -4.01118764       6.58268896       1.20225285
649         -3.95235515       6.62123280       1.20319463
650         -3.93907626       6.65265486       1.20113802
651         -3.95849225       6.67152372       1.19263235
652         -3.98544675       6.68799753       1.19601124
653         -4.00662270       6.70910723       1.20493895
654         -4.02414768       6.73403796       1.21663522
655         -4.03133844       6.76499799       1.23514222
656         -4.00922633       6.79286268       1.23859769
657         -3.97056700       6.79624432       1.20222633
658         -3.91252856       6.76768271       1.13405906
659         -3.84807232       6.72696451       1.07166203
660         -3.80400717       6.71541909       1.01141515
661         -3.80481113       6.72330653       0.96992880
662         -3.84123686       6.74200872       0.96594006
663         -3.87252938       6.75311280       0.99678987
664         -3.90098487       6.77799808       1.03186641
665         -3.94166262       6.82597260       1.04890319
666         -3.98484559       6.84901018       1.06238728
667         -4.02804425       6.81476781       1.05500469
668         -4.08323212       6.74868952       1.01741992
669         -4.15163235       6.71910470       0.96738963
670         -4.22221938       6.71898078       0.93115969
671         -4.28266801       6.72752501       0.91344576
672         -4.32374679       6.74630996       0.92886197
673         -4.35691491       6.78481112       0.99387849
674         -4.37719090       6.83120766       1.07949939
675         -4.36949282       6.87211661       1.12854624
676         -4.35967763       6.90152607       1.12925141
677         -4.37351067       6.91175052       1.09850116
678         -4.40303130       6.89496162       1.07416089
679         -4.42769867       6.85650038       1.09389762
680         -4.43373461       6.83853256       1.15056847
681         -4.41164463       6.84799612       1.22480081
682         -4.35367937       6.88352900       1.28937339
683         -4.29433099       6.91918798       1.36101541
684         -4.27133649       6.96137374       1.41508727
685         -4.29012883       7.03022673       1.43603746
686         -4.32567338       7.13132561       1.42800329
687         -4.33991353       7.23152962       1.40923229
688         -4.33275537       7.30251426       1.41508866
689         -4.31562598       7.33385395       1.46179245
690         -4.27151291       7.31204810       1.54247684
691         -4.20295109       7.27036372       1.61093801
692         -4.14888604       7.22991946       1.64985090
693         -4.14605488       7.20423119       1.66370229
694         -4.17606654       7.20217919       1.66459411
695         -4.20940873       7.20733798       1.62348793
696         -4.23901856       7.21861412       1.54848699
697         -4.28034962       7.22407467       1.48557453
698         -4.31827894       7.17357570       1.47550936
699         -4.33727490       7.05994909       1.50973946
700         -4.36790366       6.92838343       1.54841619
701         -4.40064869       6.82719921       1.59398284
702         -4.41619946       6.76698771       1.64388355
703         -4.43016398       6.73231569       1.68909965
704         -4.45114294       6.70048649       1.71742453
705         -4.46606495       6.66171359       1.71288797
706         -4.45902203       6.61994150       1.68691094
707         -4.45663423       6.59290679       1.63466241
708         -4.46559204       6.57802316       1.56088164
709         -4.46984044       6.54151741       1.48927259
710         -4.47625813       6.48274118       1.43561952
711         -4.48691023       6.42424213       1.41477723
712         -4.51290412       6.37567749       1.39909925
713         -4.56798977       6.36101214       1.38418137
714         -4.65305520       6.36282610       1.37116855
715         -4.74980213       6.37561522       1.37241331
716         -4.81870832       6.39051950       1.38174539
717         -4.84254037       6.43261936       1.38377082
718         -4.83906151       6.49402443       1.37901889
719         -4.83456989       6.55550485       1.37212054
720         -4.86124188       6.61948439       1.36865332
721         -4.92331407       6.68241657       1.35121943
722         -4.97851120       6.73331700       1.30997600
723         -4.98050304       6.75849317       1.25040934
724         -4.94184322       6.76664990       1.19767590
725         -4.88760694       6.77841755       1.18074812
726         -4.84476161       6.79508372       1.19314046
727         -4.83258937       6.81491679       1.19856476
728         -4.83910945       6.82987047       1.20255839
729         -4.84731323       6.84214352       1.22495036
730         -4.84423441       6.83514156       1.25706738
731         -4.82377034       6.79869068       1.27731075
732         -4.80663498       6.74058953       1.30330945
733         -4.78447655       6.67971571       1.35521468
734         -4.77129313       6.61034640       1.42901609
735         -4.78160858       6.55264920       1.51699638
736         -4.80491726       6.52615836       1.60430293
737         -4.85745698       6.53124284       1.64250261
738         -4.90080367       6.51355521       1.62555655
739         -4.91083459       6.47333172       1.57855182
740         -4.87345298       6.44587719       1.51990346
741         -4.83631075       6.45391452       1.47705846
742         -4.81246256       6.49580786       1.46843659
743         -4.80711062       6.57519778       1.50717119
744         -4.81156305       6.69328574       1.55952943
745         -4.79689320       6.82585745       1.59861008
746         -4.76410314       6.95299887       1.61919793
747         -4.73831273       7.05883765       1.60731784
748         -4.73997668       7.16301590       1.57006368
749         -4.74034038       7.25907088       1.52918110
750         -4.72549057       7.35068258       1.52932873
751         -4.71393119       7.41197064       1.55684478
752         -4.71631334       7.46198363       1.59846714
753         -4.70809730       7.51455531       1.64185619
754         -4.68446273       7.54967532       1.68357553
755         -4.65006048       7.56137017       1.71605317
756         -4.61853471       7.56100811       1.72972891
757         -4.62477100       7.60231028       1.74057716
758         -4.65861133       7.67338334       1.75883370
759         -4.69497501       7.75379948       1.78488206
760         -4.70379866       7.82426002       1.79192359
761         -4.71063706       7.88143696       1.77941803
762         -4.70406116       7.93097336       1.77119438
763         -4.67395686       7.97971124       1.79027802
764         -4.62478070       8.01531247       1.81148868
765         -4.58569909       8.02990903       1.81291226
766         -4.55912992       8.07475447       1.82928717
767         -4.53553489       8.16275631       1.83598111
768         -4.53479192       8.26373625       1.83095918
769         -4.54009870       8.32895069       1.81508541
770         -4.51618317       8.35767677       1.78555250
771         -4.47239054       8.37807436       1.73449714
772         -4.43768286       8.38349823       1.67533580
773         -4.41103118       8.38437778       1.62802452
774         -4.39724353       8.38604104       1.60394894
775         -4.40827586       8.39667098       1.59183106
776         -4.43045766       8.40450028       1.58098217
777         -4.44798077       8.41341036       1.58507233
778         -4.48238749       8.44316227       1.58494620
779         -4.55152779       8.49679519       1.55812438
780         -4.63231394       8.54591915       1.49848120
781         -4.70727852       8.55041439       1.43245578
782         -4.75494934       8.51559936       1.41148372
783         -4.77299206       8.45554825       1.43752182
784         -4.77559622       8.40811368       1.46960349
785         -4.76806635       8.38229840       1.49578365
786         -4.75276933       8.36342933       1.53129420
787         -4.73067512       8.34367237       1.58099788
788         -4.70845657       8.33031973       1.60633935
789         -4.71444270       8.33752392       1.58343272
790         -4.75865676       8.35237856       1.55000729
791         -4.81783811       8.36260916       1.54916631
792         -4.87355698       8.38293530       1.58926354
793         -4.94098588       8.41721477       1.62494247
794         -5.01210874       8.45012611       1.63469866
795         -5.07080402       8.46734515       1.66346380
796         -5.10166434       8.45592586       1.72035244
797         -5.11250043       8.43557056       1.77668697
798         -5.10196150       8.41146813       1.80812984
799         -5.07576045       8.37601525       1.82050869
800         -5.03872427       8.33067956       1.81123537
801         -5.01208458       8.30967250       1.81114847
802         -5.01268588       8.33976177       1.85743361
803         -5.03427389       8.39922052       1.93007166
804         -5.05084528       8.46193478       1.98199113
805         -5.04917317       8.52627414       2.00316883
806         -5.04904518       8.59464520       2.00216242
807         -5.03629504       8.65126879       2.01250619
808         -5.00609600       8.68950456       2.05240992
809         -4.96369195       8.72444388       2.12175124
810         -4.90280137       8.77023351       2.19460720
811         -4.83039341       8.81976679       2.24203906
812         -4.75727246       8.87416685       2.24698881
813         -4.70877385       8.91139886       2.21262094
814         -4.68190926       8.93488848       2.16770065
815         -4.66072689       8.93223670       2.12795804
816         -4.62911511       8.91382217       2.10290241
817         -4.59752702       8.88178698       2.08708985
818         -4.58306134       8.84616932       2.07780818
819         -4.58943965       8.80428023       2.05014243
820         -4.61103952       8.75696935       2.02830034
821         -4.63591536       8.71533147       2.02952735
822         -4.65183997       8.68690206       2.03994847
823         -4.65077513       8.65601174       2.06309236
824         -4.64244308       8.61054805       2.09853500
825         -4.60415523       8.56643468       2.13873766
826         -4.57415451       8.54162012       2.17936908
827         -4.57643903       8.52065517       2.21405157
828         -4.58824232       8.49675325       2.24924816
829         -4.56606978       8.47193265       2.29365328
830         -4.51349189       8.45548013       2.33169477
831         -4.47806405       8.45780508       2.35492183
832         -4.46653544       8.48717654       2.38420838
833         -4.44373947       8.54447037       2.41653783
834         -4.41466787       8.57171181       2.43804634
835         -4.41146908       8.57083835       2.43412119
836         -4.44272735       8.56504056       2.39994501
837         -4.48668693       8.56151137       2.36641408
838         -4.51508503       8.56548171       2.36362060
839         -4.53916072       8.57155357       2.37530507
840         -4.56339809       8.57330059       2.38684244
841         -4.59611473       8.56733378       2.38800282
842         -4.61638754       8.55691628       2.39531123
843         -4.61807592       8.55401251       2.40234360
844         -4.62458962       8.54565050       2.39274013
845         -4.64421423       8.50622802       2.36145398
846         -4.65759358       8.45736353       2.32931926
847         -4.66211981       8.43055976       2.30072126
848         -4.65809216       8.43462847       2.28528370
849         -4.64664579       8.44288943       2.28622235
850         -4.63419686       8.45758417       2.30391620
851         -4.63824763       8.47796231       2.33716580
852         -4.66236122       8.47686424       2.36513951
853         -4.69034753       8.45667767       2.36237812
854         -4.72783279       8.44963210       2.33337033
855         -4.75971059       8.48376898       2.30679178
856         -4.75003527       8.51916893       2.29842908
857         -4.70031795       8.53028367       2.29474953
858         -4.64203711       8.53164429       2.29669774
859         -4.58543785       8.52805615       2.30176058
860         -4.55146041       8.54102870       2.30080537
861         -4.57820533       8.59145445       2.29440603
862         -4.64917438       8.66808844       2.29899400
863         -4.70139990       8.72497356       2.30328494
864         -4.71016421       8.73012145       2.28951413
865         -4.70917971       8.67494004       2.27614635
866         -4.73461143       8.57283448       2.23613404
867         -4.76491627       8.47649777       2.17465133
868         -4.77413253       8.42970748       2.15027201
869         -4.75890145       8.42455535       2.14125240
870         -4.75040253       8.41992081       2.12389400
871         -4.77330503       8.40665808       2.08192263
872         -4.82636101       8.38592008       2.02324703
873         -4.87321077       8.34889856       1.95581563
874         -4.90592989       8.31605991       1.90095624
875         -4.92626031       8.29514317       1.86640511
876         -4.95432245       8.28556588       1.85372534
877         -4.97703134       8.29432560       1.86352177
878         -4.98666699       8.31379518       1.88336213
879         -4.99495238       8.32825776       1.89613298
880         -5.01988362       8.31989973       1.88852576
881         -5.08070416       8.29901437       1.87556858
882         -5.16555410       8.27498935       1.85312238
883         -5.25721474       8.24697735       1.84380871
884         -5.29656152       8.21916502       1.84726455
885         -5.29328717       8.19853041       1.84439456
886         -5.27527334       8.19063428       1.81959073
887         -5.28096622       8.20248399       1.79386061
888         -5.30368886       8.23796608       1.77912465
889         -5.31651009       8.29073900       1.75320616
890         -5.31322500       8.34847150       1.72110686
891         -5.30861940       8.40749222       1.70577422
892         -5.30652386       8.44874138       1.70327318
893         -5.27946355       8.46299443       1.69568801
894         -5.22837377       8.46275670       1.67807995
895         -5.16876089       8.44391537       1.65511021
896         -5.13556209       8.41943671       1.63248515
897         -5.14128985       8.41611307       1.59000421
898         -5.17813607       8.44279161       1.53104031
899         -5.20742409       8.49779661       1.46733149
900         -5.21813767       8.56839742       1.41982092
901         -5.20815592       8.63553777       1.38188996
902         -5.16990822       8.66149964       1.32794575
903         -5.12768724       8.66007186       1.24578790
904         -5.10486101       8.66852605       1.13914161
905         -5.08071795       8.68193661       1.02048640
906         -5.02456436       8.66630196       0.91280405
907         -4.96132944       8.61334437       0.84352663
908         -4.93202958       8.55917446       0.80220305
909         -4.92776592       8.51345699       0.74549511
910         -4.91822917       8.48101231       0.67482270
911         -4.90736868       8.45643239       0.61096335
912         -4.91146257       8.43790421       0.57570942
913         -4.91329262       8.41696119       0.55904023
914         -4.89902582       8.39851289       0.54923841
915         -4.88897521       8.38023930       0.53265356
916         -4.89624486       8.34661016       0.52456318
917         -4.90404363       8.29987249       0.52423860
918         -4.89047696       8.23735971       0.52204636
919         -4.84960436       8.16523583       0.50901153
920         -4.77538387       8.08076296       0.46787413
921         -4.69555334       8.01633556       0.39414348
922         -4.63100558       7.97242246       0.29251792
923         -4.61099980       7.95764991       0.19972363
924         -4.65243380       7.95435442       0.15707973
925         -4.74589852       7.95348910       0.17009776
926         -4.85014917       7.94336132       0.22710404
927         -4.93100217       7.91221246       0.30736040
928         -4.99716390       7.85484173       0.39832290
929         -5.05109587       7.79170466       0.50211783
930         -5.09142066       7.75196054       0.60003804
931         -5.11374237       7.72875925       0.65560770
932         -5.12750031       7.71917500       0.68370836
933         -5.14530651       7.72065225       0.69055747
934         -5.14942041       7.72076508       0.67871574
935         -5.13538166       7.67484209       0.65971428
936         -5.11559289       7.60155335       0.64981148
937         -5.11660191       7.55736537       0.66744782
938         -5.17259404       7.57003367       0.69325191
939         -5.26951857       7.60715872       0.72385548
940         -5.35588503       7.63595415       0.74320484
941         -5.41352424       7.64542794       0.74163193
942         -5.43469874       7.60964184       0.72268952
943         -5.44784139       7.53533325       0.69702964
944         -5.46282785       7.43689542       0.65243564
945         -5.49697111       7.36650015       0.59209500
946         -5.55299896       7.35654876       0.52485531
947         -5.62290938       7.38164647       0.45979156
948         -5.68670131       7.38967334       0.41377590
949         -5.72047992       7.38263847       0.40086452
950         -5.72997969       7.38909291       0.37969214
951         -5.73463115       7.39927735       0.32204832
952         -5.76042234       7.40351023       0.25127534
953         -5.81007517       7.39083326       0.21793340
954         -5.87306175       7.36487986       0.21933238
955         -5.94750674       7.34611015       0.24220547
956         -6.00359668       7.35170167       0.28919239
957         -6.00024201       7.38485199       0.35672804
958         -5.94747199       7.44147348       0.40293926
959         -5.88197624       7.49767515       0.41108428
960         -5.81738603       7.53864246       0.39706173
961         -5.76871216       7.53991069       0.39490858
962         -5.75514118       7.50925960       0.42265488
963         -5.78820664       7.45119337       0.47455064
964         -5.82590290       7.37589691       0.50909716
965         -5.83001924       7.29312631       0.52523525
966         -5.77587431       7.19663024       0.53652634
967         -5.71219916       7.11019081       0.53593879
968         -5.69413235       7.05369893       0.53874221
969         -5.72149367       7.02586029       0.56462812
970         -5.76767240       7.00909006       0.59979312
971         -5.81487781       6.97464783       0.62615951
972         -5.85689442       6.92207614       0.65360309
973         -5.88461799       6.85539041       0.68026973
974         -5.88805491       6.77376176       0.69982052
975         -5.86305472       6.67967574       0.71102115
976         -5.79695834       6.57938536       0.72406697
977         -5.71243211       6.49273918       0.75093135
978         -5.66330525       6.43906220       0.80484219
979         -5.67241736       6.41954687       0.88189450
980         -5.71360509       6.40541984       0.97291194
981         -5.75460118       6.38731935       1.06071675
982         -5.78029040       6.35999885       1.16131732
983         -5.77010720       6.31496040       1.23710158
984         -5.71498646       6.27738800       1.28596706
985         -5.62422607       6.26089394       1.30129991
986         -5.52634844       6.26928095       1.27123228
987         -5.49142214       6.28915730       1.25642348
988         -5.52951260       6.30075498       1.26215970
989         -5.59286618       6.30047119       1.27830563
990         -5.65365326       6.30485282       1.25598528
991         -5.69602722       6.31417197       1.22143794
992         -5.70139520       6.31003318       1.21071033
993         -5.63662875       6.26306012       1.25306042
994         -5.50887485       6.19153955       1.32620028
995         -5.35124258       6.13407018       1.37983058
996         -5.21414888       6.09942720       1.40319172
997         -5.10500931       6.08426817       1.42720192
998         -5.01808059       6.06682998       1.46612295
999         -4.94143606       6.02043187       1.50512120
1000        -4.86152504       5.94091370       1.52846871
