1            0.00000000       0.00000000       0.00000000       0.00000000
2            0.00316375       0.00257043       0.00007763       0.00051568
3            0.00700409       0.00540000       0.00005982       0.00154427
4            0.00637864       0.00391787       0.00166114       0.00079963
5            0.01791378       0.00151958       0.01616630       0.00022790
6            0.04398817       0.00000443       0.04173129       0.00225244
7            0.06731148       0.00011594       0.06649200       0.00070354
8            0.06663734       0.00008429       0.06561781       0.00093524
9            0.06055638       0.00106908       0.05532402       0.00416328
10           0.05136424       0.00379008       0.04094243       0.00663173
11           0.04396194       0.00543551       0.02703035       0.01149609
12           0.04328223       0.00790298       0.01699093       0.01838831
13           0.04933292       0.01426792       0.01626534       0.01879966
14           0.05323795       0.01533862       0.02224597       0.01565336
15           0.05224409       0.00920897       0.03607605       0.00695907
16           0.05814171       0.00190977       0.05588237       0.00034957
17           0.08120513       0.00007926       0.08030438       0.00082150
18           0.11381508       0.00069217       0.10946271       0.00366021
19           0.11844688       0.00001962       0.11119452       0.00723274
20           0.10910229       0.00105476       0.09403786       0.01400967
21           0.09470439       0.00107738       0.06760438       0.02602263
22           0.07971519       0.00001109       0.03708054       0.04262356
23           0.09062531       0.00535280       0.01347410       0.07179841
24           0.13885808       0.03339717       0.00285590       0.10260500
25           0.21237195       0.07032401       0.00100552       0.14104243
26           0.28167063       0.07791421       0.00162693       0.20212949
27           0.33741805       0.08038208       0.00088197       0.25615400
28           0.37999042       0.09728515       0.00000813       0.28269714
29           0.42613398       0.11592482       0.00000101       0.31020815
30           0.50847652       0.13561899       0.00036961       0.37248791
31           0.60761057       0.15307357       0.00004735       0.45448964
32           0.68453613       0.16387192       0.00496184       0.51570237
33           0.73678635       0.16725629       0.01907603       0.55045403
34           0.79983708       0.16500234       0.02665592       0.60817881
35           0.87405541       0.16095508       0.02175957       0.69134076
36           0.94453510       0.14621352       0.01637294       0.78194864
37           1.02909874       0.12790207       0.01787492       0.88332174
38           1.16658538       0.10909872       0.02823388       1.02925278
39           1.31028086       0.09061172       0.04137500       1.17829414
40           1.36753928       0.06665702       0.05912263       1.24175963
41           1.32640437       0.03928864       0.08327471       1.20384102
42           1.25030759       0.02026418       0.09928365       1.13075976
43           1.18103321       0.00926303       0.09685665       1.07491354
44           1.14875907       0.00227928       0.07430930       1.07217049
45           1.21521590       0.00048107       0.06805390       1.14668094
46           1.31289782       0.00224761       0.09059002       1.22006019
47           1.35920303       0.00149202       0.11686944       1.24084156
48           1.29180490       0.00006324       0.13597762       1.15576404
49           1.25557953       0.00414460       0.16686445       1.08457049
50           1.22150368       0.01535622       0.19703747       1.00910999
51           1.18289201       0.03258784       0.22480932       0.92549485
52           1.16665381       0.05253025       0.25422961       0.85989395
53           1.16188402       0.06003518       0.32509051       0.77675833
54           1.14405614       0.06801252       0.38808813       0.68795549
55           1.08890800       0.07572683       0.42286707       0.59031410
56           1.07348132       0.08549567       0.46606519       0.52192046
57           1.05597135       0.10120755       0.47012569       0.48463812
58           1.07261021       0.11749566       0.49625125       0.45886330
59           5.73929032       3.01135962       1.60322542       1.12470528
60           5.87829115       3.08711608       1.53275946       1.25841561
61           6.11976564       3.23785969       1.51141507       1.37049089
62           6.38258323       3.31107590       1.57928501       1.49222232
63           6.52379119       3.18836422       1.71095993       1.62446705
64           6.53669054       2.94104469       1.89350031       1.70214554
65           6.57740159       2.78847119       2.03630431       1.75262608
66           6.81114816       2.83435289       2.07907434       1.89772093
67           7.06360516       2.98513568       1.99842982       2.08003966
68           7.22785535       3.15780882       1.85255379       2.21749273
69           7.34097426       3.28887209       1.74287576       2.30922641
70           7.48312282       3.43331275       1.64749347       2.40231661
71           7.62496797       3.61133309       1.55007771       2.46355717
72           7.64088664       3.70259794       1.44482778       2.49346093
73           7.43056040       3.58497231       1.41129624       2.43429185
74           7.12763865       3.27969996       1.51811799       2.32982070
75           6.86512365       2.98071924       1.74482629       2.13957812
76           6.50504139       2.71310082       1.84657828       1.94536229
77           6.04307738       2.48505963       1.61699303       1.94102471
78           5.60396270       2.30197710       1.28667760       2.01530800
79           5.28462912       2.17563255       1.09966965       2.00932692
80           5.08783077       2.10060986       1.08592429       1.90129662
81           4.97687462       2.06966289       1.16731433       1.73989739
82           4.82023772       2.04246721       1.25462674       1.52314377
83           4.57715235       1.96405484       1.28634241       1.32675511
84           4.26468789       1.83599102       1.24988422       1.17881265
85           3.97577628       1.71146217       1.16980822       1.09450588
86           3.83686086       1.69083309       1.03982276       1.10620501
87           3.80286850       1.74386921       0.88979895       1.16920035
88           3.76781554       1.81076275       0.75083620       1.20621659
89           3.72121587       1.88280281       0.64361427       1.19479879
90           3.60957626       1.90927120       0.57759117       1.12271389
91           3.38423829       1.85498584       0.51458646       1.01466598
92           3.10597583       1.68792514       0.47024601       0.94780468
93           2.82824356       1.44597034       0.45072186       0.93155135
94           2.61794877       1.22634180       0.43593707       0.95566989
95           2.52515740       1.11834347       0.40730925       0.99950468
96           2.47871247       1.07560725       0.35958186       1.04352336
97           2.43626191       1.04168488       0.30233225       1.09224477
98           2.43197775       1.00968683       0.26353997       1.15875095
99           2.38519495       0.98785586       0.26379410       1.13354499
100          2.24630474       0.99768586       0.26785925       0.98075963
101          2.10705116       1.01127732       0.25452627       0.84124757
102          2.13119906       1.02911651       0.26040847       0.84167408
103          2.21461933       1.01559273       0.29623042       0.90279618
104          2.23941925       0.97409399       0.33554427       0.92978099
105          2.20673395       0.93592769       0.36446869       0.90633757
106          2.15317063       0.91701877       0.39274943       0.84340243
107          2.10442127       0.88803500       0.42860186       0.78778441
108          2.04131432       0.81284911       0.47070393       0.75776128
109          2.01595386       0.74977486       0.50009200       0.76608700
110          2.07334040       0.74579734       0.50323248       0.82431057
111          2.17927495       0.80725754       0.47516907       0.89684834
112          2.20700146       0.85072423       0.45412467       0.90215256
113          2.10016460       0.83088094       0.45754412       0.81173953
114          1.92676886       0.76812047       0.47438694       0.68426146
115          1.82440344       0.74568282       0.45457373       0.62414690
116          1.77218316       0.75190233       0.38173301       0.63854782
117          1.73018290       0.75475296       0.29548108       0.67994887
118          1.70155646       0.72922524       0.22808858       0.74424265
119          1.62341759       0.63189266       0.19058474       0.80094019
120          1.50615957       0.47191068       0.17755474       0.85669415
121          1.42016367       0.30004702       0.19246851       0.92764814
122          1.41825962       0.17635148       0.21139445       1.03051369
123          1.42417173       0.10906885       0.20437799       1.11072490
124          1.42323202       0.07905184       0.18380188       1.16037830
125          1.41067318       0.06940428       0.16007497       1.18119393
126          1.42063032       0.07068030       0.13900926       1.21094077
127          1.44320893       0.07316776       0.11552559       1.25451559
128          1.39328053       0.06639329       0.08681544       1.24007180
129          1.30577098       0.04566913       0.05792028       1.20218157
130          1.22459189       0.02315324       0.03187074       1.16956791
131          1.16671432       0.00704881       0.01251633       1.14714917
132          1.06947953       0.00038920       0.00182230       1.06726803
133          0.92565557       0.00040957       0.00008986       0.92515613
134          0.80608583       0.00045312       0.00010232       0.80553039
135          0.78638639       0.00000319       0.00160356       0.78477964
136          0.83157582       0.00012764       0.00773980       0.82370837
137          0.88003465       0.00000396       0.01298148       0.86704921
138          0.92745147       0.00023143       0.01274010       0.91447995
139          0.95590220       0.00105409       0.00857798       0.94627013
140          0.96954493       0.00420135       0.00472510       0.96061847
141          0.92695044       0.01013496       0.00165619       0.91515929
142          0.85497923       0.01283090       0.00000701       0.84214132
143          0.78493054       0.00643711       0.00109512       0.77739831
144          0.71446954       0.00065573       0.00272354       0.71109028
145          0.63733156       0.00012413       0.00215401       0.63505342
146          0.54254109       0.00015423       0.00029688       0.54208998
147          0.46808425       0.00090975       0.00063815       0.46653635
148          0.40672029       0.00905669       0.00245686       0.39520674
149          0.36302006       0.02594459       0.00421340       0.33286206
150          0.33509481       0.04978861       0.00776702       0.27753918
151          0.36718975       0.08842144       0.02346315       0.25530516
152          0.45715091       0.14106117       0.05973751       0.25635223
153          0.54300166       0.19730076       0.09775006       0.24795085
154          0.57033997       0.23799808       0.11204289       0.22029900
155          0.54410582       0.26319413       0.09711635       0.18379534
156          0.51672953       0.30476653       0.06614427       0.14581872
157          0.55396151       0.41007529       0.04122475       0.10266147
158          0.71007984       0.61408508       0.03163282       0.06436194
159          0.99133142       0.90711066       0.04022958       0.04399118
160          1.30328689       1.17880937       0.07557479       0.04890273
161          1.50630270       1.31927445       0.10959848       0.07742977
162          1.62787394       1.37856736       0.11786987       0.13143671
163          1.69289561       1.40180859       0.10935780       0.18172922
164          1.77259139       1.45520975       0.09790326       0.21947837
165          1.85955842       1.54722982       0.08896919       0.22335941
166          1.88035956       1.63098073       0.06498183       0.18439700
167          1.85017367       1.69623235       0.03121637       0.12272495
168          1.85120798       1.77250235       0.01016129       0.06854434
169          1.92739990       1.88148921       0.00396586       0.04194483
170          2.07652496       2.03293912       0.00408923       0.03949661
171          2.29532340       2.22590346       0.00613124       0.06328869
172          2.53062892       2.41164352       0.00988076       0.10910464
173          2.73966184       2.55200945       0.01217760       0.17547480
174          2.89662369       2.63345115       0.00852587       0.25464667
175          3.03227343       2.72092966       0.00185376       0.30949001
176          3.12160003       2.80952941       0.00065982       0.31141080
177          3.14194354       2.82642507       0.01071032       0.30480815
178          3.04601482       2.71017347       0.02913391       0.30670744
179          2.87804755       2.56060676       0.04822877       0.26921203
180          2.68262868       2.40306563       0.07268184       0.20688121
181          2.41934001       2.16249410       0.10096206       0.15588385
182          2.19834545       1.93731465       0.12556437       0.13546643
183          2.04592103       1.76105862       0.15306545       0.13179695
184          1.95066003       1.63763900       0.18903532       0.12398571
185          1.86171398       1.52457366       0.23625270       0.10088762
186          1.83971411       1.46766979       0.28720847       0.08483586
187          1.82956240       1.44865674       0.30976014       0.07114553
188          1.76897794       1.41122480       0.29274877       0.06500437
189          1.70813482       1.34994875       0.26564344       0.09254263
190          1.60470764       1.25114204       0.22732653       0.12623906
191          1.57827791       1.19178208       0.21387726       0.17261857
192          1.63273485       1.18306488       0.21908037       0.23058960
193          1.74970437       1.20409031       0.22866396       0.31695009
194          1.84859584       1.18102967       0.26584785       0.40171832
195          1.86431789       1.12437752       0.34905947       0.39088090
196          1.84115254       1.07579651       0.45336848       0.31198754
197          1.85405683       1.09535268       0.51048404       0.24822011
198          1.85533929       1.15527636       0.49493836       0.20512457
199          1.79137783       1.15256262       0.46301268       0.17580254
200          1.74862317       1.16432462       0.42501952       0.15927903
201          1.77212004       1.22670196       0.37569322       0.16972486
202          1.83057413       1.30583414       0.33239809       0.19234190
203          1.87346985       1.34450766       0.32460712       0.20435507
204          1.90083216       1.31715361       0.38127734       0.20240121
205          1.98110311       1.28251317       0.50481312       0.19377682
206          2.06352634       1.25158606       0.64264072       0.16929956
207          2.03890270       1.21625518       0.69547869       0.12716883
208          1.90127715       1.14855851       0.66396170       0.08875694
209          1.71561530       1.05956220       0.58932388       0.06672922
210          1.56921919       1.00468806       0.49834435       0.06618678
211          1.52712480       1.04540018       0.39591345       0.08581117
212          1.55234693       1.14439549       0.30408113       0.10387032
213          1.62720679       1.25616016       0.25329376       0.11775288
214          1.70783132       1.33762005       0.24046081       0.12975046
215          1.78722134       1.40685499       0.25887094       0.12149541
216          1.85708244       1.45897281       0.29317158       0.10493805
217          1.94277545       1.50235172       0.34072952       0.09969422
218          2.10575670       1.59786503       0.39885194       0.10903973
219          2.39091231       1.76593383       0.49384893       0.13112955
220          2.68904502       1.94707680       0.57749342       0.16447479
221          2.78384905       2.03311042       0.56756060       0.18317803
222          2.69202516       2.03357659       0.47202997       0.18641861
223          2.57530474       2.03415478       0.36735291       0.17379706
224          2.55846637       2.08674836       0.31095849       0.16075952
225          2.56290748       2.12959011       0.29828311       0.13503425
226          2.57480368       2.17596146       0.30221818       0.09662404
227          2.65363392       2.28569538       0.29966941       0.06826913
228          2.79051093       2.44211089       0.29511027       0.05328976
229          2.95579812       2.60936968       0.29780326       0.04862519
230          3.12963311       2.78620764       0.29910261       0.04432286
231          3.33182809       2.99563818       0.28791073       0.04827918
232          3.57199783       3.26061858       0.25008348       0.06129578
233          3.81933598       3.53971236       0.20541922       0.07420441
234          4.11546157       3.83518450       0.19810163       0.08217543
235          4.46123431       4.12724054       0.24686899       0.08712478
236          4.81583546       4.40895107       0.31670843       0.09017596
237          5.08690181       4.64164076       0.35194147       0.09331958
238          5.17866873       4.77896120       0.29832443       0.10138310
239          5.25993642       4.93265137       0.20886542       0.11841962
240          5.53459262       5.24683846       0.15514134       0.13261281
241          5.91807679       5.63880818       0.15224486       0.12702376
242          6.38701623       6.11236722       0.15766618       0.11698283
243          6.76029627       6.47431903       0.16461798       0.12135926
244          6.92268833       6.61061990       0.16873949       0.14332893
245          6.81034767       6.50496364       0.15459610       0.15078793
246          6.65272603       6.37436398       0.15954836       0.11881370
247          6.76429367       6.48300591       0.19376745       0.08752031
248          7.17580756       6.85006137       0.22291283       0.10283337
249          7.65017708       7.25283027       0.22730293       0.17004388
250          8.08417871       7.62484849       0.22079872       0.23853150
251          8.39802935       7.93654569       0.23341018       0.22807348
252          8.49443383       8.08198534       0.25036057       0.16208791
253          8.66904934       8.32360727       0.24488982       0.10055225
254          9.00399467       8.71744899       0.21886185       0.06768383
255          9.42064541       9.19790016       0.18011214       0.04263311
256          9.85815233       9.69287294       0.13851497       0.02676442
257         10.23624007      10.12895708       0.09139862       0.01588438
258         10.26806741      10.22285122       0.03731100       0.00790519
259         10.02785356      10.01539179       0.01181848       0.00064329
260          9.71187509       9.70951333       0.00078730       0.00157446
261          9.26657399       9.25780860       0.00226467       0.00650071
262          8.94597867       8.91687551       0.01475196       0.01435121
263          8.85401368       8.79414440       0.03738154       0.02248774
264          9.04893567       8.95526680       0.05960786       0.03406101
265          9.21667852       9.10595201       0.06054354       0.05018298
266          9.38924548       9.27212165       0.05629728       0.06082655
267          9.83033238       9.70201112       0.06898908       0.05933217
268         10.21023901      10.05224120       0.09186627       0.06613153
269         10.42751400      10.23681414       0.10192927       0.08877060
270         10.54134231      10.33328438       0.11890020       0.08915772
271         10.51711650      10.25274073       0.19935822       0.06501755
272         10.32896450      10.00311597       0.26850532       0.05734321
273         10.05192841       9.71921078       0.26818236       0.06453527
274          9.75852062       9.43654184       0.25235393       0.06962486
275          9.63111692       9.31134088       0.24288303       0.07689302
276          9.62795130       9.33721840       0.21047819       0.08025471
277          9.51958530       9.26605094       0.16681979       0.08671457
278          9.30772850       9.06322236       0.13578164       0.10872450
279          9.20848542       8.94518205       0.13143476       0.13186862
280          9.27718152       8.94893584       0.15616899       0.17207669
281          9.47195498       9.02691041       0.19832265       0.24672193
282          9.76266690       9.19338202       0.24027430       0.32901058
283          9.95667461       9.28629869       0.26596815       0.40440777
284         10.12611093       9.36885427       0.26522027       0.49203640
285         10.40633096       9.55998753       0.24542749       0.60091594
286         10.95209303      10.02248649       0.24013935       0.68946719
287         11.59999799      10.58088766       0.28792096       0.73118937
288         12.18311201      11.03826129       0.36873993       0.77611078
289         12.67976043      11.40124468       0.40365187       0.87486387
290         13.32568471      11.88638568       0.38968770       1.04961134
291         13.98656513      12.35800215       0.39688457       1.23167841
292         14.46856669      12.68363791       0.44459521       1.34033357
293         14.72020233      12.89272110       0.47057812       1.35690311
294         14.65332692      12.94128460       0.41377696       1.29826536
295         14.37365288      12.81703560       0.30260130       1.25401598
296         14.07608475      12.62146150       0.20429832       1.25032492
297         13.93529320      12.57408501       0.14050576       1.22070243
298         13.85133043      12.60557222       0.11263249       1.13312572
299         13.88485021      12.75115548       0.11295942       1.02073531
300         14.07779304      13.04880875       0.11599359       0.91299070
301         14.31915544      13.37055550       0.11438232       0.83421761
302         14.54718085      13.62964316       0.10724535       0.81029235
303         14.75566853      13.83368857       0.09032679       0.83165317
304         14.96529963      14.00651224       0.05180600       0.90698140
305         15.28592429      14.27385025       0.01525604       0.99681800
306         15.76488046      14.75539808       0.00046771       1.00901466
307         16.22853979      15.30555648       0.00307122       0.91991210
308         16.64234922      15.82351593       0.01207663       0.80675667
309         16.89905921      16.17796743       0.02302401       0.69806777
310         17.04105573      16.42394844       0.03262210       0.58448519
311         17.15678235      16.60644629       0.03862138       0.51171469
312         17.24818588      16.74002374       0.04015702       0.46800512
313         17.33890469      16.85776584       0.04082086       0.44031799
314         17.31813903      16.86078318       0.04026294       0.41709291
315         17.05405821      16.62576307       0.04444565       0.38384949
316         16.72898179      16.33433535       0.06726160       0.32738484
317         16.62534695      16.23704626       0.12705465       0.26124605
318         16.91582117      16.47605860       0.23296078       0.20680178
319         17.42815063      16.93445417       0.34301169       0.15068477
320         17.79771706      17.29267463       0.40268397       0.10235846
321         17.95829041      17.47982974       0.42088408       0.05757660
322         17.80782924      17.35400878       0.43012656       0.02369389
323         17.42567453      16.99206415       0.42964946       0.00396093
324         16.96927120      16.53184621       0.43733409       0.00009090
325         16.63617256      16.14356790       0.48962647       0.00297820
326         16.55024664      15.93735927       0.60781037       0.00507700
327         16.77096327      15.99896506       0.76943763       0.00256058
328         17.10192540      16.15335114       0.94841121       0.00016306
329         17.53215996      16.40289374       1.12926315       0.00000306
330         17.99232711      16.70979220       1.28182487       0.00071004
331         18.45785203      17.05538094       1.40011064       0.00236045
332         18.91359439      17.41099976       1.50011476       0.00247987
333         19.31098561      17.73069760       1.57846724       0.00182077
334         19.41096222      17.83401997       1.57434941       0.00259284
335         19.08864333      17.59251412       1.49199512       0.00413409
336         18.68959450      17.30534790       1.38046819       0.00377840
337         18.51481741      17.17469037       1.33773136       0.00239569
338         18.67997124      17.32480056       1.35343125       0.00173943
339         19.00117986      17.62208575       1.37807784       0.00101627
340         19.49145353      18.04801763       1.44272740       0.00070849
341         20.08556629      18.50814056       1.57670705       0.00071869
342         20.52573770      18.82641048       1.69882789       0.00049933
343         20.54932094      18.75517929       1.79356297       0.00057868
344         20.26759459      18.34977110       1.91601044       0.00181305
345         19.93484633      17.84039521       2.08800708       0.00644404
346         19.73012365      17.41497928       2.30034401       0.01480037
347         19.82479148      17.29918196       2.49741775       0.02819176
348         20.32919700      17.61847359       2.66577460       0.04494881
349         21.11199896      18.28457376       2.76543799       0.06198721
350         21.86013620      19.02357951       2.76333438       0.07322231
351         22.40645930      19.64924783       2.68155310       0.07565837
352         22.69090485      20.08477110       2.53378538       0.07234837
353         22.78178061      20.37003558       2.34621928       0.06552575
354         22.87699583      20.61709150       2.20464506       0.05525928
355         23.23233404      20.98357592       2.20189003       0.04686809
356         23.83783420      21.46484578       2.32379722       0.04919120
357         24.33217948      21.85843168       2.41062219       0.06312561
358         24.58257571      22.14023251       2.37160742       0.07073577
359         24.71672302      22.34603344       2.30793151       0.06275807
360         24.89323111      22.53908972       2.30452423       0.04961716
361         25.04962379      22.64838681       2.36073309       0.04050389
362         25.26330543      22.78101820       2.44497590       0.03731133
363         25.57976105      23.01922740       2.51798956       0.04254409
364         25.76477428      23.19059867       2.51805360       0.05612201
365         25.50636415      23.08354744       2.34614049       0.07667623
366         24.81850605      22.72126177       1.99615815       0.10108614
367         23.98275909      22.23108270       1.64491845       0.10675794
368         23.30399350      21.71468227       1.49220397       0.09710725
369         23.01355487      21.38078127       1.54430722       0.08846639
370         23.14889536      21.34978375       1.72109127       0.07802035
371         23.52610743      21.59834052       1.86525951       0.06250740
372         23.66902840      21.74706341       1.87358905       0.04837595
373         23.67073480      21.81785247       1.80764309       0.04523924
374         23.74040038      21.92608898       1.76610731       0.04820410
375         23.84088128      21.98132523       1.80234602       0.05721003
376         23.74579639      21.79171209       1.88749270       0.06659160
377         23.38892311      21.37546241       1.94343970       0.07002100
378         22.87732038      20.87852716       1.92998772       0.06880549
379         22.19542650      20.29067953       1.82990724       0.07483974
380         21.53455157      19.75177796       1.67957048       0.10320313
381         21.28098185      19.55552524       1.55475462       0.17070198
382         21.61457129      19.82078642       1.52173842       0.27204645
383         22.39312352      20.41162625       1.60329506       0.37820222
384         23.39895579      21.17291251       1.76275386       0.46328942
385         24.51923524      22.11973600       1.87960291       0.51989633
386         25.74760027      23.23894911       1.93732935       0.57132182
387         26.98694744      24.36744489       1.97918289       0.64031966
388         28.10306088      25.34337332       2.03290205       0.72678551
389         28.51053727      25.72500090       1.99362839       0.79190799
390         27.96364114      25.29204405       1.82191963       0.84967747
391         27.05625359      24.58588437       1.55847240       0.91189682
392         26.26152510      23.90910917       1.34317375       1.00924218
393         25.70311867      23.30860180       1.25366743       1.14084944
394         25.36522994      22.84939004       1.25927904       1.25656085
395         25.03180787      22.41222252       1.29880117       1.32078418
396         24.49925801      21.92843668       1.30075959       1.27006174
397         23.88390099      21.54468227       1.21787771       1.12134100
398         23.39819207      21.37022668       1.06522056       0.96274483
399         23.01563390      21.23546521       0.90339208       0.87677660
400         22.66299776      21.09086878       0.73668183       0.83544715
401         22.36259111      20.98485022       0.57870669       0.79903420
402         22.17599255      20.95045930       0.44785817       0.77767508
403         22.17011964      20.98260068       0.35920639       0.82831257
404         22.21525872      20.95918008       0.30740806       0.94867058
405         22.20755123      20.83084094       0.27938232       1.09732796
406         22.00683937      20.52741112       0.26419386       1.21523439
407         21.58874791      20.05591770       0.25691647       1.27591375
408         21.01527932      19.50400220       0.23794885       1.27332827
409         20.30501752      18.89946585       0.20144196       1.20410971
410         19.70389125      18.45159499       0.15015961       1.10213665
411         19.55167816      18.42381877       0.09041466       1.03744473
412         19.91693440      18.83943988       0.05037756       1.02711696
413         20.41562401      19.34602100       0.03327087       1.03633214
414         20.87063897      19.81928442       0.02725637       1.02409818
415         21.29560267      20.31821724       0.02441372       0.95297171
416         21.87658894      20.99689602       0.02046622       0.85922670
417         22.76226745      21.91626613       0.02283920       0.82316212
418         23.56357858      22.64733118       0.03266279       0.88358460
419         24.02058375      22.99764566       0.04669268       0.97624541
420         24.43082590      23.36928167       0.05942531       1.00211892
421         24.99085363      23.97510137       0.06982425       0.94592802
422         25.62163476      24.67183038       0.06818590       0.88161848
423         26.12496697      25.18664918       0.06639309       0.87192469
424         26.49243039      25.53573467       0.06251677       0.89417895
425         26.70476178      25.68982140       0.05059866       0.96434172
426         26.38028868      25.30267482       0.03133395       1.04627991
427         26.10514669      24.98724933       0.01229935       1.10559801
428         26.48082294      25.31142999       0.00129128       1.16810166
429         27.04538572      25.79503313       0.00117140       1.24918120
430         27.39252048      26.06772360       0.00637269       1.31842419
431         27.59231956      26.24929642       0.00880504       1.33421810
432         27.81205939      26.49720161       0.00528712       1.30957066
433         28.04473808      26.79237074       0.00176795       1.25059939
434         28.13095509      26.91291566       0.00076501       1.21727442
435         28.20162673      26.99401143       0.00079922       1.20681608
436         28.52512730      27.30524305       0.00144023       1.21844402
437         29.04907892      27.80139313       0.00426972       1.24341607
438         29.53957661      28.21014086       0.01270922       1.31672653
439         29.78750445      28.33122418       0.02531614       1.43096413
440         29.89992050      28.32029207       0.02851775       1.55111068
441         29.86503175      28.16543322       0.02578921       1.67380932
442         29.67580559      27.88248074       0.02733661       1.76598823
443         29.30864052      27.44368129       0.03200401       1.83295523
444         28.77985709      26.90421782       0.03223657       1.84340270
445         28.43943754      26.63365991       0.02633859       1.77943904
446         28.27439447      26.60287804       0.01731305       1.65420338
447         28.20100446      26.61536086       0.01148796       1.57415563
448         28.14082840      26.60415203       0.01067455       1.52600182
449         28.02324419      26.52518785       0.01388578       1.48417056
450         27.85324412      26.38786017       0.01994862       1.44543534
451         27.95734182      26.50611925       0.02243153       1.42879105
452         28.21510237      26.72173331       0.02562578       1.46774327
453         28.48622171      26.89851676       0.04145622       1.54624873
454         28.82896807      27.13243440       0.07721457       1.61931911
455         29.04702027      27.30387348       0.12405769       1.61908910
456         28.88673468      27.17315654       0.15534100       1.55823714
457         28.19399638      26.58734121       0.17539539       1.43125978
458         27.21049622      25.74888980       0.18728663       1.27431980
459         26.38346558      25.00892490       0.19598768       1.17855300
460         25.74480780      24.41302633       0.20433885       1.12744262
461         25.19154603      23.87977825       0.21643731       1.09533047
462         24.61355004      23.31414620       0.21696868       1.08243516
463         24.50395736      23.18015034       0.22168732       1.10211970
464         25.04396698      23.66020008       0.24862330       1.13514360
465         25.82340379      24.34861818       0.27654383       1.19824179
466         26.36702522      24.79110680       0.29531595       1.28060248
467         26.46896909      24.83569017       0.29782360       1.33545532
468         26.35509501      24.69198671       0.30830412       1.35480419
469         26.38054325      24.67065369       0.34768195       1.36220761
470         26.51715101      24.74341377       0.40380015       1.36993710
471         26.54351877      24.70416480       0.45277763       1.38657634
472         26.50274678      24.65574157       0.48009927       1.36690595
473         26.72868207      24.88521965       0.53512899       1.30833343
474         27.35689918      25.46306012       0.63465132       1.25918774
475         28.12238146      26.12816719       0.75155150       1.24266277
476         28.91325339      26.80229462       0.86478651       1.24617226
477         29.60490515      27.37267977       0.96635919       1.26586619
478         29.78735741      27.52353337       1.00114267       1.26268137
479         29.59548257      27.39777338       0.95256940       1.24513979
480         29.31682340      27.20559142       0.85165458       1.25957740
481         29.09914377      27.00782917       0.79132194       1.29999267
482         28.95773300      26.85300129       0.78573262       1.31899910
483         29.02395794      26.90405205       0.82207386       1.29783203
484         29.44877782      27.27629634       0.88639062       1.28609086
485         29.93947599      27.69879701       0.95329045       1.28738853
486         30.17520902      27.94806735       0.94172470       1.28541698
487         30.41497514      28.25246118       0.86395252       1.29856144
488         30.92420119      28.71722391       0.82600229       1.38097498
489         31.16166076      28.82811395       0.83000296       1.50354385
490         31.00756721      28.52966932       0.86812070       1.60977719
491         30.64497180      28.06178967       0.92295114       1.66023099
492         30.32074544      27.63069259       1.02367902       1.66637383
493         30.23577904      27.44318309       1.15808780       1.63450814
494         30.17005393      27.33424693       1.26753102       1.56827598
495         29.97127401      27.09925179       1.28076130       1.59126092
496         29.58780122      26.70373991       1.18547307       1.69858823
497         29.17564417      26.32444000       1.07670881       1.77449537
498         28.74540023      25.99242541       1.01595286       1.73702196
499         28.56217850      25.93786000       1.01486866       1.60944983
500         28.68266226      26.15125195       1.06371314       1.46769717
501         29.00410985      26.50929385       1.17265238       1.32216362
502         29.25728203      26.73616683       1.34022331       1.18089190
503         29.73584120      27.06752831       1.59408273       1.07423016
504         30.82885757      27.85495962       1.89389358       1.08000438
505         32.08628896      28.74582079       2.13557556       1.20489260
506         32.78070412      29.14355662       2.27384927       1.36329824
507         32.73345935      28.90485233       2.33414164       1.49446537
508         32.18564251      28.26944422       2.36181627       1.55438202
509         31.44793942      27.47275124       2.32056317       1.65462501
510         30.83579042      26.81510252       2.23128115       1.78940675
511         30.56675369      26.48713748       2.27026476       1.80935145
512         30.79185524      26.62803609       2.48569272       1.67812642
513         31.27245974      27.02267845       2.69759743       1.55218386
514         31.52773781      27.25187841       2.82138937       1.45447003
515         31.44366573      27.11164453       2.96366781       1.36835338
516         31.19163518      26.71440591       3.15845249       1.31877679
517         30.91511312      26.29414362       3.32595632       1.29501318
518         30.73213464      26.02276758       3.44792211       1.26144494
519         30.76547301      26.01590001       3.55183544       1.19773756
520         31.17142083      26.38850188       3.64989639       1.13302257
521         31.70425867      26.99147698       3.63401126       1.07877043
522         32.01153497      27.45193418       3.52380580       1.03579499
523         32.04552380      27.60288812       3.44630817       0.99632750
524         31.95236981      27.52474612       3.48164312       0.94598058
525         31.82417229      27.36145329       3.54911753       0.91360147
526         31.64069940      27.15920078       3.58287476       0.89862386
527         31.45088575      26.98780452       3.59070062       0.87238060
528         31.59152294      27.18820878       3.58061506       0.82269910
529         32.01791529      27.58060413       3.61581752       0.82149363
530         32.61868541      27.85303643       3.83039365       0.93525533
531         33.28596247      28.07720111       4.12859099       1.08017037
532         34.14999393      28.51242215       4.45292910       1.18464268
533         35.04219969      29.02933010       4.76523220       1.24763740
534         35.76065083      29.32964619       5.09036859       1.34063605
535         36.47367029      29.54100684       5.46228863       1.47037482
536         37.43915817      29.98676503       5.91104439       1.54134874
537         38.49364590      30.66041961       6.31405685       1.51916944
538         39.25194911      31.19765553       6.56512737       1.48916621
539         39.66523139      31.45991413       6.66145306       1.54386420
540         40.09534506      31.68398249       6.73808211       1.67328045
541         40.77616236      32.10222416       6.84343654       1.83050165
542         41.20432551      32.44423134       6.77884273       1.98125145
543         41.25304358      32.53009990       6.63510636       2.08783733
544         41.36620531      32.55510743       6.64458060       2.16651728
545         41.90690771      32.78903581       6.85806855       2.25980335
546         42.64814029      33.18210355       7.09550264       2.37053410
547         43.42889624      33.77358560       7.26047371       2.39483694
548         44.09755451      34.46754254       7.34104631       2.28896566
549         44.39599259      35.06250413       7.26106835       2.07242012
550         44.49650040      35.48594217       7.14417069       1.86638754
551         44.61704712      35.68865390       7.17776119       1.75063203
552         45.03529335      35.79333789       7.54558300       1.69637246
553         45.29916846      35.64916463       7.96871241       1.68129142
554         44.99174853      35.16715166       8.07916158       1.74543529
555         44.68878429      34.81983895       8.04077572       1.82816962
556         44.72995991      34.80028621       8.06873896       1.86093474
557         45.04085417      34.97202534       8.13533839       1.93349044
558         45.43834748      35.09375704       8.20436229       2.14022814
559         45.85284284      35.11152062       8.30303516       2.43828706
560         46.33907298      35.31772618       8.39296018       2.62838662
561         46.92169656      35.81083312       8.40554213       2.70532131
562         46.98752842      35.92274265       8.28594394       2.77884182
563         46.49809396      35.36011930       8.20931649       2.92865817
564         46.22287973      34.83528361       8.28520464       3.10239148
565         46.65467418      34.81096820       8.56884959       3.27485639
566         47.24609622      34.87317669       8.93541905       3.43750048
567         47.47713715      34.59718181       9.34122667       3.53872867
568         47.46013409      34.26310940       9.69947802       3.49754668
569         47.90917033      34.63612896       9.93219000       3.34085138
570         49.41275289      36.07327072      10.08617503       3.25330714
571         51.25825013      37.58578265      10.30981485       3.36265263
572         52.87895445      38.47424675      10.71322217       3.69148553
573         54.13016746      38.82985044      11.16313925       4.13717776
574         54.95130377      38.98766725      11.51237985       4.45125667
575         55.17603155      38.85561191      11.79445502       4.52596462
576         54.95490486      38.48124292      12.03282992       4.44083202
577         54.83183595      38.27543432      12.31112635       4.24527527
578         55.00034063      38.38584312      12.63979204       3.97470548
579         55.38967915      38.71108679      12.98870601       3.68988635
580         56.03894183      39.14651362      13.40581005       3.48661816
581         57.37625670      39.84019384      14.06974668       3.46631618
582         59.29874153      40.67999403      14.99175744       3.62699006
583         61.12461481      41.43227310      15.78135531       3.91098640
584         62.47440333      41.97590381      16.28433404       4.21416549
585         62.90395666      42.00097641      16.57997838       4.32300186
586         62.71316807      41.65927110      16.92143017       4.13246680
587         62.39003188      41.29606970      17.30506586       3.78889631
588         62.33832730      41.21425190      17.62637791       3.49769749
589         62.50291341      41.32583236      17.86364663       3.31343442
590         63.29129676      41.83151919      18.25590607       3.20387149
591         64.58696437      42.72057837      18.73017293       3.13621308
592         65.44863085      43.47546522      18.98507324       2.98809239
593         65.20925916      43.35587716      19.13065410       2.72272790
594         64.43572382      42.71461857      19.20483814       2.51626711
595         63.78614783      42.00008259      19.30104755       2.48501770
596         63.22447278      41.33596163      19.31288578       2.57562537
597         63.02590972      41.03733298      19.34745147       2.64112526
598         63.57615660      41.34954593      19.65434821       2.57226246
599         64.52020765      41.89048710      20.23007377       2.39964677
600         65.50870281      42.35480136      20.83293281       2.32096864
601         66.42539307      42.66950032      21.32395225       2.43194051
602         67.40126111      42.90803676      21.73680538       2.75641897
603         68.20253979      43.15029521      21.96868649       3.08355809
604         68.19159875      43.06939001      21.91430623       3.20790251
605         67.51500972      42.73984125      21.67299729       3.10217117
606         66.97241206      42.54171272      21.48546756       2.94523178
607         66.84530038      42.78336038      21.25443577       2.80750423
608         67.59276697      43.66437704      21.13205843       2.79633150
609         69.11379567      44.98200647      21.17573640       2.95605280
610         70.61509929      46.19688758      21.23387781       3.18433389
611         71.55286400      47.11760586      21.13363458       3.30162357
612         72.25428239      47.85001768      21.15641675       3.24784796
613         72.34225423      48.14871027      21.08328242       3.11026154
614         71.92202616      48.16721983      20.72389699       3.03090934
615         71.61894238      48.12633858      20.38071260       3.11189121
616         71.40163576      47.96615712      20.19861186       3.23686678
617         71.13245764      47.66309608      20.21011807       3.25924349
618         70.94346830      47.30341948      20.44736156       3.19268726
619         71.10118670      47.27340301      20.75160985       3.07617384
620         71.72373014      47.92370316      20.82681991       2.97320708
621         72.79691993      48.95717566      20.83470389       3.00504038
622         73.86086191      49.93038043      20.84327371       3.08720776
623         74.01203771      50.41415160      20.58689864       3.01098748
624         73.19531378      50.31191156      20.12793409       2.75546813
625         71.80269769      49.63417206      19.63207026       2.53645538
626         70.30965308      48.82720822      19.11058859       2.37185626
627         69.29869142      48.40205439      18.62920616       2.26743087
628         69.09556381      48.59896206      18.24413738       2.25246436
629         69.28193303      49.11282423      17.98250652       2.18660228
630         69.55693883      49.46728681      17.98595920       2.10369282
631         69.90260075      49.43740065      18.38855204       2.07664807
632         70.11612189      49.10743168      18.94182598       2.06686423
633         70.55054843      49.03297443      19.55413494       1.96343907
634         71.32802951      49.52847980      20.00526222       1.79428750
635         72.47663925      50.57855508      20.23535857       1.66272561
636         73.69342957      51.69276993      20.41464704       1.58601260
637         74.33804546      52.04048696      20.77792440       1.51963410
638         74.12994114      51.45036659      21.24276310       1.43681145
639         73.32568697      50.25066848      21.74633145       1.32868704
640         72.65241313      49.18332559      22.28225178       1.18683576
641         72.52694351      48.72609822      22.77388520       1.02696008
642         72.93634861      48.81245296      23.23382144       0.89007420
643         73.70882061      49.17756423      23.72927765       0.80197873
644         73.94939945      49.11899516      24.07619743       0.75420686
645         74.12320170      48.98621699      24.37639668       0.76058803
646         74.13832595      48.45561121      24.88494658       0.79776815
647         73.77188916      47.60418293      25.37043182       0.79727441
648         73.03530486      46.60251453      25.68669381       0.74609652
649         72.17121110      45.67013622      25.83559936       0.66547552
650         71.38560423      45.00623948      25.85438938       0.52497537
651         70.70120605      44.67614970      25.60567231       0.41938404
652         70.30213701      44.61549435      25.34227114       0.34437151
653         70.04435954      44.58979674      25.15085519       0.30370762
654         70.01267152      44.72307489      25.02221463       0.26738200
655         70.34004839      45.06275414      25.03724076       0.24005349
656         70.63861549      45.27868211      25.12567455       0.23425884
657         70.46626772      45.01238537      25.22916085       0.22472150
658         69.52716188      44.08974130      25.25985999       0.17756060
659         68.56403195      42.87801684      25.56024122       0.12577389
660         68.35878989      42.11640442      26.15149189       0.09089358
661         68.38634825      41.72151978      26.60431162       0.06051685
662         68.10588453      41.18357928      26.88508904       0.03721622
663         68.10082365      40.79724833      27.27651037       0.02706495
664         67.84122933      40.39388436      27.42785576       0.01948922
665         67.65453842      40.23361487      27.41092244       0.01000110
666         67.60714394      40.36049185      27.24424660       0.00240548
667         67.82774823      40.73418308      27.09341715       0.00014801
668         67.86325648      41.04547430      26.81726866       0.00051352
669         67.94196689      41.30565545      26.63185986       0.00445158
670         67.98282810      41.42736661      26.54714518       0.00831631
671         68.39556350      41.73123436      26.65835522       0.00597392
672         68.75526527      42.14613606      26.60414027       0.00498894
673         68.28224702      42.17856675      26.09382861       0.00985166
674         66.98079750      41.64232744      25.32164898       0.01682108
675         65.50670190      40.74722693      24.73936825       0.02010672
676         64.60248887      39.92518163      24.65378562       0.02352163
677         64.03624067      39.21220929      24.79586671       0.02816466
678         63.59247542      38.77066238      24.79422489       0.02758816
679         63.19892602      38.60780059      24.56793719       0.02318823
680         63.07911177      38.73164083      24.32506956       0.02240139
681         63.15388602      38.96406072      24.16492260       0.02490270
682         63.38598619      39.17382596      24.18423192       0.02792832
683         63.75619249      39.42474758      24.29642252       0.03502239
684         64.06048004      39.50672834      24.50923028       0.04452141
685         64.21933983      39.36672918      24.80771257       0.04489808
686         63.95860521      38.92246173      25.00109831       0.03504517
687         63.49324307      38.52201489      24.94774533       0.02348284
688         62.91298568      38.17163209      24.72844436       0.01290923
689         62.29707933      37.71701616      24.57402884       0.00603433
690         61.58264285      37.17603088      24.40403462       0.00257735
691         60.78697224      36.62125825      24.16187285       0.00384114
692         60.14670107      36.12161670      24.01081733       0.01426704
693         59.93470195      35.69460915      24.19894884       0.04114396
694         59.95814680      35.27435975      24.62057784       0.06320922
695         59.97279401      34.85673093      25.05282367       0.06323940
696         59.97800248      34.43523289      25.49039891       0.05237067
697         59.91264140      34.03093831      25.84586941       0.03583368
698         59.46967899      33.65193433      25.79051150       0.02723317
699         58.80957186      33.39335890      25.38902535       0.02718762
700         57.83868001      33.06866199      24.73190672       0.03811130
701         56.76420020      32.67264525      24.02398693       0.06756802
702         55.84710516      32.29379850      23.42616057       0.12714609
703         55.08035731      31.87380948      23.00385550       0.20269233
704         54.49884229      31.40466604      22.84960697       0.24456929
705         54.11339509      30.94037920      22.93941265       0.23360324
706         53.97980169      30.46335667      23.33858999       0.17785504
707         53.63982009      29.65385220      23.86859851       0.11736938
708         52.96989357      28.77747014      24.11087394       0.08154949
709         51.59344788      27.97430335      23.53610350       0.08304102
710         49.96446765      27.37379114      22.48863858       0.10203793
711         48.64191941      27.11884613      21.40229177       0.12078151
712         47.68768047      27.17189621      20.37997846       0.13580580
713         47.40911028      27.58248102      19.67468619       0.15194307
714         47.98013325      28.28350109      19.53507491       0.16155726
715         49.21025142      29.11778934      19.94105517       0.15140691
716         50.85373493      30.01185832      20.70979202       0.13208458
717         52.90806712      31.05440172      21.75384420       0.09982120
718         55.23756643      32.26032070      22.91508264       0.06216309
719         57.71871857      33.49285414      24.19251706       0.03334737
720         60.03092188      34.42465073      25.58507414       0.02119702
721         61.80235506      35.03059124      26.74881834       0.02294548
722         63.16794147      35.52866772      27.60615685       0.03311690
723         64.70238451      36.34943269      28.30727429       0.04567753
724         66.17551411      37.40965328      28.72326247       0.04259835
725         67.33804296      38.56841706      28.74926063       0.02036527
726         68.14197853      39.57676278      28.56270735       0.00250840
727         68.76084812      40.16535717      28.59544941       0.00004154
728         69.58747050      40.57028910      29.01691698       0.00026442
729         70.93877304      41.24682794      29.69190669       0.00003841
730         72.51641716      41.90633884      30.61002149       0.00005682
731         74.20490145      42.42344958      31.78110701       0.00034485
732         75.77133607      42.84669814      32.92405964       0.00057828
733         77.28202118      43.37868076      33.90323998       0.00010043
734         79.44101278      44.59800437      34.84190802       0.00110040
735         81.50509339      45.84260423      35.65756768       0.00492149
736         82.89556949      46.10885013      36.77979392       0.00692543
737         83.75857017      45.63400257      38.11441389       0.01015372
738         84.26592822      45.15836721      39.08815246       0.01940855
739         84.49523058      44.97352980      39.48384926       0.03785152
740         84.47898935      44.97282753      39.44116727       0.06499456
741         84.28990844      45.04745114      39.15494939       0.08750791
742         84.08161605      44.92537922      39.06888764       0.08734919
743         84.07600756      44.64406012      39.35742835       0.07451908
744         83.99844299      44.00872872      39.92918054       0.06053373
745         83.45826269      43.07516461      40.33812759       0.04497049
746         82.45444204      41.86953479      40.54870440       0.03620285
747         81.39531261      40.72827797      40.62383639       0.04319826
748         80.47278666      39.99315421      40.40776101       0.07187144
749         79.47456253      39.48661737      39.86621413       0.12173103
750         78.69718109      38.93717393      39.58249196       0.17751520
751         78.17959688      38.36763235      39.60452986       0.20743467
752         78.06003788      38.14447950      39.71120788       0.20435050
753         78.07518330      38.20482009      39.68040568       0.18995753
754         77.78811285      38.45268786      39.17485680       0.16056818
755         77.16445747      38.71928846      38.32029174       0.12487728
756         76.52379283      38.97214881      37.45263636       0.09900767
757         76.22383605      39.20326246      36.93081710       0.08975650
758         76.35639762      39.47284126      36.79288305       0.09067331
759         76.32268743      39.44365390      36.77994530       0.09908824
760         75.94628826      39.01865094      36.82781784       0.09981947
761         75.68979377      38.44499315      37.15264235       0.09215828
762         75.91884487      38.01889932      37.82259729       0.07734825
763         76.66849297      38.08480397      38.52356110       0.06012790
764         77.52474701      38.55933633      38.91566799       0.04974269
765         78.16706810      39.14456743      38.98027382       0.04222685
766         78.48791559      39.48308191      38.96419817       0.04063551
767         78.38528009      39.39830662      38.94927192       0.03770155
768         78.40885936      39.18777515      39.19065319       0.03043102
769         79.01800860      39.20636948      39.78910573       0.02253340
770         80.50414045      39.63004704      40.85332408       0.02076934
771         82.38208394      40.24732567      42.11569392       0.01906434
772         84.38342882      40.75227006      43.61568628       0.01547248
773         86.40964251      41.23589342      45.16333382       0.01041526
774         88.24465686      41.84954087      46.39166079       0.00345520
775         89.93487503      42.73125628      47.20322432       0.00039443
776         91.22895254      43.63041704      47.58000449       0.01853100
777         91.90548032      44.29379849      47.55501709       0.05666474
778         91.65974372      44.58119285      47.00159669       0.07695418
779         90.78821973      44.55271862      46.17569614       0.05980497
780         89.17902418      44.12134226      45.02867889       0.02900304
781         87.30275231      43.50348090      43.79320073       0.00607068
782         85.77749943      43.08071329      42.69628362       0.00050251
783         84.41574606      42.68472468      41.71980332       0.01121806
784         83.28701129      42.29380094      40.96703134       0.02617901
785         82.37017192      41.83662730      40.48998755       0.04355706
786         81.59799229      41.37146016      40.15600378       0.07052835
787         81.14233563      41.21044464      39.83529039       0.09660060
788         81.04713817      41.38776513      39.54497845       0.11439459
789         81.16165808      41.68100176      39.35376343       0.12689290
790         81.25255981      41.74924141      39.36885984       0.13445856
791         81.43237963      41.69959684      39.59302809       0.13975470
792         81.53171581      41.54571566      39.84885185       0.13714830
793         81.33756394      41.47495434      39.73879135       0.12381825
794         80.75793995      41.39164863      39.25056807       0.11572324
795         80.11864178      41.40157247      38.58370100       0.13336831
796         79.28861491      41.43167139      37.66930728       0.18763624
797         78.15841791      41.39970908      36.46129985       0.29740898
798         77.11043534      41.44418459      35.22714140       0.43910934
799         76.13055335      41.30747173      34.29417659       0.52890503
800         75.28906299      40.98479646      33.75802825       0.54623829
801         74.69146448      40.81176648      33.35829822       0.52139977
802         74.45829299      41.02012496      32.94995574       0.48821229
803         74.58780910      41.38458905      32.75006408       0.45315596
804         74.90352229      41.74861673      32.72861328       0.42629228
805         75.59813793      42.42547773      32.76774936       0.40491084
806         76.46729192      43.16273456      32.87843180       0.42612557
807         77.02798806      43.45869907      33.10490638       0.46438261
808         77.12914105      43.38646158      33.24107754       0.50160193
809         77.14224598      43.41777711      33.19804043       0.52642843
810         77.32437044      43.63447770      33.16902484       0.52086791
811         77.53711104      43.69023494      33.35690110       0.48997500
812         77.49264417      43.43554570      33.61036737       0.44673110
813         77.18772624      43.07874135      33.65482667       0.45415822
814         76.98266186      42.78989172      33.67802672       0.51474341
815         76.44647197      42.23134901      33.60163316       0.61348980
816         76.09545812      41.59555557      33.77925543       0.72064712
817         76.47153329      41.57654706      34.09538707       0.79959917
818         77.38465657      42.06268944      34.47362707       0.84834007
819         78.17060575      42.38832826      34.94318123       0.83909627
820         78.50592995      42.33073031      35.35926944       0.81593020
821         78.65482058      42.35345446      35.49397815       0.80738797
822         78.83746898      42.57173906      35.43602071       0.82970921
823         79.03483873      42.89317593      35.28552269       0.85614012
824         79.02441940      43.31763482      34.83155568       0.87522890
825         78.83217698      43.88774423      34.06556466       0.87886809
826         78.52929809      44.51173394      33.19308757       0.82447658
827         78.33809064      45.07868937      32.54810919       0.71129208
828         78.46172592      45.55176206      32.34099778       0.56896608
829         78.84139941      45.82711562      32.57391148       0.44037230
830         79.40138347      46.15151480      32.89709348       0.35277519
831         80.14840202      46.69928526      33.15573922       0.29337754
832         80.95179291      47.30929312      33.38840130       0.25409849
833         81.68342308      47.65481003      33.80409498       0.22451806
834         82.25820199      47.90746901      34.15135047       0.19938250
835         82.84831348      48.49475752      34.17485734       0.17869862
836         83.36039320      49.39840206      33.79796356       0.16402758
837         84.01081328      50.55675730      33.31633690       0.13771908
838         85.03027779      51.90781016      33.02131305       0.10115457
839         86.26639252      53.29289872      32.91389806       0.05959573
840         87.10677259      54.37202330      32.71062458       0.02412471
841         87.52599198      55.43985216      32.07960632       0.00653350
842         87.51131336      56.54281844      30.96658758       0.00190734
843         87.33013675      57.58620523      29.74246477       0.00146675
844         87.21787430      58.45278903      28.76346137       0.00162389
845         87.35783906      59.39402824      27.96044368       0.00336714
846         87.62472561      60.38457064      27.23367971       0.00647526
847         87.69886428      61.21279563      26.47643514       0.00963351
848         87.67172968      61.93044189      25.73281478       0.00847301
849         87.75775339      62.76875444      24.98371805       0.00528090
850         88.16532402      63.75588602      24.40599013       0.00344786
851         88.50054486      64.50054255      23.99657078       0.00343152
852         88.77026555      65.20545397      23.55750848       0.00730310
853         88.92031467      65.90854066      22.99871480       0.01305921
854         89.18991425      66.80136873      22.36520155       0.02334397
855         89.62538150      67.98249424      21.61154106       0.03134620
856         90.62603244      69.37319201      21.22448991       0.02835052
857         92.34444468      70.89443479      21.43148028       0.01852962
858         94.31744238      72.49830826      21.80871666       0.01041746
859         95.60438914      73.69994055      21.89697678       0.00747182
860         95.75379375      74.10710211      21.64046519       0.00622645
861         95.68609950      74.47061456      21.20970833       0.00577661
862         95.93122603      75.06711088      20.85980508       0.00431007
863         96.47776730      75.75462834      20.72149815       0.00164080
864         97.10307388      76.38313864      20.71989758       0.00003766
865         98.10851882      77.33492512      20.77308315       0.00051055
866         99.24735281      78.52377956      20.72245747       0.00111578
867         99.97212562      79.45338416      20.51810889       0.00063257
868         99.85442951      79.84866747      20.00567559       0.00008645
869         99.22196732      80.02358743      19.19836537       0.00001453
870         99.06145165      80.43727619      18.62411655       0.00005891
871         67.00651826      57.07454779       8.39093253       1.54103793
872         66.74751386      56.78112692       8.34614957       1.62023737
873         66.08039364      56.20497916       8.25658928       1.61882521
874         65.37640789      55.65934405       8.18192146       1.53514239
875         65.22330178      55.66703536       8.10122121       1.45504521
876         65.77954182      56.21182653       8.12045930       1.44725599
877         66.73894308      56.92219781       8.32689651       1.48984876
878         67.14238823      57.00096298       8.56436491       1.57706034
879         66.62611819      56.19342343       8.71301213       1.71968262
880         65.79144116      55.27701608       8.68180397       1.83262111
881         64.87991435      54.58370629       8.46826913       1.82793894
882         64.23936191      54.22674323       8.26012426       1.75249441
883         64.47072251      54.55002510       8.21607600       1.70462142
884         65.21445365      55.27084459       8.29239075       1.65121832
885         65.43453586      55.40602646       8.46135666       1.56715273
886         64.81770792      54.81271889       8.55105857       1.45393046
887         63.81310812      53.85090579       8.57738549       1.38481684
888         63.25103778      53.28035830       8.59472130       1.37595818
889         63.15400454      53.14785792       8.63322932       1.37291731
890         63.30872550      53.37653368       8.58126613       1.35092569
891         63.36984451      53.68508668       8.39886490       1.28589293
892         63.07387498      53.84659461       8.03851963       1.18876074
893         62.53692054      53.83419803       7.58907924       1.11364327
894         62.33970075      54.00051148       7.22798848       1.11120079
895         62.40714861      54.24366661       7.03055025       1.13293176
896         62.53178185      54.39833967       6.99760976       1.13583242
897         62.80650765      54.76691108       6.88839603       1.15120054
898         63.10035596      55.24066921       6.62505876       1.23462799
899         63.38898324      55.87234412       6.20228337       1.31435574
900         63.59866785      56.52148930       5.75511032       1.32206823
901         64.00580761      57.39103064       5.34863272       1.26614424
902         64.78655313      58.53515072       5.05376432       1.19763808
903         65.80016921      59.74275542       4.88608911       1.17132467
904         66.62172363      60.56967029       4.88026874       1.17178460
905         67.02356779      60.83985320       5.05165923       1.13205536
906         67.08931196      60.74551865       5.28879547       1.05499784
907         67.23799209      60.78004900       5.44187447       1.01606862
908         67.88041732      61.54313397       5.32985208       1.00743127
909         69.27419473      63.13633421       5.13407205       1.00378846
910         71.08413994      65.07445129       5.00674054       1.00294811
911         72.60751567      66.70656161       4.87918328       1.02177078
912         73.44940188      67.74319596       4.65498960       1.05121632
913         73.61188640      68.06957885       4.45818381       1.08412374
914         73.45807596      67.90398747       4.44452689       1.10956160
915         73.36916414      67.60022649       4.62810331       1.14083434
916         73.38890870      67.36066083       4.85394615       1.17430172
917         72.98115128      66.94330434       4.83250614       1.20534080
918         72.10464029      66.31749423       4.53669919       1.25044688
919         71.27756199      65.80018193       4.17125945       1.30612061
920         70.97314469      65.68667836       3.90814353       1.37832280
921         71.31730432      66.04585411       3.81344682       1.45800339
922         72.10373415      66.71466490       3.84317420       1.54589505
923         72.82667354      67.22847671       3.93754956       1.66064728
924         73.41808856      67.59243068       4.02547949       1.80017840
925         74.18389757      68.12048509       4.12974588       1.93366660
926         75.29032611      69.01931553       4.27282353       1.99818704
927         76.65864268      70.21891724       4.42312783       2.01659761
928         78.10797308      71.54336923       4.53533539       2.02926846
929         79.48225197      72.80983221       4.57451476       2.09790500
930         80.79325004      73.94332950       4.61036933       2.23955122
931         81.92278235      74.79580675       4.76478034       2.36219526
932         82.78158925      75.35872814       5.04557379       2.37728733
933         83.47722567      75.77621178       5.32821796       2.37279593
934         84.07323649      76.11504107       5.52610779       2.43208763
935         84.74610819      76.54021537       5.65521545       2.55067737
936         85.31301286      76.87256347       5.76130121       2.67914819
937         85.51332314      76.96776210       5.79588074       2.74968030
938         85.56940812      77.00997241       5.76041814       2.79901757
939         85.78667581      77.20427542       5.67710046       2.90529993
940         86.03775148      77.34449930       5.55377165       3.13948052
941         86.37159167      77.51808835       5.41355755       3.43994577
942         86.99223693      77.92088756       5.35946363       3.71188574
943         87.97291432      78.59118452       5.44547987       3.93624993
944         88.97276999      79.14164691       5.64955606       4.18156701
945         89.61073581      79.14505400       5.93790963       4.52777218
946         89.91309026      78.76756828       6.19357403       4.95194794
947         90.08373079      78.36348883       6.34586496       5.37437700
948         89.81240362      77.82387753       6.37168843       5.61683767
949         89.20334287      77.24813924       6.28848827       5.66671536
950         89.15025697      77.28183308       6.14770196       5.72072193
951         90.05734260      78.01886620       6.04338659       5.99508981
952         91.59657964      79.04048189       6.01576550       6.54033225
953         92.90385167      79.65408866       6.03983512       7.20992790
954         93.66622824      79.71923082       6.10201437       7.84498306
955         94.68122961      80.10601793       6.18542128       8.38979040
956         96.04085341      80.91082430       6.30527096       8.82475815
957         97.15955516      81.83920911       6.34045700       8.97988905
958         97.80037864      82.69007015       6.30219778       8.80811071
959         98.58626842      83.78349000       6.19550421       8.60727421
960         99.96708076      85.27624789       6.07642255       8.61441032
961        101.44962155      86.52298708       6.04425200       8.88238247
962        102.77931036      87.41252009       6.07003637       9.29675389
963        103.85467884      88.01280962       5.97728609       9.86458312
964        104.86544745      88.46614808       5.80082105      10.59847832
965        105.76556485      88.82753476       5.64973837      11.28829172
966        107.21379356      89.67188554       5.58241834      11.95948967
967        108.89088630      90.85390539       5.53765496      12.49932595
968        110.30479770      91.98309304       5.48338706      12.83831760
969        111.27383879      92.92473476       5.49408566      12.85501837
970        112.51243932      94.10617661       5.70329281      12.70296991
971        114.03394601      95.21120154       6.17722300      12.64552147
972        115.79447200      96.15491897       6.85176437      12.78778866
973        117.49163053      96.81717891       7.49199822      13.18245340
974        118.23105812      97.07511441       7.72808447      13.42785924
975        117.69873782      96.78214691       7.56887749      13.34771342
976        116.15915636      95.87271419       7.21555155      13.07089062
977        114.84287638      95.04805631       6.84583106      12.94898900
978        114.13805119      94.68459135       6.50403953      12.94942032
979        114.20878137      94.97327218       6.23019641      13.00531278
980        114.63690481      95.53623928       6.07821580      13.02244973
981        115.15914651      95.98608209       6.07647500      13.09658942
982        115.71134381      96.22852585       6.20923539      13.27358257
983        116.20555275      96.34298980       6.41211812      13.45044483
984        116.75929636      96.45652886       6.69900628      13.60376122
985        117.52417179      96.91061756       6.99438752      13.61916671
986        118.68738627      97.88875341       7.17738622      13.62124663
987        119.96561112      99.15735664       7.14837935      13.65987513
988        121.13703410     100.27734363       6.96788733      13.89180314
989        121.89404830     100.79078400       6.75540934      14.34785497
990        122.69695669     100.97029915       6.71122846      15.01542908
991        123.80753983     101.20259179       6.83609258      15.76885545
992        125.26345235     101.79218002       7.00875858      16.46251375
993        127.08600148     102.74112246       7.16687410      17.17800492
994        129.21124347     104.05512470       7.32082326      17.83529551
995        131.60793791     105.79016923       7.53298368      18.28478499
996        133.65370551     107.45521983       7.72738322      18.47110246
997        135.29530083     108.86189891       7.91954660      18.51385532
998        136.29767080     109.72639449       8.07774170      18.49353460
999        136.81135437     110.06669585       8.23282269      18.51183582
1000       136.93809583     109.94324680       8.39416546      18.60068358
