1            0.00000000       0.00000000       0.00000000       0.00000000
2            0.01068361       0.00032634       0.00043633       0.00992094
3            0.04298994       0.00166908       0.00231664       0.03900422
4            0.08754542       0.00350310       0.00609619       0.07794612
5            0.11514415       0.00205554       0.00710879       0.10597981
6            0.11964666       0.00000557       0.00690425       0.11273685
7            0.11964649       0.00054767       0.00921627       0.10988255
8            0.12283788       0.00023863       0.01294846       0.10965079
9            0.13191555       0.00001235       0.01624578       0.11565743
10           0.15056727       0.00008565       0.01570399       0.13477763
11           0.18393619       0.00025808       0.01304855       0.17062955
12           0.23660178       0.00131416       0.01286738       0.22242024
13           0.30368717       0.00671107       0.01617983       0.28079627
14           0.36790386       0.01453068       0.01415290       0.33922028
15           0.45428935       0.01235594       0.00858844       0.43334497
16           0.53420810       0.00587591       0.00229357       0.52603862
17           0.57212574       0.00337673       0.00000013       0.56874887
18           0.53878610       0.00436672       0.00122450       0.53319487
19           0.47766311       0.00669960       0.00482713       0.46613638
20           0.43674213       0.00766568       0.01272050       0.41635595
21           0.45200530       0.00720193       0.02322824       0.42157513
22           0.54156680       0.01320759       0.02648158       0.50187763
23           0.68717496       0.02842569       0.02369981       0.63504947
24           0.86652274       0.05152419       0.02156839       0.79343016
25           1.03019394       0.08100955       0.02364149       0.92554290
26           1.13742325       0.10419048       0.02636438       1.00686839
27           1.17820816       0.11509927       0.02901986       1.03408903
28           1.19146239       0.12186324       0.03439220       1.03520694
29           1.16868373       0.11932468       0.03605526       1.01330380
30           1.09873759       0.10717337       0.02965125       0.96191297
31           1.00637159       0.09883458       0.01865790       0.88887910
32           0.95402989       0.09339500       0.01004829       0.85058660
33           0.97273094       0.09352610       0.00206316       0.87714167
34           1.02614645       0.09781398       0.00028586       0.92804661
35           1.04636544       0.11150187       0.00418186       0.93068171
36           1.01348942       0.14363445       0.00684461       0.86301036
37           0.96595628       0.19748705       0.00848703       0.75998220
38           0.93653135       0.25328599       0.01048731       0.67275804
39           0.96145357       0.27470602       0.01422558       0.67252197
40           1.03630330       0.26439259       0.01861063       0.75330007
41           1.15425740       0.26110658       0.02077769       0.87237313
42           1.24844639       0.27930973       0.01885884       0.95027781
43           1.29928361       0.31732711       0.01593184       0.96602465
44           1.27560336       0.34140118       0.01447091       0.91973127
45           1.17894478       0.33009527       0.01472455       0.83412496
46           1.06845740       0.28892198       0.02231150       0.75722392
47           1.01933163       0.24432422       0.04565755       0.72934987
48           1.03044146       0.21125270       0.08022657       0.73896219
49           1.05119078       0.19832195       0.11894881       0.73392002
50           1.08513008       0.21248321       0.15769297       0.71495391
51           1.12046872       0.25593016       0.18178841       0.68275016
52           1.18613308       0.31755160       0.19376274       0.67481874
53           1.25123981       0.35951936       0.19049153       0.70122893
54           1.29571962       0.33879795       0.19606135       0.76086033
55           1.31759638       0.25536501       0.21826524       0.84396613
56           1.33349416       0.15714834       0.24286589       0.93347993
57           1.33532085       0.08080676       0.25413132       1.00038278
58           1.32081900       0.04426119       0.24336077       1.03319703
59           1.31263286       0.03067450       0.21348485       1.06847350
60           1.36769019       0.02462844       0.17879546       1.16426629
61           1.47662922       0.01672192       0.16337492       1.29653239
62           1.62170571       0.00812820       0.17893289       1.43464461
63           1.78779166       0.00274634       0.21682842       1.56821689
64           1.91761292       0.00072572       0.26782947       1.64905774
65           1.94593026       0.00001264       0.32441771       1.62149991
66           1.86682931       0.00232815       0.39129479       1.47320637
67           1.74578408       0.00774138       0.47620622       1.26183648
68           1.62809803       0.00992654       0.56914607       1.04902542
69           1.49771910       0.00660005       0.62641183       0.86470722
70           1.35714758       0.00349449       0.63515021       0.71850288
71           1.25310990       0.00337239       0.62167018       0.62806733
72           1.23682393       0.00422764       0.62081457       0.61178171
73           1.34923254       0.00484974       0.66448529       0.67989751
74           1.54466304       0.00891732       0.74629342       0.78945229
75           1.77820655       0.02437730       0.86712530       0.88670395
76           1.97144145       0.05378521       0.99690338       0.92075286
77           2.03217539       0.08651425       1.12170255       0.82395859
78           1.93664326       0.09289906       1.18659179       0.65715242
79           1.69082028       0.06467427       1.13405938       0.49208663
80           1.41814976       0.02904698       1.04046381       0.34863896
81           1.22131012       0.00931867       0.98259538       0.22939608
82           1.11618063       0.00229190       0.95761598       0.15627275
83           1.08947139       0.00020458       0.95570207       0.13356474
84           1.12403484       0.00017263       0.98133781       0.14252440
85           1.21514064       0.00059148       1.05180517       0.16274399
86           1.31771290       0.00007313       1.14022947       0.17741030
87           1.43921944       0.00051962       1.24729634       0.19140348
88           1.58914939       0.00454334       1.38614254       0.19846351
89           1.72564359       0.00872810       1.53006979       0.18684570
90           1.83044890       0.00915448       1.66404066       0.15725376
91           1.96295186       0.00950451       1.82440705       0.12904029
92           2.18981654       0.01420236       2.07381851       0.10179567
93           2.42531470       0.02549753       2.31405610       0.08576107
94           2.58334075       0.04591882       2.44805968       0.08936225
95           2.65048817       0.07442616       2.46154888       0.11451313
96           2.64681415       0.10682771       2.38808808       0.15189837
97           2.60602142       0.13242588       2.29606827       0.17752727
98           2.55067877       0.14052594       2.22730256       0.18285027
99           2.47959934       0.13366019       2.17054588       0.17539326
100          2.43086319       0.13341527       2.11702334       0.18042458
101          2.44234042       0.13722573       2.09907244       0.20604226
102          2.52553518       0.13047132       2.14111853       0.25394532
103          2.67285299       0.11860457       2.25987776       0.29437066
104          2.89321723       0.12225481       2.45132581       0.31963661
105          3.15107653       0.15343266       2.65747761       0.34016626
106          3.38242936       0.19642476       2.84418605       0.34181855
107          3.58199266       0.23576118       3.03563330       0.31059818
108          3.77285656       0.25703437       3.24521591       0.27060628
109          3.95439572       0.25644458       3.43074945       0.26720170
110          4.05259895       0.25234046       3.47686928       0.32338921
111          4.07072656       0.25957381       3.37078760       0.44036515
112          4.05013446       0.28004826       3.20556392       0.56452228
113          4.01908065       0.30189161       3.04695025       0.67023879
114          4.01082454       0.31158666       2.89375118       0.80548670
115          3.97804807       0.30218163       2.69034812       0.98551831
116          3.93518851       0.28673447       2.48366228       1.16479177
117          3.88614097       0.27634301       2.30875407       1.30104389
118          3.87927488       0.26742047       2.17956550       1.43228890
119          3.90890994       0.24831663       2.08311931       1.57747400
120          4.02979889       0.23487739       2.04585269       1.74906880
121          4.19914145       0.23537825       2.04353575       1.92022746
122          4.39774891       0.24200864       2.03057689       2.12516338
123          4.65788998       0.23536847       2.00240097       2.42012054
124          4.96941035       0.20322591       1.98421019       2.78197424
125          5.26212338       0.15880410       2.01760303       3.08571625
126          5.44241719       0.11060447       2.09167811       3.24013461
127          5.61668010       0.08299307       2.20426066       3.32942637
128          5.92339708       0.09313470       2.31586495       3.51439743
129          6.37669907       0.14155030       2.40762343       3.82752534
130          6.72459608       0.20575966       2.40771358       4.11112283
131          6.77143271       0.25107265       2.28138634       4.23897372
132          6.64402664       0.26615669       2.07791124       4.29995871
133          6.58800366       0.28018750       1.90269219       4.40512397
134          6.70181926       0.29931143       1.83469130       4.56781653
135          6.98403176       0.31964256       1.87132499       4.79306422
136          7.16075006       0.31865563       1.91903190       4.92306252
137          7.15935593       0.30499116       1.97242896       4.88193581
138          7.07608843       0.29255238       2.07434028       4.70919578
139          7.07969010       0.27484174       2.23212104       4.57272732
140          7.17552840       0.27137875       2.42780905       4.47634060
141          7.23384493       0.30187154       2.51770162       4.41427176
142          7.17313814       0.35283778       2.46085172       4.35944864
143          7.01991300       0.41991964       2.33277771       4.26721564
144          6.89433784       0.50176794       2.27537844       4.11719146
145          6.81677769       0.57653300       2.29109803       3.94914666
146          6.87172532       0.58217074       2.40475438       3.88480020
147          7.02027389       0.50630423       2.59308506       3.92088460
148          7.26108097       0.42737476       2.86133900       3.97236721
149          7.46193202       0.38694707       3.12285864       3.95212631
150          7.53513710       0.39148207       3.25848309       3.88517194
151          7.43347875       0.41320196       3.25339686       3.76687994
152          7.30080644       0.44414006       3.20989233       3.64677405
153          7.15357481       0.46829370       3.22182314       3.46345797
154          6.90020849       0.48445069       3.25762683       3.15813097
155          6.60746365       0.49868926       3.28706465       2.82170973
156          6.32735389       0.50082579       3.22975359       2.59677452
157          6.25817517       0.47662931       3.20226673       2.57927914
158          6.25752843       0.45003194       3.18916497       2.61833153
159          6.21767149       0.43138671       3.17668561       2.60959916
160          6.15800257       0.41670014       3.19890484       2.54239759
161          6.06756669       0.37539775       3.22882657       2.46334237
162          5.96397385       0.30327182       3.23443377       2.42626826
163          5.89785411       0.23227155       3.24092433       2.42465823
164          5.76663975       0.18120354       3.16820783       2.41722838
165          5.46700354       0.14744373       2.93682431       2.38273551
166          5.07816947       0.12247386       2.65103667       2.30465894
167          4.68301830       0.09820095       2.37246189       2.21235546
168          4.37586190       0.07621702       2.18344080       2.11620408
169          4.14012563       0.06440794       2.07389682       2.00182087
170          4.01694415       0.05944174       2.05343796       1.90406445
171          4.02306651       0.06047211       2.09310527       1.86948914
172          4.17056588       0.06409187       2.17355176       1.93292224
173          4.36929022       0.06295880       2.25637234       2.04995909
174          4.53517053       0.05015772       2.28087636       2.20413645
175          4.67007520       0.03063656       2.24053918       2.39889946
176          4.75759639       0.01355842       2.17398623       2.57005174
177          4.74409258       0.00848567       2.08640226       2.64920465
178          4.68800775       0.01231835       2.01323410       2.66245530
179          4.63275327       0.01604515       2.06256109       2.55414703
180          4.52310619       0.01198322       2.21873832       2.29238465
181          4.44140973       0.00908980       2.34355236       2.08876756
182          4.33039550       0.00955734       2.31884464       2.00199351
183          4.21118721       0.00480591       2.19978287       2.00659843
184          4.11346336       0.00003895       2.06627990       2.04714451
185          4.01566810       0.00790655       1.89675247       2.11100907
186          3.91885437       0.02033949       1.71510758       2.18340729
187          3.91318914       0.02677292       1.62319051       2.26322571
188          4.01808060       0.03129370       1.63889504       2.34789187
189          4.15953485       0.03444727       1.70554889       2.41953869
190          4.29291578       0.03402402       1.77649693       2.48239483
191          4.38847734       0.03212744       1.79387683       2.56247308
192          4.40569884       0.02855906       1.73776303       2.63937676
193          4.37416874       0.02839849       1.63109281       2.71467743
194          4.36521814       0.03233929       1.54716026       2.78571859
195          4.37886620       0.03533082       1.50620852       2.83732686
196          4.32532549       0.03507982       1.46687599       2.82336968
197          4.25832576       0.03526393       1.44344387       2.77961796
198          4.21949305       0.03752878       1.42038054       2.76158373
199          4.19511688       0.04050810       1.40660610       2.74800268
200          4.16399584       0.03599603       1.39151875       2.73648106
201          4.08055021       0.02106833       1.35453546       2.70494642
202          3.99338412       0.00763459       1.29131878       2.69443075
203          3.94753876       0.00232269       1.26909879       2.67611728
204          4.03447243       0.00082808       1.35563915       2.67800519
205          4.19235954       0.00033190       1.53272767       2.65929997
206          4.39482536       0.00001977       1.74324279       2.65156280
207          4.59753620       0.00007530       1.89643479       2.70102612
208          4.78928415       0.00097460       1.94744579       2.84086376
209          4.94933276       0.00348397       1.93297716       3.01287163
210          5.07087995       0.00840975       1.92781903       3.13465116
211          5.16889789       0.01338405       1.95921949       3.19629435
212          5.13625148       0.01591934       1.98779091       3.13254123
213          4.96783669       0.01816434       1.96864872       2.98102363
214          4.72188581       0.02294787       1.92425925       2.77467869
215          4.47636405       0.03336100       1.91780974       2.52519330
216          4.26624360       0.04604294       1.99511871       2.22508195
217          4.18064563       0.05362473       2.17902248       1.94799842
218          4.27218147       0.06044516       2.40287236       1.80886395
219          4.40687114       0.07455687       2.53839866       1.79391561
220          4.55259791       0.10237836       2.57722090       1.87299865
221          4.67246328       0.13112619       2.59219048       1.94914661
222          4.68865468       0.15785744       2.59832874       1.93246851
223          4.64471827       0.18530001       2.61252500       1.84689326
224          4.60130949       0.21169890       2.63645722       1.75315337
225          4.62264039       0.22684359       2.70516720       1.69062960
226          4.73884200       0.22157623       2.87392701       1.64333876
227          4.91888797       0.19957470       3.14268404       1.57662922
228          5.06423603       0.17882875       3.38464113       1.50076615
229          5.21140381       0.19113378       3.53189038       1.48837965
230          5.52949921       0.24602454       3.69898907       1.58448560
231          6.06481722       0.36324101       3.92873991       1.77283630
232          6.57037234       0.46221626       4.14752637       1.96062971
233          6.76623234       0.47257594       4.21090128       2.08275512
234          6.77797103       0.43885974       4.20490532       2.13420596
235          6.77878645       0.45306302       4.13801183       2.18771161
236          6.63298346       0.50736737       3.91449315       2.21112293
237          6.37259160       0.55521562       3.58928405       2.22809194
238          6.17678457       0.58831123       3.34495191       2.24352143
239          6.18427426       0.64392481       3.27178848       2.26856096
240          6.34153058       0.72011252       3.33597421       2.28544385
241          6.43562019       0.73406618       3.44434365       2.25721036
242          6.46809944       0.69529798       3.55268685       2.22011460
243          6.41316862       0.64521244       3.65375552       2.11420065
244          6.34714255       0.62989126       3.68159938       2.03565192
245          6.23629448       0.65932148       3.57925977       1.99771324
246          6.03464417       0.71346310       3.34986642       1.97131465
247          5.77850465       0.75474661       3.17168634       1.85207170
248          5.58950396       0.77027323       3.15817255       1.66105818
249          5.43952768       0.71490279       3.26492715       1.45969775
250          5.29979720       0.63447968       3.29719817       1.36811935
251          5.18967698       0.58193849       3.22601580       1.38172269
252          5.16712622       0.55380314       3.19665539       1.41666769
253          5.19922483       0.54071143       3.21628299       1.44223042
254          5.13296373       0.53257609       3.13864409       1.46174355
255          5.03597221       0.53555578       2.92456839       1.57584804
256          4.95546962       0.54682530       2.62392306       1.78472126
257          4.78213634       0.55134263       2.25739759       1.97339612
258          4.51199369       0.51538470       1.95486103       2.04174795
259          4.15432414       0.42147139       1.71750634       2.01534641
260          3.83207964       0.33849403       1.52332377       1.97026184
261          3.61930011       0.31974145       1.41353930       1.88601936
262          3.60820428       0.36667013       1.39679431       1.84473984
263          3.83809915       0.44585184       1.46793065       1.92431665
264          3.88454322       0.52092498       1.52925737       1.83436087
265          3.82088982       0.56394920       1.58969045       1.66725017
266          3.91757502       0.67345452       1.75219461       1.49192588
267          3.99634943       0.76523965       1.92115182       1.30995796
268          3.91226741       0.82002491       1.96920946       1.12303304
269          3.90400854       0.87880626       1.98198573       1.04321655
270          4.11505018       0.98360033       2.02684592       1.10460392
271          4.32365729       1.05572004       2.06427496       1.20366229
272          4.38806191       1.08314100       2.04609205       1.25882887
273          4.29851694       1.11051821       1.93462540       1.25337333
274          4.22089571       1.16461639       1.83959304       1.21668628
275          4.21527037       1.24422895       1.81439723       1.15664420
276          4.13692913       1.25455259       1.80366614       1.07871040
277          4.18530670       1.37260687       1.83069137       0.98200846
278          4.29943948       1.55605581       1.85544028       0.88794339
279          4.47980737       1.75727682       1.86901398       0.85351658
280          4.65218728       1.94709787       1.92835574       0.77673367
281          4.76432329       2.11781767       1.98473674       0.66176888
282          4.77675882       2.20660713       1.98845125       0.58170044
283          4.88514493       2.34903169       1.97733916       0.55877409
284          5.16929540       2.54858035       2.02045511       0.60025994
285          5.59914140       2.77533016       2.15690539       0.66690585
286          6.00066421       3.00984092       2.33175099       0.65907230
287          6.15892723       3.15160303       2.46445037       0.54287383
288          6.07895273       3.15181156       2.53155673       0.39558444
289          5.99125723       3.09814341       2.56778527       0.32532855
290          5.95114389       3.01929505       2.60731848       0.32453036
291          5.98833698       2.97177787       2.68053412       0.33602498
292          6.11903216       3.06551000       2.73384928       0.31967287
293          6.31256129       3.29326653       2.75064590       0.26864885
294          6.49127549       3.57107297       2.70777902       0.21242350
295          6.82999756       3.86750824       2.77552641       0.18696290
296          7.37969813       4.16991666       3.00825887       0.20152259
297          7.92266741       4.47972938       3.21615451       0.22678352
298          8.28735948       4.77481248       3.27431012       0.23823689
299          8.52157657       5.05147475       3.23882323       0.23127858
300          8.71113091       5.27473356       3.22339405       0.21300330
301          8.78581318       5.40416542       3.19304281       0.18860496
302          8.97587826       5.53344702       3.26772828       0.17470297
303          9.20930441       5.57637535       3.45852102       0.17440803
304          9.53630880       5.66414696       3.69504279       0.17711904
305          9.63098248       5.66240274       3.79758478       0.17099496
306          9.71270952       5.66804403       3.86804432       0.17662117
307          9.83034371       5.68985049       3.92443616       0.21605706
308          9.94384474       5.74503071       3.93492406       0.26388997
309          9.88636157       5.80504929       3.80118071       0.28013157
310          9.68480994       5.85045431       3.56822598       0.26612965
311          9.54012577       5.86425306       3.42713408       0.24873863
312          9.57136900       5.88680664       3.44256931       0.24199305
313          9.70077308       5.93781031       3.51640283       0.24655994
314          9.86666773       6.09003906       3.52226556       0.25436311
315          9.92325089       6.28805134       3.37797702       0.25722253
316          9.82446439       6.43390079       3.12928189       0.26128171
317          9.69843403       6.48193070       2.92784295       0.28866037
318          9.54306334       6.37234625       2.82455814       0.34615895
319          9.26996249       6.12088857       2.77554780       0.37352612
320          8.82644244       5.76536530       2.70486695       0.35621020
321          8.45641450       5.42444134       2.68403413       0.34793903
322          6.95414129       4.29724911       0.16916835       2.48772384
323          7.06439053       4.38542318       0.21752344       2.46144392
324          7.14443273       4.50032710       0.26175280       2.38235283
325          7.26915812       4.56155715       0.25348353       2.45411744
326          7.40295387       4.55644761       0.22935234       2.61715392
327          7.44159105       4.49748454       0.24338493       2.70072159
328          7.34974357       4.38491712       0.27541754       2.68940891
329          7.26456889       4.27217209       0.29448289       2.69791390
330          7.25221082       4.18374519       0.29318965       2.77527599
331          7.25076877       4.09784847       0.29060831       2.86231199
332          7.22210754       4.03353893       0.30643544       2.88213317
333          7.23827147       4.07535346       0.32160420       2.84131381
334          7.33812589       4.25952475       0.32334080       2.75526034
335          7.39774671       4.50198096       0.29800599       2.59775976
336          7.33823690       4.62934822       0.27026657       2.43862211
337          7.22877736       4.58639980       0.24664870       2.39572886
338          7.17119875       4.45674190       0.22027222       2.49418464
339          7.21581764       4.35480957       0.20759160       2.65341646
340          7.20530664       4.29516651       0.22502195       2.68511817
341          7.02583906       4.24329743       0.27174394       2.51079769
342          6.89450609       4.25126843       0.33241064       2.31082702
343          6.92650870       4.32564021       0.40309453       2.19777396
344          7.11174717       4.47223578       0.49584811       2.14366327
345          7.41575185       4.67847578       0.60235229       2.13492379
346          7.66500898       4.80423281       0.71107684       2.14969933
347          7.86783393       4.84571500       0.82688407       2.19523487
348          8.06333597       4.91950120       0.90494835       2.23888643
349          8.38871896       5.17013324       0.94268126       2.27590446
350          8.83943036       5.53850606       0.96520058       2.33572372
351          9.24353561       5.84176554       0.96195934       2.43981073
352          9.39010448       5.92340804       0.93569697       2.53099946
353          9.42362544       5.88066914       0.94956873       2.59338758
354          9.51859051       5.85271884       1.05039970       2.61547198
355          9.62329460       5.87017009       1.20353237       2.54959214
356          9.65924426       5.88591356       1.36027640       2.41305429
357          9.68851317       5.91211133       1.55842568       2.21797616
358          9.73513785       5.93717872       1.81572299       1.98223614
359          9.67019034       5.95689153       2.00683152       1.70646729
360          9.60636147       6.01000773       2.14639102       1.44996272
361          9.64446196       6.11917418       2.24220176       1.28308602
362          9.82468734       6.30438686       2.31550384       1.20479664
363         10.12850322       6.50745355       2.43100747       1.19004219
364         10.34894890       6.52929111       2.58589913       1.23375865
365         10.27751456       6.31131826       2.69310533       1.27309097
366          9.92529167       5.99012717       2.69004675       1.24511774
367          9.47492333       5.66093901       2.69838963       1.11559469
368          9.06928467       5.34914681       2.77106089       0.94907698
369          8.71768327       5.08859701       2.80175487       0.82733139
370          8.40569481       4.92275718       2.69521235       0.78772528
371          8.39494797       4.98689296       2.60033437       0.80772065
372          8.51746272       5.08646911       2.60471691       0.82627669
373          8.55112355       5.07645308       2.64849674       0.82617374
374          8.44055728       5.01581121       2.64382738       0.78091869
375          8.35902925       4.99224458       2.65848818       0.70829648
376          8.27407036       4.88064002       2.74826977       0.64516057
377          8.18376597       4.66738360       2.91754514       0.59883723
378          8.14990157       4.55192995       3.04840848       0.54956314
379          8.15467907       4.52274417       3.16582547       0.46610942
380          8.23955191       4.50453103       3.36215185       0.37286902
381          8.39127214       4.52561513       3.56504785       0.30060916
382          8.64001806       4.63531018       3.74436544       0.26034244
383          8.80327352       4.72671111       3.83105461       0.24550780
384          8.80970804       4.71031069       3.88503597       0.21436137
385          8.80142373       4.62540106       4.03468667       0.14133599
386          8.76611912       4.40536564       4.29263357       0.06811991
387          8.67990846       4.07999847       4.56877732       0.03113267
388          8.51552902       3.77761532       4.71922022       0.01869348
389          8.31550400       3.60318336       4.69294646       0.01937418
390          8.17194784       3.50963783       4.63313343       0.02917659
391          8.13338415       3.44714685       4.64061986       0.04561744
392          8.29009250       3.42318120       4.81082366       0.05608764
393          8.53185017       3.41577098       5.06888828       0.04719091
394          8.69402111       3.36759788       5.29604337       0.03037986
395          8.76304398       3.28724911       5.46415669       0.01163818
396          8.84374897       3.19245848       5.65012810       0.00116239
397          9.07241161       3.15116863       5.92012860       0.00111437
398          9.40008643       3.18409988       6.21022289       0.00576366
399          9.63623851       3.16495333       6.46546660       0.00581859
400          9.70203122       3.08234112       6.61777858       0.00191152
401          9.68157204       2.98001605       6.70136665       0.00018933
402          9.65434770       2.91519079       6.73913090       0.00002600
403          9.64754059       2.86766283       6.77971903       0.00015873
404          9.78222257       2.80195524       6.98019555       0.00007179
405         10.16270755       2.72698176       7.43477199       0.00095380
406         10.68361013       2.64107508       8.03141305       0.01112200
407         11.04426478       2.53874004       8.47578839       0.02973635
408         11.22590151       2.45935342       8.72546200       0.04108609
409         11.39663091       2.46281702       8.89464337       0.03917052
410         11.57505616       2.52186228       9.01606268       0.03713120
411         11.58837902       2.53857806       9.01626734       0.03353362
412         11.48972024       2.51264536       8.94688440       0.03019048
413         11.36858602       2.46522638       8.86925931       0.03410033
414         11.32407309       2.39429137       8.88601229       0.04376943
415         11.45643574       2.30869512       9.09272762       0.05501300
416         11.67707837       2.25371790       9.36003495       0.06332552
417         12.04349496       2.29337416       9.68514114       0.06497965
418         12.45881650       2.37418245      10.02275078       0.06188327
419         12.73110481       2.45012596      10.22673818       0.05424067
420         12.71696415       2.46808606      10.20066409       0.04821401
421         12.47622086       2.42776249       9.99987401       0.04858435
422         12.10062602       2.33921721       9.71455607       0.04685274
423         11.67925002       2.21962588       9.41820626       0.04141789
424         11.34575668       2.11673890       9.19359712       0.03542066
425         11.20220962       2.06298909       9.11150127       0.02771927
426         11.40581098       2.08838309       9.30045240       0.01697549
427         11.83600090       2.13517695       9.69528817       0.00553578
428         12.35287275       2.10923245      10.24311608       0.00052422
429         12.75998247       1.99387351      10.76601587       0.00009309
430         12.91180554       1.82000794      11.09115759       0.00064001
431         12.77507085       1.58935635      11.18519851       0.00051600
432         12.49081495       1.37379044      11.11696806       0.00005645
433         12.12317063       1.20687591      10.91624618       0.00004855
434         11.75106368       1.11598423      10.63437758       0.00070187
435         11.54235161       1.06735751      10.47280177       0.00219233
436         11.57820364       1.06329882      10.51236533       0.00253948
437         11.89546055       1.09179208      10.80235318       0.00131530
438         12.30645649       1.12813671      11.17712231       0.00119748
439         12.61233186       1.11280612      11.49802045       0.00150529
440         12.69714971       1.00480337      11.69156045       0.00078588
441         12.67280742       0.86075452      11.81191668       0.00013622
442         12.59560454       0.74638864      11.84580214       0.00341375
443         12.34873136       0.66754459      11.67522078       0.00596599
444         11.98874077       0.61521556      11.36338433       0.01014088
445         11.57579047       0.59671256      10.96242970       0.01664821
446         11.23918476       0.59204030      10.62668728       0.02045717
447         10.99498782       0.56783350      10.41247832       0.01467600
448         11.01837103       0.53272195      10.47661070       0.00903838
449         11.21264093       0.50396812      10.70259533       0.00607749
450         11.52203856       0.47209994      11.04673148       0.00320714
451         11.79420096       0.42793022      11.36514553       0.00112521
452         12.01361019       0.39060573      11.62243129       0.00057317
453         12.09038395       0.37257572      11.71610880       0.00169943
454         12.06529699       0.35995567      11.70251637       0.00282495
455         12.15074456       0.35875367      11.79054388       0.00144701
456         12.20965334       0.36585007      11.84380035       0.00000292
457         12.30871164       0.37399800      11.93423511       0.00047853
458         12.49895967       0.38882094      12.10904479       0.00109395
459         12.80041792       0.40660646      12.39304465       0.00076681
460         12.97819505       0.41348164      12.56448670       0.00022672
461         12.94473864       0.39657174      12.54809056       0.00007634
462         12.74557407       0.37602901      12.36891465       0.00063041
463         12.33201801       0.36979488      11.95973556       0.00248757
464         11.88064630       0.37813054      11.49701263       0.00550312
465         11.69583267       0.40975898      11.27730467       0.00876901
466         11.80943778       0.48556516      11.31646377       0.00740885
467         12.14155028       0.59776796      11.54216430       0.00161802
468         12.63971833       0.69866383      11.94078655       0.00026796
469         13.11254502       0.73777451      12.37108231       0.00368821
470         13.43063245       0.70721461      12.71648359       0.00693425
471         13.62502001       0.65497025      12.96159125       0.00845851
472         13.69646112       0.60527110      13.08081373       0.01037629
473         13.52631953       0.53975757      12.97426172       0.01230024
474         13.26382491       0.46486113      12.78131677       0.01764701
475         13.10266636       0.40221635      12.67540733       0.02504267
476         13.18282296       0.41740643      12.73954421       0.02587232
477         13.49450604       0.48766019      12.97895934       0.02788650
478         13.94287918       0.53477322      13.37558531       0.03252066
479         14.60631867       0.54002172      14.02965607       0.03664088
480         15.18525200       0.51797706      14.62655258       0.04072236
481         15.34902914       0.48911133      14.81762884       0.04228897
482         15.33440548       0.45048698      14.84771759       0.03620090
483         15.28716563       0.41014259      14.85184990       0.02517314
484         15.08954757       0.36589970      14.70977400       0.01387386
485         14.78709769       0.33240664      14.44957310       0.00511795
486         14.74985370       0.34825552      14.40155382       0.00004436
487         15.17931324       0.40638693      14.76644989       0.00647642
488         15.96266565       0.46028561      15.47731025       0.02506979
489         16.75358090       0.50769276      16.20252630       0.04336183
490         17.46285938       0.58928162      16.81447873       0.05909903
491         18.17616637       0.72091156      17.38502620       0.07022860
492         18.84004133       0.86531985      17.88806171       0.08665976
493         19.34746306       0.95762823      18.27505566       0.11477917
494         19.64172285       1.01600286      18.45383758       0.17188241
495         20.08311538       1.08641633      18.75765013       0.23904892
496         20.72698782       1.17991225      19.26116747       0.28590810
497         21.37690794       1.28024156      19.79970194       0.29696444
498         21.97634129       1.40333343      20.28995845       0.28304941
499         22.30553239       1.52343102      20.50071249       0.28138887
500         22.56387567       1.58504935      20.70319852       0.27562780
501         22.93790375       1.64349546      21.05778790       0.23662039
502         23.31410961       1.71708185      21.41089257       0.18613518
503         23.70753866       1.77258333      21.79672449       0.13823085
504         24.25123156       1.77182314      22.34782734       0.13158108
505         24.67496670       1.66931586      22.83994171       0.16570913
506         24.99351117       1.53614389      23.25233507       0.20503221
507         25.35390157       1.42659019      23.69424550       0.23306588
508         26.06647352       1.37446028      24.47388053       0.21813270
509         27.17558887       1.43837072      25.55958145       0.17763670
510         28.28373857       1.57812070      26.57387932       0.13173855
511         28.99784875       1.69304660      27.21156792       0.09323423
512         29.35070540       1.72623837      27.56131047       0.06315656
513         29.55897158       1.73192025      27.78593287       0.04111847
514         29.61514838       1.76165667      27.82343571       0.03005601
515         29.65663991       1.83987351      27.79498442       0.02178198
516         30.03783690       1.95959464      28.06140265       0.01683961
517         30.57129083       2.05733055      28.50281277       0.01114751
518         31.01210312       2.23624257      28.76896027       0.00690028
519         31.27086843       2.40114289      28.86574379       0.00398175
520         31.38700176       2.47677713      28.90284044       0.00738419
521         31.39627991       2.41821509      28.96656565       0.01149918
522         31.23426691       2.37125308      28.85392197       0.00909185
523         31.05882700       2.36581470      28.68902220       0.00399009
524         31.01409186       2.34846274      28.66457180       0.00105732
525         30.96122471       2.42676517      28.53386658       0.00059296
526         31.20257944       2.63688109      28.56567795       0.00002040
527         31.76535421       2.90520820      28.85855773       0.00158828
528         32.53349149       3.14797648      29.38260905       0.00290597
529         33.05996880       3.33421698      29.72392879       0.00182302
530         33.10864476       3.49099827      29.61584551       0.00180098
531         32.85913160       3.65552978      29.20220514       0.00139669
532         32.44775959       3.76740553      28.68025978       0.00009428
533         32.11022847       3.77130081      28.33879986       0.00012780
534         31.88823644       3.64748783      28.24071994       0.00002867
535         31.74517066       3.49324174      28.25100651       0.00092241
536         31.74658450       3.53044777      28.20849193       0.00764480
537         32.11715841       3.83215552      28.26763650       0.01736639
538         32.57418245       4.33709581      28.21871908       0.01836756
539         33.03945626       4.89765346      28.12916867       0.01263413
540         33.57226099       5.44254787      28.11906317       0.01064995
541         33.93953475       5.77631161      28.14694967       0.01627347
542         34.23418282       5.88888095      28.32434159       0.02096029
543         34.08226817       5.78800038      28.27265093       0.02161685
544         33.54665176       5.61860378      27.90097646       0.02707151
545         33.53658458       5.51083846      27.98263035       0.04311577
546         34.20958765       5.47320270      28.66857186       0.06781309
547         35.02760428       5.54106417      29.39568080       0.09085930
548         35.57410145       5.61765264      29.85623975       0.10020906
549         36.24812441       5.90551728      30.25223909       0.09036804
550         37.14643010       6.32709806      30.73882749       0.08050455
551         37.71267118       6.67828599      30.95417284       0.08021236
552         37.69373233       6.72556422      30.88831407       0.07985404
553         37.49208878       6.68932680      30.74263984       0.06012215
554         37.40888782       6.73073411      30.64556680       0.03258691
555         36.97913965       6.62271675      30.33744281       0.01898009
556         36.37236090       6.30373802      30.04891407       0.01970881
557         35.82571580       5.97064260      29.83048214       0.02459106
558         35.48828874       5.95194111      29.51595039       0.02039724
559         35.33945427       6.09753405      29.22701023       0.01490999
560         35.43830711       6.16758023      29.26217181       0.00855508
561         35.44656580       6.10794351      29.33575951       0.00286278
562         35.28247586       6.05978655      29.22245546       0.00023385
563         34.93933417       6.04291194      28.89640804       0.00001420
564         34.69581615       5.95286827      28.74294227       0.00000562
565         34.79016746       5.85465918      28.93498028       0.00052800
566         35.18310003       5.91440259      29.26591927       0.00277817
567         35.57452313       6.15091992      29.41732375       0.00627946
568         35.65784037       6.46518248      29.18053625       0.01212164
569         35.55978354       6.84204422      28.69223109       0.02550823
570         35.42601722       7.14208216      28.23478801       0.04914705
571         35.62183028       7.34835694      28.19267282       0.08080052
572         36.04712857       7.51178056      28.43655802       0.09878999
573         36.61913408       7.68970021      28.82906248       0.10037139
574         36.95316167       7.85804736      29.00096032       0.09415399
575         36.88841617       7.99012960      28.80475609       0.09353048
576         36.45402586       8.11518097      28.23833168       0.10051321
577         35.96790414       8.26246562      27.60010345       0.10533508
578         35.92720214       8.36014481      27.47208716       0.09497018
579         36.30221556       8.35768609      27.87592479       0.06860467
580         36.96457206       8.28157704      28.63636064       0.04663438
581         37.51794456       8.22053244      29.25488692       0.04252520
582         37.76710911       8.26179865      29.43172487       0.07358559
583         37.59558493       8.42406473      29.01914131       0.15237889
584         37.23029735       8.60834955      28.36269054       0.25925727
585         36.95777273       8.78885624      27.80727873       0.36163776
586         36.81625229       8.83934109      27.54276091       0.43415029
587         36.65825057       8.77884497      27.42597429       0.45343130
588         36.41913747       8.69892992      27.29457050       0.42563705
589         36.17531440       8.74706119      27.02358443       0.40466878
590         35.84533647       8.99055512      26.44977527       0.40500608
591         35.22032676       9.21535998      25.58217559       0.42279119
592         34.48820064       9.33267887      24.71853283       0.43698894
593         34.11266654       9.44128944      24.21107521       0.46030189
594         34.10640932       9.54625153      24.08162077       0.47853702
595         34.31853233       9.52151141      24.29103064       0.50599028
596         34.19927715       9.20796734      24.43926154       0.55204827
597         33.57448734       8.69367507      24.27190949       0.60890278
598         32.86990791       8.21142385      23.99556354       0.66292052
599         32.45128700       8.06976216      23.68196906       0.69955578
600         32.21268120       8.28563640      23.21652611       0.71051868
601         31.79978040       8.58493862      22.51304363       0.70179815
602         31.14007173       8.72081727      21.74453910       0.67471536
603         30.34459917       8.65878188      21.09080862       0.59500867
604         29.78285224       8.62054527      20.67350118       0.48880579
605         29.60645369       8.73541720      20.45208801       0.41894849
606         29.82552420       9.07869875      20.36398520       0.38284024
607         30.30596940       9.46947064      20.46698986       0.36950890
608         30.66396161       9.69462097      20.59443302       0.37490762
609         30.52649045       9.65873548      20.47300891       0.39474606
610         29.97724406       9.52221311      20.03319339       0.42183756
611         29.40061295       9.58926129      19.35808869       0.45326298
612         29.15342436       9.56308409      19.15158516       0.43875511
613         29.14074302       9.41523984      19.28153333       0.44396986
614         29.29127344       9.33266213      19.52169716       0.43691415
615         29.19477295       9.63242383      19.17574461       0.38660451
616         29.18182344      10.02172563      18.82833259       0.33176522
617         29.73786383      10.22269314      19.25163276       0.26353792
618         30.61484146      10.28075631      20.12784849       0.20623666
619         31.11438106      10.28653345      20.64581628       0.18203133
620         30.97743341      10.38970389      20.39553387       0.19219565
621         30.44914363      10.44893283      19.79671124       0.20349956
622         29.80983365      10.37583148      19.23039625       0.20360592
623         28.96523936      10.10709016      18.64947853       0.20867067
624         28.19706326       9.82170215      18.14637357       0.22898754
625         27.35528711       9.48607549      17.62996544       0.23924617
626         26.18342578       8.86384417      17.10514984       0.21443177
627         25.26455183       8.27477124      16.83624146       0.15353913
628         24.48067749       7.79582777      16.59480430       0.09004543
629         23.84226901       7.57307095      16.22152728       0.04767077
630         23.36067655       7.32771555      16.01496198       0.01799903
631         22.88643499       6.83630091      16.04804313       0.00209095
632         22.51709296       6.29542183      16.21904896       0.00262218
633         22.49452175       5.98928375      16.48156820       0.02366980
634         22.80837342       5.92027975      16.82521395       0.06287971
635         23.30024423       5.94537190      17.23359042       0.12128191
636         23.92331288       6.08020530      17.65255259       0.19055499
637         24.32550381       6.15894617      17.93739398       0.22916367
638         24.36130723       6.10286919      18.04475695       0.21368108
639         23.98611583       5.98113823      17.82549282       0.17948478
640         23.54431414       5.91497421      17.46447495       0.16486498
641         23.20381173       5.96530066      17.07223417       0.16627689
642         23.10151951       6.06134478      16.87922944       0.16094529
643         23.25196935       6.14478121      16.94334810       0.16384005
644         23.43823025       6.09689694      17.17134572       0.16998760
645         23.52953333       5.89442615      17.45065931       0.18444787
646         23.62529682       5.63992696      17.77456198       0.21080788
647         23.81283589       5.41097499      18.16078283       0.24107807
648         23.93161994       5.21565698      18.44106445       0.27489851
649         23.70994812       5.10075549      18.32280053       0.28639209
650         23.18517118       5.01523883      17.90378003       0.26615233
651         22.50168033       4.91311913      17.35015428       0.23840692
652         21.88244733       4.85012912      16.80085226       0.23146595
653         21.47465349       4.86097627      16.39158520       0.22209202
654         21.41163730       5.00451382      16.22575130       0.18137218
655         21.82241957       5.24579396      16.44745895       0.12916666
656         22.76182591       5.50151764      17.16415303       0.09615524
657         23.81345772       5.66666613      18.07769473       0.06909685
658         24.50617405       5.71596189      18.74625758       0.04395458
659         24.71081218       5.65750053      19.02308002       0.03023163
660         24.72857778       5.54123766      19.16227389       0.02506622
661         24.92513360       5.43109187      19.47037846       0.02366327
662         25.40445014       5.38262128      19.98586326       0.03596559
663         26.01052740       5.48263986      20.46808994       0.05979761
664         26.52139122       5.77248066      20.67023843       0.07867214
665         27.01020711       6.22974883      20.69621702       0.08424126
666         27.47488019       6.72078591      20.67533904       0.07875524
667         27.82765965       7.15439990      20.60833106       0.06492869
668         27.98574712       7.43052607      20.51142615       0.04379490
669         27.99627228       7.47753389      20.49182381       0.02691458
670         28.15691376       7.44945792      20.69259529       0.01486055
671         28.36433487       7.32734486      21.03011047       0.00687954
672         28.31900290       7.08171666      21.23548300       0.00180324
673         28.26352364       6.80846016      21.45492106       0.00014242
674         28.60602332       6.72591635      21.87999499       0.00011197
675         29.29879804       6.81484996      22.48252940       0.00141867
676         29.82982374       6.80722784      23.01779873       0.00479717
677         29.94867168       6.59619294      23.34622959       0.00624916
678         29.81780176       6.23024419      23.58335035       0.00420723
679         29.65218155       5.86369044      23.78597312       0.00251799
680         29.34991236       5.51500125      23.83213732       0.00277379
681         28.86551848       5.18057608      23.68222231       0.00272009
682         28.27815287       4.88412108      23.39327860       0.00075319
683         27.71540052       4.69365492      23.02094928       0.00079632
684         27.41994667       4.69180947      22.71996887       0.00816833
685         27.52554923       4.89234629      22.61427512       0.01892781
686         28.07433148       5.13131538      22.91953005       0.02348604
687         28.84578130       5.26654182      23.55729162       0.02194785
688         29.53381246       5.26734231      24.24891771       0.01755243
689         29.91700956       5.09244052      24.81392842       0.01064062
690         30.21435671       4.80874085      25.40237919       0.00323667
691         30.54628398       4.47961005      26.06602232       0.00065161
692         30.96818939       4.17470690      26.79269808       0.00078440
693         31.39597337       3.97877910      27.41700460       0.00018967
694         31.69963432       3.93577835      27.76217690       0.00167907
695         32.08428768       4.03744478      28.03049813       0.01634477
696         32.80170424       4.15404866      28.61951735       0.02813824
697         33.94396314       4.14204600      29.77728777       0.02462937
698         34.90751792       4.04305383      30.84845114       0.01601294
699         35.55023411       3.89526543      31.64342260       0.01154608
700         36.12542191       3.84929956      32.25937184       0.01675052
701         36.89993301       3.92560798      32.94363068       0.03069435
702         37.69442772       3.96581248      33.68075699       0.04785825
703         38.06836571       3.83927885      34.16325335       0.06583352
704         37.76335330       3.62364491      34.05067999       0.08902840
705         36.98643232       3.42240165      33.45240606       0.11162461
706         36.37508757       3.20271662      33.06623439       0.10613656
707         36.20704286       3.01112807      33.12849425       0.06742054
708         36.31175601       2.97703125      33.30818960       0.02653517
709         36.37911419       3.09815795      33.27589094       0.00506530
710         36.23422311       3.21170452      33.02243338       0.00008521
711         35.76855190       3.16209980      32.60616831       0.00028380
712         35.38554771       3.04188317      32.34352259       0.00014194
713         35.56441901       3.04233641      32.52204999       0.00003261
714         36.45952403       3.29772191      33.15997467       0.00182746
715         37.45533736       3.54569966      33.90004552       0.00959219
716         38.10378906       3.56335221      34.52054267       0.01989419
717         38.24626497       3.35410815      34.87049406       0.02166275
718         38.15853913       3.17218512      34.97860513       0.00774888
719         38.17040999       3.12240191      35.04784497       0.00016311
720         38.40147304       3.06992302      35.31909032       0.01245970
721         38.60594854       2.98038984      35.59144843       0.03411027
722         38.47042348       2.87165333      35.54688014       0.05189001
723         38.17173585       2.75866770      35.35984255       0.05322560
724         37.86879957       2.71239918      35.12042081       0.03597959
725         37.74667625       2.79801391      34.92940329       0.01925906
726         37.78951614       2.92351015      34.85515058       0.01085542
727         37.80740571       2.97384144      34.82331946       0.01024481
728         37.78886968       2.96138678      34.81176424       0.01571866
729         37.87320146       2.91846943      34.93425128       0.02048075
730         38.16328917       2.91404435      35.23419556       0.01504926
731         38.57066944       3.00465095      35.56154358       0.00447492
732         39.07682404       3.16067165      35.91615136       0.00000103
733         39.65675870       3.33514005      36.31811551       0.00350314
734         40.15732179       3.44754080      36.70062698       0.00915400
735         40.41417146       3.55867991      36.83749182       0.01799974
736         40.32129340       3.58848270      36.70543134       0.02737936
737         40.05679935       3.47579891      36.55089138       0.03010907
738         39.57487087       3.30122365      36.24801775       0.02562947
739         39.32371712       3.18501149      36.11713304       0.02157259
740         39.30892117       3.10341344      36.17687544       0.02863229
741         39.52845402       3.01863538      36.45813982       0.05167882
742         39.82785745       2.96618412      36.78521845       0.07645488
743         39.86953731       3.01751328      36.78369419       0.06832983
744         39.61156319       3.06941128      36.50187040       0.04028151
745         38.99811554       3.02306242      35.95475802       0.02029509
746         38.49839183       2.98167029      35.50192900       0.01479253
747         38.07894584       2.93749945      35.12528773       0.01615866
748         37.85078694       2.91094059      34.91830663       0.02153972
749         37.98443066       2.90279592      35.05411703       0.02751771
750         38.41542514       2.98284156      35.39846958       0.03411399
751         38.62229449       3.02824530      35.55805511       0.03599409
752         38.25754632       2.95753222      35.26015444       0.03985966
753         37.78893613       2.76172422      34.97789530       0.04931661
754         37.36098707       2.59854913      34.70935655       0.05308140
755         36.99009079       2.51796779      34.42483402       0.04728899
756         36.95473041       2.55144457      34.36654089       0.03674495
757         37.20648215       2.60485478      34.57009033       0.03153704
758         37.46371126       2.64265908      34.79397992       0.02707226
759         37.68601344       2.66778120      34.98879391       0.02943833
760         37.85754775       2.62357953      35.19795293       0.03601529
761         37.94922216       2.59414108      35.31018758       0.04489351
762         37.82725055       2.65002797      35.12614355       0.05107904
763         37.56956037       2.79019567      34.72141542       0.05794928
764         37.36169028       2.90864385      34.38213145       0.07091499
765         37.54041733       2.97441621      34.47953773       0.08646339
766         38.08115170       2.94520648      35.03223700       0.10370821
767         38.45482063       2.85694266      35.48037592       0.11750205
768         38.47089180       2.74055616      35.58309792       0.14723773
769         38.21979330       2.53153703      35.48553888       0.20271739
770         37.96401762       2.28101733      35.39687712       0.28612318
771         37.51737893       2.13962873      35.01510700       0.36264320
772         37.00327516       2.18767797      34.39482538       0.42077181
773         36.46406211       2.25857324      33.75305726       0.45243161
774         35.92237392       2.19188487      33.26617665       0.46431241
775         35.66227983       2.09945390      33.08965408       0.47317185
776         35.55540580       2.05116198      32.99318160       0.51106222
777         35.37606719       1.98328833      32.80564381       0.58713505
778         34.99871081       1.88028000      32.43778973       0.68064109
779         34.70747602       1.86472008      32.06777510       0.77498084
780         34.69891071       1.90547213      31.94423982       0.84919876
781         34.97715724       1.90076783      32.14768289       0.92870651
782         34.99423647       1.86037379      32.18722758       0.94663511
783         34.62695114       1.87087744      31.81383386       0.94223983
784         34.30921014       1.88916495      31.47214869       0.94789649
785         34.31222397       1.82206695      31.47157199       1.01858504
786         34.54490693       1.70961307      31.70801426       1.12727960
787         35.22150842       1.63544776      32.31449264       1.27156802
788         36.06577105       1.55003623      33.09029007       1.42544475
789         36.33020861       1.36574322      33.39857981       1.56588558
790         36.08534861       1.18407131      33.23704780       1.66422949
791         35.94890648       1.16259826      33.10956715       1.67674107
792         36.12581540       1.26177665      33.23075255       1.63328620
793         36.09833310       1.34943258      33.17457250       1.57432803
794         35.69776505       1.35924738      32.81314341       1.52537427
795         35.31643953       1.31471314      32.51417957       1.48754683
796         35.10035683       1.27195623      32.31238801       1.51601259
797         34.95856209       1.30243983      32.05985327       1.59626898
798         34.91137692       1.38606442      31.85958890       1.66572360
799         35.29190266       1.47068584      32.11604825       1.70516856
800         36.08758881       1.54116741      32.78955529       1.75686611
801         36.62962806       1.63596540      33.17512705       1.81853562
802         36.62126017       1.74771779      33.05297915       1.82056324
803         36.39573612       1.82466005      32.82590324       1.74517284
804         36.12156285       1.88945965      32.55928483       1.67281837
805         35.67902922       1.91889878      32.09655615       1.66357429
806         35.12859111       1.89703118      31.54213332       1.68942662
807         34.32086555       1.78879741      30.84482395       1.68724419
808         33.47534600       1.63273900      30.18017142       1.66243557
809         32.82388752       1.52737436      29.67405160       1.62246156
810         32.50970017       1.50297471      29.47739122       1.52933424
811         32.37106653       1.51377889      29.50553881       1.35174884
812         32.25639540       1.55041583      29.53184256       1.17413701
813         32.01181399       1.58439550      29.38630502       1.04111347
814         31.49946924       1.56067021      28.98105887       0.95774016
815         30.82843512       1.49592092      28.41574125       0.91677295
816         30.25764835       1.37954663      27.98699487       0.89110685
817         29.96327789       1.25175837      27.82138016       0.89013936
818         29.81279680       1.14233511      27.77319544       0.89726625
819         29.75130651       1.10710441      27.74131576       0.90288635
820         29.70055064       1.12045858      27.69732782       0.88276424
821         29.55358404       1.12612625      27.56030418       0.86715361
822         29.25627866       1.09442543      27.26051279       0.90134044
823         28.88046645       1.06587941      26.83276011       0.98182692
824         28.70403945       1.08660066      26.55852185       1.05891694
825         28.65601387       1.14033886      26.41274646       1.10292855
826         28.47353150       1.19985947      26.15153158       1.12214045
827         28.07425997       1.21665672      25.72108355       1.13651970
828         27.61883060       1.20793438      25.26936881       1.14152741
829         27.28525335       1.16565058      25.01704841       1.10255437
830         26.91926049       1.10632742      24.78964237       1.02329070
831         26.49404391       1.05939984      24.49778040       0.93686367
832         26.19989204       1.06074058      24.24863299       0.89051847
833         26.25244430       1.08445433      24.27934083       0.88864915
834         26.66896663       1.09606712      24.67334447       0.89955505
835         27.03977576       1.09817261      25.07240405       0.86919910
836         27.08010537       1.11993131      25.17012916       0.79004490
837         26.90771368       1.16127077      25.02977046       0.71667245
838         26.69709304       1.19336861      24.84893251       0.65479192
839         26.36447596       1.22979248      24.57454727       0.56013621
840         25.76253007       1.28340468      24.01239479       0.46673061
841         25.11867570       1.33775155      23.39314646       0.38777768
842         24.93816342       1.35547529      23.22639168       0.35629645
843         25.36971544       1.33727042      23.63249291       0.39995211
844         25.98035498       1.29422334      24.21939212       0.46673953
845         26.22021382       1.27764641      24.45560646       0.48696096
846         25.80992270       1.31698078      24.04455507       0.44838685
847         24.96144706       1.39271546      23.16889321       0.39983840
848         23.97938315       1.42405071      22.20881658       0.34651586
849         23.33339324       1.44660540      21.59861211       0.28817573
850         23.28875181       1.53665450      21.51718738       0.23490993
851         23.68402970       1.68503134      21.78956647       0.20943189
852         24.03279115       1.82560222      22.01724037       0.18994856
853         24.06888898       1.94969589      21.96115819       0.15803490
854         23.97837406       2.13915790      21.72167026       0.11754590
855         23.92044547       2.41503187      21.42435574       0.08105786
856         23.98250299       2.69117506      21.23360612       0.05772181
857         24.20244742       2.88055977      21.28164081       0.04024684
858         24.52973619       3.00976070      21.49623871       0.02373678
859         24.72967759       3.14184888      21.57338932       0.01443938
860         24.89624611       3.36436316      21.52196389       0.00991907
861         25.12145473       3.67566830      21.44065750       0.00512893
862         25.45826856       3.99716150      21.46042583       0.00068123
863         25.91776891       4.27764801      21.63976927       0.00035163
864         26.43874283       4.58429910      21.85300100       0.00144272
865         26.76931645       4.88301031      21.88575350       0.00055264
866         26.80852851       5.10188854      21.70663378       0.00000618
867         26.77921118       5.17348235      21.60566024       0.00006859
868         26.76749945       5.13286882      21.63451764       0.00011298
869         26.76193773       5.06479594      21.69689804       0.00024375
870         26.78772605       5.07264578      21.71427416       0.00080611
871         26.83275807       5.19704317      21.63474425       0.00097065
872         26.95400492       5.43175332      21.52207736       0.00017424
873         27.22641550       5.72058617      21.50531014       0.00051919
874         27.53626086       5.97866238      21.55290969       0.00468880
875         27.77102756       6.17670038      21.58244394       0.01188323
876         27.67663581       6.34741602      21.31055086       0.01866893
877         27.27087605       6.50736927      20.74402909       0.01947769
878         26.83211613       6.50034650      20.31806731       0.01370232
879         26.72271471       6.40007823      20.31330446       0.00933202
880         27.11442674       6.43607096      20.66410626       0.01424952
881         27.62552033       6.52919836      21.06491292       0.03140906
882         27.79724717       6.45053756      21.29438282       0.05232679
883         27.76571919       6.38007200      21.31799646       0.06765073
884         27.98752465       6.38941137      21.52235126       0.07576202
885         28.33750038       6.47061985      21.78246274       0.08441779
886         28.36863940       6.56588387      21.71237046       0.09038507
887         27.77059927       6.61256113      21.06154388       0.09649426
888         26.94749174       6.65453995      20.18489403       0.10805775
889         26.74688023       6.82098640      19.81129694       0.11459690
890         27.34072428       7.07447774      20.15834876       0.10789778
891         28.33923497       7.26482920      20.97889929       0.09550648
892         29.19061582       7.42812567      21.66903208       0.09345808
893         29.91215134       7.60627899      22.19400077       0.11187158
894         30.62964639       7.88798579      22.58131782       0.16034278
895         31.17122261       8.16430170      22.77040230       0.23651861
896         31.23583361       8.40059051      22.54391015       0.29133296
897         30.97123309       8.61648821      22.03511360       0.31963127
898         30.89394073       8.85320047      21.68187731       0.35886295
899         30.92014134       9.08689144      21.42449886       0.40875105
900         30.78786906       9.29053541      21.06750404       0.42982961
901         30.74181960       9.63347189      20.67833318       0.43001453
902         31.09842899      10.13431640      20.49772717       0.46638542
903         31.57673143      10.61557694      20.41259788       0.54855662
904         32.01555049      10.92648105      20.45547606       0.63359338
905         32.47885031      11.22377310      20.53254230       0.72253490
906         33.30479014      11.67188346      20.82085958       0.81204710
907         34.48990865      12.26698929      21.35175891       0.87116046
908         35.59911855      12.70277060      21.98760254       0.90874541
909         36.14346584      12.81481167      22.36870175       0.95995241
910         36.34414418      12.82613150      22.45691769       1.06109499
911         36.53708346      12.84783138      22.53108001       1.15817207
912         36.69924854      12.85912060      22.62979376       1.21033418
913         36.72800223      12.80608731      22.69403625       1.22787867
914         36.89567639      12.85234653      22.80828780       1.23504206
915         37.23794502      12.93990554      23.06213956       1.23589992
916         37.65344527      13.10556762      23.32992358       1.21795406
917         37.91265135      13.25269935      23.46382157       1.19613043
918         38.12452854      13.35141184      23.62365079       1.14946591
919         38.33995188      13.29592841      23.93197102       1.11205244
920         38.54887480      13.15051158      24.34132405       1.05703917
921         38.68531961      12.99429869      24.71493260       0.97608832
922         38.84409817      12.90694024      25.04749504       0.88966289
923         39.30930488      12.95643358      25.53900112       0.81387018
924         39.68865919      13.00672316      25.95219326       0.72974277
925         39.67799341      13.02960063      26.01341191       0.63498087
926         39.14946443      12.90311646      25.70575288       0.54059509
927         38.74248791      12.88950100      25.38093506       0.47205184
928         38.55508955      12.85842579      25.27052159       0.42614217
929         38.42361590      12.85717400      25.16680461       0.39963729
930         38.18563210      12.83420350      24.97844555       0.37298305
931         37.96431570      12.85735909      24.78320435       0.32375226
932         38.01825509      13.18942815      24.55948958       0.26933737
933         38.18626708      13.72050957      24.23322487       0.23253264
934         38.34302140      14.26321861      23.85319559       0.22660720
935         38.19539403      14.63568760      23.34770737       0.21199907
936         37.79921061      14.78757007      22.81933519       0.19230535
937         37.41578328      14.66249816      22.56726878       0.18601633
938         37.27859966      14.59966731      22.48661749       0.19231486
939         37.28749217      14.79209791      22.27782313       0.21757113
940         37.80743047      15.33477217      22.21704539       0.25561291
941         38.84787789      16.08232402      22.47111854       0.29443532
942         39.62133509      16.72987380      22.59245023       0.29901106
943         40.16736156      17.29679723      22.59396195       0.27660239
944         40.75765754      17.87823717      22.64726703       0.23215334
945         41.36824883      18.49275348      22.68412191       0.19137345
946         41.61124087      18.71171717      22.73785638       0.16166731
947         41.59363040      18.49806966      22.96797315       0.12758759
948         41.63833312      18.30804130      23.23456693       0.09572489
949         41.94425573      18.56441570      23.30973599       0.07010404
950         42.11460764      18.94919727      23.11180655       0.05360383
951         41.87402552      18.99890555      22.83790241       0.03721755
952         41.37212564      18.85774146      22.49108089       0.02330330
953         40.76934630      18.73013285      22.02549482       0.01371863
954         40.54307182      18.73912933      21.79306466       0.01087783
955         40.71552349      18.70442846      22.00428922       0.00680581
956         40.86601023      18.45917481      22.40520601       0.00162941
957         40.90995214      18.13114837      22.77711199       0.00169177
958         41.33819108      17.99371374      23.32377304       0.02070429
959         42.07328606      18.10547391      23.89926948       0.06854267
960         42.56939767      18.32166861      24.09777204       0.14995702
961         42.43656583      18.46870823      23.71648907       0.25136853
962         42.25391290      18.83086032      23.06691829       0.35613429
963         42.18430878      19.42920642      22.36676760       0.38833477
964         42.16739920      19.98467035      21.83709181       0.34563704
965         42.26844168      20.40699374      21.56690783       0.29454011
966         42.09673582      20.49816262      21.29562416       0.30294904
967         41.76018193      20.38630211      20.98940409       0.38447573
968         41.29420751      20.06159024      20.71033402       0.52228325
969         41.06284748      19.67276952      20.74492598       0.64515197
970         41.07330011      19.33948551      21.03126181       0.70255279
971         41.31721966      19.36262786      21.21883722       0.73575459
972         41.56924274      19.68380874      21.12361209       0.76182191
973         41.97282856      20.23218284      20.95090961       0.78973611
974         42.64122254      21.00868676      20.80337633       0.82915945
975         43.32993528      21.82658374      20.63322133       0.87013021
976         43.62452908      22.45409483      20.24788893       0.92254532
977         43.34059964      22.64758293      19.71944258       0.97357413
978         42.86992693      22.58136714      19.28935999       0.99919980
979         42.76537953      22.68818360      19.06481339       1.01238254
980         43.25364553      23.09827040      19.16113454       0.99424060
981         44.10120029      23.56522858      19.58298607       0.95298563
982         44.70058111      23.65307820      20.13687211       0.91063079
983         45.02909818      23.54306277      20.59295208       0.89308333
984         45.21231438      23.38724700      20.92340746       0.90165992
985         45.23283505      23.22884905      21.06907364       0.93491236
986         45.05525520      23.15646300      20.95566588       0.94312632
987         44.70711523      23.21670883      20.59374723       0.89665917
988         44.19902345      23.20289488      20.18014753       0.81598104
989         43.89510873      23.02303455      20.15385642       0.71821776
990         43.92386746      22.71316952      20.60937065       0.60132729
991         44.27480709      22.44987059      21.34848437       0.47645213
992         45.11757785      22.52751215      22.22591519       0.36415050
993         46.39838352      22.86024140      23.25459234       0.28354979
994         47.47136092      23.09228348      24.13259789       0.24647955
995         47.92729578      23.04740661      24.63712066       0.24276851
996         48.03592015      23.08494000      24.70085686       0.25012329
997         48.02464117      23.23432380      24.53849060       0.25182677
998         48.10528638      23.43442628      24.42155289       0.24930721
999         48.26194787      23.66632370      24.36424744       0.23137674
1000        48.81048740      24.09017064      24.52323885       0.19707791
