1            3.00279569      -4.40396144      -0.71334404
2            3.02086048      -4.38307282      -0.81294795
3            3.04365010      -4.35582998      -0.91083891
4            3.06198271      -4.32588333      -0.99253237
5            3.04813380      -4.31964780      -1.03888945
6            3.00515602      -4.32086964      -1.04910712
7            2.97939329      -4.30796003      -1.04482941
8            2.98734805      -4.29017014      -1.04447964
9            3.00630932      -4.27650250      -1.05342848
10           3.01205047      -4.27864587      -1.08046477
11           3.01886056      -4.28973117      -1.12641734
12           3.03904701      -4.29052695      -1.18495854
13           3.08471683      -4.27676148      -1.24324617
14           3.12333897      -4.28499547      -1.29577024
15           3.11395297      -4.31128762      -1.37163347
16           3.07945019      -4.35607023      -1.43862924
17           3.06090535      -4.40432061      -1.46749845
18           3.06887688      -4.43895436      -1.44354598
19           3.08464679      -4.47343897      -1.39608585
20           3.09034954      -4.51674664      -1.35860054
21           3.08765986      -4.55636959      -1.36263221
22           3.11771998      -4.56669306      -1.42177726
23           3.17139489      -4.55790886      -1.51024395
24           3.22978509      -4.55082324      -1.60409101
25           3.28741746      -4.55771935      -1.67539544
26           3.32558119      -4.56633255      -1.71677236
27           3.34205853      -4.57431359      -1.73024572
28           3.35188485      -4.58941278      -1.73079524
29           3.34822973      -4.59384367      -1.71997396
30           3.33016913      -4.57615681      -1.69411566
31           3.31717537      -4.54055538      -1.65614789
32           3.30840165      -4.50420259      -1.63561656
33           3.30861607      -4.44938351      -1.64990246
34           3.31554796      -4.38705411      -1.67669580
35           3.33671465      -4.33929410      -1.67806250
36           3.38178705      -4.32122928      -1.64232755
37           3.44719084      -4.31183636      -1.58511362
38           3.50607095      -4.30155385      -1.53356233
39           3.52691974      -4.28469042      -1.53341841
40           3.51698689      -4.26754064      -1.58127265
41           3.51378158      -4.25981677      -1.64735321
42           3.53129331      -4.26663396      -1.68816598
43           3.56611364      -4.27774003      -1.69620957
44           3.58709115      -4.28366635      -1.67237025
45           3.57733487      -4.28261670      -1.62664846
46           3.54031032      -4.25459108      -1.58353018
47           3.49708732      -4.19028517      -1.56736387
48           3.46241803      -4.12071848      -1.57297314
49           3.44812922      -4.05907188      -1.57003536
50           3.46375470      -4.00685570      -1.55889351
51           3.50869109      -3.97759492      -1.53963101
52           3.56631286      -3.96377655      -1.53481756
53           3.60239502      -3.96750809      -1.55073817
54           3.58485922      -3.96117329      -1.58561712
55           3.50813222      -3.93677278      -1.63202033
56           3.39921509      -3.91114718      -1.67951169
57           3.28706098      -3.89984705      -1.71353541
58           3.21317913      -3.91064534      -1.72980704
59           3.17793707      -3.94191723      -1.74701396
60           3.15973021      -3.98111932      -1.79235576
61           3.13210896      -3.99976481      -1.85199780
62           3.09295223      -3.98095684      -1.91111055
63           3.05520126      -3.93831305      -1.96562871
64           3.02973480      -3.88643901      -1.99750047
65           2.99924044      -3.83438466      -1.98672533
66           2.95454479      -3.77842584      -1.92710117
67           2.91481056      -3.71388447      -1.83665899
68           2.90316367      -3.64954374      -1.73756346
69           2.92155499      -3.61249961      -1.64324039
70           2.94368146      -3.60699832      -1.56098953
71           2.94472343      -3.61550080      -1.50585103
72           2.93777535      -3.61604357      -1.49550880
73           2.93315564      -3.58880177      -1.53790302
74           2.90836411      -3.54007868      -1.60185532
75           2.84666339      -3.47276581      -1.65499363
76           2.77087930      -3.40551095      -1.67290272
77           2.70866265      -3.34485684      -1.62106569
78           2.69800222      -3.31465350      -1.52399342
79           2.74848433      -3.33903920      -1.41483291
80           2.83236393      -3.38393016      -1.30380061
81           2.90626245      -3.41270195      -1.19229715
82           2.95492185      -3.42538289      -1.10865752
83           2.98849258      -3.42636128      -1.07880914
84           3.01593442      -3.41333648      -1.09086808
85           3.02711611      -3.37838591      -1.11675945
86           3.01134715      -3.33614616      -1.13454506
87           2.98000046      -3.28713722      -1.15084087
88           2.93539142      -3.22661589      -1.15883648
89           2.90937138      -3.16700154      -1.14560056
90           2.90711665      -3.11398444      -1.10989638
91           2.90530459      -3.05325531      -1.07256583
92           2.88362203      -2.96388557      -1.03239837
93           2.84311624      -2.88275925      -1.00619395
94           2.78850893      -2.83933379      -1.01227923
95           2.72998411      -2.83502904      -1.05174193
96           2.67595061      -2.85861744      -1.10308545
97           2.63889202      -2.88868316      -1.13468389
98           2.62792779      -2.91154643      -1.14095399
99           2.63720002      -2.93068418      -1.13214383
100          2.63753514      -2.94896201      -1.13810819
101          2.63235578      -2.95514384      -1.16726282
102          2.64158755      -2.94070530      -1.21727392
103          2.65840555      -2.90067246      -1.25590340
104          2.65314613      -2.83829040      -1.27870818
105          2.61109088      -2.77378427      -1.29658178
106          2.55959736      -2.71748996      -1.29799654
107          2.51724324      -2.66165455      -1.27065740
108          2.49581012      -2.60251316      -1.23354235
109          2.49639212      -2.55173320      -1.23025960
110          2.50046068      -2.53932494      -1.28201724
111          2.49331182      -2.56799096      -1.37694418
112          2.47359983      -2.61355257      -1.46469102
113          2.45334905      -2.65840988      -1.53202517
114          2.44459621      -2.70285851      -1.61083315
115          2.45308519      -2.76373337      -1.70607679
116          2.46731976      -2.82799752      -1.79259923
117          2.47711232      -2.88450296      -1.85397715
118          2.48566856      -2.92762628      -1.91012677
119          2.50448190      -2.96065991      -1.96931936
120          2.51815418      -2.97362837      -2.03586769
121          2.51763773      -2.97443853      -2.09906676
122          2.51085195      -2.97897832      -2.17113805
123          2.51764781      -2.98889926      -2.26901770
124          2.55198984      -2.99534148      -2.38126917
125          2.60429337      -2.98353790      -2.46996473
126          2.67022318      -2.95769794      -2.51338143
127          2.71471051      -2.91928617      -2.53801562
128          2.69761591      -2.88216482      -2.58801666
129          2.62656398      -2.85230960      -2.66975027
130          2.54918830      -2.85228055      -2.74093444
131          2.50172419      -2.89353556      -2.77222085
132          2.48689193      -2.96246526      -2.78697822
133          2.47346829      -3.02458035      -2.81218276
134          2.45570207      -3.04945367      -2.85058912
135          2.43742629      -3.03599763      -2.90265083
136          2.43829978      -3.01867017      -2.93214158
137          2.45053564      -2.99952954      -2.92285435
138          2.46191458      -2.96370442      -2.88341219
139          2.47854218      -2.90993298      -2.85173767
140          2.48185543      -2.84581862      -2.82908046
141          2.45336731      -2.81723474      -2.81436088
142          2.40879419      -2.83525123      -2.80127331
143          2.35478362      -2.87661809      -2.77906804
144          2.29443989      -2.89552568      -2.74243040
145          2.24349799      -2.89032409      -2.70059004
146          2.23979455      -2.85323439      -2.68433369
147          2.29124511      -2.79365555      -2.69346641
148          2.34905663      -2.71241215      -2.70642387
149          2.38074499      -2.63680026      -2.70133959
150          2.37711041      -2.59883455      -2.68442799
151          2.35998782      -2.60024393      -2.65418920
152          2.33635735      -2.61234420      -2.62299690
153          2.31847581      -2.60901767      -2.57438084
154          2.30677077      -2.59907174      -2.49045714
155          2.29661635      -2.59093506      -2.39313859
156          2.29510523      -2.60680992      -2.32479510
157          2.31241224      -2.61447360      -2.31935747
158          2.33195149      -2.61813811      -2.33146997
159          2.34599533      -2.62163554      -2.32876942
160          2.35727254      -2.61541319      -2.30783380
161          2.39009858      -2.60706785      -2.28284790
162          2.45209448      -2.60550828      -2.27099235
163          2.52085010      -2.60370470      -2.27047545
164          2.57711560      -2.62401542      -2.26808787
165          2.61881167      -2.69024492      -2.25695523
166          2.65283304      -2.77576100      -2.23145436
167          2.68942538      -2.86368163      -2.20074293
168          2.72672139      -2.92631439      -2.16806191
169          2.74900850      -2.96385838      -2.12820123
170          2.75898892      -2.97097925      -2.09322246
171          2.75688492      -2.95720463      -2.08063667
172          2.74963197      -2.92966440      -2.10363978
173          2.75187977      -2.90183883      -2.14511186
174          2.77883650      -2.89370439      -2.19797748
175          2.82776266      -2.90711837      -2.26218214
176          2.88635506      -2.92951706      -2.31648213
177          2.91067798      -2.95952305      -2.34098179
178          2.89180763      -2.98507663      -2.34504723
179          2.87612624      -2.96779951      -2.31151394
180          2.89332779      -2.91441845      -2.22740634
181          2.90745524      -2.87309490      -2.15860096
182          2.90503404      -2.88118613      -2.12826224
183          2.93347102      -2.92079494      -2.12988858
184          3.00903638      -2.96650539      -2.14412862
185          3.09171447      -3.02673507      -2.16627524
186          3.14541228      -3.09434028      -2.19097975
187          3.16642001      -3.12991650      -2.21774615
188          3.17969594      -3.12376808      -2.24562726
189          3.18839545      -3.09799479      -2.26883068
190          3.18725170      -3.07110851      -2.28890579
191          3.18203698      -3.06460457      -2.31411669
192          3.17178994      -3.08571904      -2.33795992
193          3.17131421      -3.12681900      -2.36097186
194          3.18262698      -3.16011247      -2.38239125
195          3.19076064      -3.17668457      -2.39778070
196          3.19009176      -3.19281488      -2.39363261
197          3.19058262      -3.20252735      -2.38056267
198          3.19651915      -3.21216425      -2.37514539
199          3.20406193      -3.21795718      -2.37105411
200          3.19252189      -3.22433491      -2.36757530
201          3.14794503      -3.24011632      -2.35801617
202          3.09017181      -3.26759936      -2.35481617
203          3.05098996      -3.27741859      -2.34922829
204          3.03157208      -3.23964226      -2.34980522
205          3.02101393      -3.16592765      -2.34408006
206          3.00724196      -3.08364224      -2.34170604
207          3.01147322      -3.02685041      -2.35682392
208          3.03401422      -3.00845229      -2.39883025
209          3.06182084      -3.01364595      -2.44910659
210          3.09450038      -3.01550221      -2.48383865
211          3.11848513      -3.00424022      -2.50116236
212          3.12896755      -2.99407105      -2.48324269
213          3.13757083      -3.00087601      -2.43990815
214          3.15428122      -3.01678472      -2.37908072
215          3.18544564      -3.01911136      -2.30242972
216          3.21737187      -2.99147473      -2.20501490
217          3.23436582      -2.92781020      -2.10905118
218          3.24865166      -2.85384133      -2.05828417
219          3.27584673      -2.81072616      -2.05271539
220          3.32276187      -2.79858893      -2.08191945
221          3.36490919      -2.79393334      -2.10946245
222          3.40010846      -2.79202821      -2.10347659
223          3.43326057      -2.78763072      -2.07234855
224          3.46290318      -2.78024434      -2.03741102
225          3.47907669      -2.75922219      -2.01358617
226          3.47351453      -2.70869538      -1.99527179
227          3.44953353      -2.63119974      -1.96898301
228          3.42567717      -2.56422202      -1.93840165
229          3.43998418      -2.52462901      -1.93333570
230          3.49880430      -2.48068583      -1.97210756
231          3.60549048      -2.42185652      -2.04482303
232          3.68266057      -2.36741378      -2.11356892
233          3.69023728      -2.35191337      -2.15651940
234          3.66526059      -2.35337486      -2.17423622
235          3.67589525      -2.36975107      -2.19243552
236          3.71509294      -2.42545363      -2.20032855
237          3.74792361      -2.50942085      -2.20602349
238          3.76981018      -2.57504047      -2.21118296
239          3.80524495      -2.59515286      -2.21951832
240          3.85139013      -2.57749649      -2.22511249
241          3.85957231      -2.54806714      -2.21574557
242          3.83664099      -2.51910419      -2.20334894
243          3.80604686      -2.49248151      -2.16737315
244          3.79645258      -2.48521201      -2.14010678
245          3.81478182      -2.51206827      -2.12674888
246          3.84746314      -2.57369741      -2.11737917
247          3.87155723      -2.62303855      -2.07425245
248          3.88044780      -2.62683664      -2.00216450
249          3.84831493      -2.59705050      -1.92152356
250          3.79933802      -2.58814257      -1.88301038
251          3.76564462      -2.60785014      -1.88881105
252          3.74697520      -2.61604215      -1.90358254
253          3.73812652      -2.61056160      -1.91427302
254          3.73257380      -2.63233956      -1.92236991
255          3.73461246      -2.69382449      -1.96867190
256          3.74227206      -2.78410865      -2.04927864
257          3.74532019      -2.90149760      -2.11812022
258          3.72069868      -3.00579799      -2.14224150
259          3.65200397      -3.09342478      -2.13297301
260          3.58459809      -3.16973141      -2.11700420
261          3.56825254      -3.21503785      -2.08666824
262          3.60832862      -3.22210091      -2.07155604
263          3.67051707      -3.19237956      -2.10054145
264          3.72454702      -3.16732998      -2.06772983
265          3.75376120      -3.14313217      -2.00456446
266          3.82343844      -3.08025656      -1.93478822
267          3.87757546      -3.01790523      -1.85787799
268          3.90834796      -3.00067620      -1.77307657
269          3.94024236      -2.99613129      -1.73472377
270          3.99456196      -2.98028805      -1.76434543
271          4.03027807      -2.96720295      -1.81045948
272          4.04353629      -2.97354470      -1.83531947
273          4.05660697      -3.01305332      -1.83288561
274          4.08196963      -3.04764546      -1.81637907
275          4.11824580      -3.05696581      -1.78881798
276          4.12286381      -3.06095506      -1.75195388
277          4.17437875      -3.05093100      -1.70430744
278          4.25021535      -3.04181597      -1.65565152
279          4.32841887      -3.03684258      -1.63720365
280          4.39818018      -3.01530895      -1.59466899
281          4.45806806      -2.99515459      -1.52683582
282          4.48826098      -2.99383689      -1.47603693
283          4.53545080      -2.99778252      -1.46085597
284          4.59922306      -2.98253430      -1.48810848
285          4.66872791      -2.93532078      -1.52998708
286          4.73768500      -2.87695424      -1.52517672
287          4.77807117      -2.83410464      -1.45014376
288          4.77812990      -2.81287479      -1.34229908
289          4.76295006      -2.80153039      -1.28371984
290          4.74040757      -2.78924212      -1.28301970
291          4.72668022      -2.76672776      -1.29302066
292          4.75365548      -2.75052584      -1.27874025
293          4.81753163      -2.74545431      -1.23165751
294          4.89252397      -2.75842839      -1.17423828
295          4.96939383      -2.73797032      -1.14573611
296          5.04483307      -2.66952814      -1.16225672
297          5.11933281      -2.61059742      -1.18956197
298          5.18793012      -2.59445595      -1.20143920
299          5.25034430      -2.60428835      -1.19425836
300          5.29947450      -2.60858013      -1.17486685
301          5.32748178      -2.61705271      -1.14763076
302          5.35512369      -2.59627555      -1.13131888
303          5.36423071      -2.54425151      -1.13096592
304          5.38274253      -2.48171203      -1.13419917
305          5.38237606      -2.45522216      -1.12685941
306          5.38356112      -2.43722701      -1.13360725
307          5.38813644      -2.42294247      -1.17816342
308          5.39967506      -2.42029714      -1.22704626
309          5.41216268      -2.45429975      -1.24261861
310          5.42156693      -2.51498659      -1.22922159
311          5.42441768      -2.55270941      -1.21208107
312          5.42906992      -2.54854523      -1.20527193
313          5.43955795      -2.52875403      -1.20989206
314          5.47059614      -2.52719146      -1.21768828
315          5.51039441      -2.56603407      -1.22051515
316          5.53930920      -2.63498380      -1.22450127
317          5.54875930      -2.69286736      -1.25061527
318          5.52714635      -2.72331926      -1.30169678
319          5.47683865      -2.73796390      -1.32451187
320          5.40391320      -2.75931347      -1.31017752
321          5.33183870      -2.76565923      -1.30320761
322          5.07577642      -3.99266064       0.86390795
323          5.09693589      -3.93756736       0.85555491
324          5.12419313      -3.89234361       0.83014319
325          5.13857591      -3.90048996       0.85321826
326          5.13737940      -3.92505400       0.90441797
327          5.12352305      -3.91062086       0.93004319
328          5.09681506      -3.87915906       0.92659770
329          5.06971903      -3.86129866       0.92918873
330          5.04821623      -3.86249154       0.95257192
331          5.02711001      -3.86488045       0.97849283
332          5.01116292      -3.85039533       0.98434061
333          5.02154616      -3.83685986       0.97227567
334          5.06665730      -3.83533080       0.94655365
335          5.12458290      -3.85806219       0.89841269
336          5.15438771      -3.88408975       0.84826478
337          5.14438384      -3.90732405       0.83447018
338          5.11389538      -3.93462977       0.86595474
339          5.08961374      -3.94833923       0.91558704
340          5.07527404      -3.92959665       0.92528898
341          5.06272225      -3.88267079       0.87120564
342          5.06465612      -3.82741080       0.80679642
343          5.08261304      -3.76906418       0.76914507
344          5.11756182      -3.69979661       0.75078139
345          5.16577414      -3.62784786       0.74779380
346          5.19465171      -3.56070772       0.75284126
347          5.20409417      -3.49462978       0.76828846
348          5.22079055      -3.45267371       0.78294685
349          5.27658839      -3.43304370       0.79526607
350          5.35619877      -3.42151522       0.81496343
351          5.41977015      -3.42316618       0.84864531
352          5.43660095      -3.43664713       0.87756748
353          5.42780479      -3.42950327       0.89705578
354          5.42203500      -3.37907135       0.90389805
355          5.42563908      -3.30690521       0.88340019
356          5.42888587      -3.23765256       0.84005684
357          5.43427905      -3.15559223       0.77594309
358          5.43942835      -3.05647378       0.69457504
359          5.44347009      -2.98733463       0.59297418
360          5.45432740      -2.93890478       0.49079994
361          5.47649215      -2.90656311       0.41938983
362          5.51364950      -2.88228347       0.38428825
363          5.55376679      -2.84479260       0.37754651
364          5.55804345      -2.79588833       0.39740285
365          5.51502941      -2.76289309       0.41496929
366          5.45026932      -2.76382524       0.40250440
367          5.38206848      -2.76128386       0.34287312
368          5.31561795      -2.73931106       0.26086178
369          5.25858757      -2.73011710       0.19623355
370          5.22152442      -2.76225125       0.17419485
371          5.23593092      -2.79140621       0.18538876
372          5.25811587      -2.79004790       0.19565359
373          5.25589424      -2.77654117       0.19559696
374          5.24239637      -2.77797639       0.17035200
375          5.23712883      -2.77347434       0.12825948
376          5.21201275      -2.74617081       0.08987484
377          5.16320852      -2.69587914       0.06050170
378          5.13632093      -2.65799223       0.02798122
379          5.12947013      -2.62468477      -0.03062197
380          5.12518374      -2.57034429      -0.10271402
381          5.13014501      -2.51582801      -0.16506568
382          5.15577274      -2.46892515      -0.20310641
383          5.17689576      -2.44665344      -0.21785660
384          5.17312071      -2.43291198      -0.25035228
385          5.15347025      -2.39530849      -0.33739725
386          5.10169198      -2.33209427      -0.45234612
387          5.02269630      -2.26649160      -0.53689951
388          4.94640453      -2.23158481      -0.57661995
389          4.90100099      -2.23764049      -0.57415289
390          4.87619843      -2.25148997      -0.54253248
391          4.85944505      -2.24975164      -0.49976165
392          4.85297979      -2.21060245      -0.47651575
393          4.85097614      -2.15254227      -0.49610934
394          4.83789729      -2.10264804      -0.53904584
395          4.81587294      -2.06640787      -0.60546366
396          4.78954091      -2.02696163      -0.67925023
397          4.77794882      -1.97083000      -0.74672620
398          4.78720032      -1.91192956      -0.78926279
399          4.78182726      -1.86123326      -0.78962371
400          4.75845543      -1.83145710      -0.75706500
401          4.72906799      -1.81526164      -0.72710373
402          4.71018867      -1.80797783      -0.70824468
403          4.69621319      -1.80017208      -0.70074530
404          4.67669988      -1.76195547      -0.70487138
405          4.65415324      -1.67728361      -0.74422777
406          4.62793417      -1.56998666      -0.81880491
407          4.59613810      -1.49264071      -0.88578634
408          4.57102827      -1.45007214      -0.91604107
409          4.57213218      -1.42157257      -0.91125947
410          4.59083293      -1.40128552      -0.90603862
411          4.59608727      -1.40125144      -0.89646591
412          4.58792829      -1.41282714      -0.88709813
413          4.57289963      -1.42583127      -0.89800679
414          4.55014548      -1.42301993      -0.92255549
415          4.52223477      -1.38854644      -0.94789255
416          4.50403448      -1.34454402      -0.96498966
417          4.51718473      -1.29186550      -0.96825511
418          4.54363392      -1.23808861      -0.96210752
419          4.56808351      -1.20603427      -0.94624030
420          4.57381003      -1.21011359      -0.93292092
421          4.56092357      -1.24170370      -0.93376263
422          4.53224566      -1.28714318      -0.92979898
423          4.49263658      -1.33505182      -0.91685790
424          4.45769737      -1.37186693      -0.90154782
425          4.43910662      -1.38543510      -0.87983509
426          4.44791959      -1.35429713      -0.84363408
427          4.46402016      -1.29023567      -0.78774686
428          4.45511537      -1.20347459      -0.73623981
429          4.41484155      -1.12280069      -0.70369570
430          4.35187239      -1.07362248      -0.68804558
431          4.26349246      -1.05953346      -0.69062851
432          4.17488376      -1.06974968      -0.70583082
433          4.10137473      -1.09998714      -0.72031163
434          4.05919724      -1.14292210      -0.73983691
435          4.03592565      -1.16779059      -0.76016636
436          4.03395951      -1.16168364      -0.76373733
437          4.04768424      -1.11726809      -0.74961104
438          4.06493349      -1.06074109      -0.74794865
439          4.05769195      -1.01308833      -0.75214215
440          4.00519450      -0.98466905      -0.74137765
441          3.93056426      -0.96711453      -0.70167263
442          3.86673356      -0.96218833      -0.65491671
443          3.81982971      -0.98705922      -0.63610424
444          3.78715247      -1.03299951      -0.61264209
445          3.77526741      -1.09300543      -0.58431608
446          3.77223724      -1.14410143      -0.57031547
447          3.75634297      -1.17712424      -0.59219951
448          3.73267373      -1.16720215      -0.61827367
449          3.71270281      -1.13247931      -0.63538579
450          3.68989098      -1.08029908      -0.65671239
451          3.65695945      -1.03273829      -0.67979987
452          3.62778027      -0.99479273      -0.68940305
453          3.61318550      -0.98108125      -0.67211989
454          3.60275875      -0.98306735      -0.66019382
455          3.60175618      -0.97022530      -0.67530442
456          3.60765110      -0.96247915      -0.71163381
457          3.61434945      -0.94936521      -0.73521933
458          3.62635077      -0.92415616      -0.74641895
459          3.64045270      -0.88358580      -0.74103534
460          3.64582107      -0.85931947      -0.72840123
461          3.63253511      -0.86163303      -0.72208133
462          3.61600773      -0.88701466      -0.73845193
463          3.61090331      -0.94567638      -0.76321961
464          3.61771889      -1.01323694      -0.78752705
465          3.64291988      -1.04579160      -0.80698705
466          3.69962075      -1.03996623      -0.79941870
467          3.77595024      -1.00658535      -0.75356868
468          3.83865682      -0.94841712      -0.69697469
469          3.86173370      -0.88670650      -0.65261344
470          3.84375622      -0.83794355      -0.63007191
471          3.81209801      -0.80374044      -0.62137387
472          3.78078740      -0.78722068      -0.61147994
473          3.73747764      -0.80198119      -0.60243761
474          3.68460294      -0.82886469      -0.58050199
475          3.63700098      -0.84370761      -0.55509527
476          3.64886568      -0.83471163      -0.55249529
477          3.70112240      -0.80132916      -0.54635153
478          3.73407759      -0.74669671      -0.53300918
479          3.73765739      -0.65834319      -0.52192596
480          3.72250192      -0.57949382      -0.51154621
481          3.70216064      -0.55459411      -0.50770122
482          3.67397896      -0.55068782      -0.52307869
483          3.64321945      -0.55015165      -0.55468359
484          3.60769213      -0.56862912      -0.59555669
485          3.57934286      -0.60270203      -0.64180418
486          3.59292747      -0.60902352      -0.70668334
487          3.64028054      -0.56124757      -0.79382022
488          3.68123921      -0.46984016      -0.87167847
489          3.71532131      -0.37872526      -0.92157908
490          3.77044250      -0.30341529      -0.95644696
491          3.85186080      -0.23442595      -0.97835084
492          3.93302139      -0.17453338      -1.00772434
493          3.98138050      -0.12902803      -1.05213479
494          4.01076536      -0.10816843      -1.12793108
495          4.04510866      -0.07295115      -1.20227033
496          4.08903335      -0.01520678      -1.24804779
497          4.13427329       0.04572416      -1.25828848
498          4.18741944       0.10047620      -1.24536792
499          4.23706917       0.12380981      -1.24380504
500          4.26178312       0.14611532      -1.23834671
501          4.28478456       0.18491510      -1.19978046
502          4.31317039       0.22322913      -1.14477791
503          4.33417968       0.26473479      -1.08513813
504          4.33389416       0.32338743      -1.07608511
505          4.29481576       0.37515372      -1.12041790
506          4.24220841       0.41810607      -1.16614886
507          4.19719520       0.46371208      -1.19611301
508          4.17516947       0.54314686      -1.18039083
509          4.20211663       0.65168703      -1.13481373
510          4.25902843       0.75102443      -1.07630210
511          4.30396693       0.81250939      -1.01868685
512          4.31665960       0.84592527      -0.96465373
513          4.31882010       0.86727493      -0.91612093
514          4.33006984       0.87083104      -0.88671072
515          4.35921506       0.86813344      -0.86093124
516          4.40265091       0.89334001      -0.84311158
517          4.43713545       0.93484112      -0.81892581
518          4.49820285       0.95970897      -0.79641194
519          4.55235785       0.96872353      -0.77644517
520          4.57657367       0.97217476      -0.79927533
521          4.55785681       0.97809817      -0.82057826
522          4.54268305       0.96762324      -0.80869523
523          4.54091620       0.95225198      -0.77651121
524          4.53526518       0.94996906      -0.74586055
525          4.56060350       0.93774864      -0.73769487
526          4.62664331       0.94072545      -0.70882774
527          4.70726282       0.96805473      -0.67349081
528          4.77704947       1.01661132      -0.65943703
529          4.82877953       1.04800415      -0.67064721
530          4.87121702       1.03808280      -0.67090608
531          4.91473967       0.99994503      -0.67597178
532          4.94377625       0.95143395      -0.70363440
533          4.94477942       0.91945850      -0.72464895
534          4.91263543       0.91023840      -0.71869815
535          4.87181729       0.91120615      -0.68297283
536          4.88174427       0.90720528      -0.62590948
537          4.96038490       0.91277031      -0.58156244
538          5.08536521       0.90816799      -0.57781707
539          5.21585996       0.89973243      -0.60094238
540          5.33572258       0.89877966      -0.61014546
541          5.40619154       0.90140845      -0.58577654
542          5.42949735       0.91810034      -0.56856736
543          5.40862203       0.91324186      -0.56631733
544          5.37315511       0.87817605      -0.54880981
545          5.35031320       0.88589965      -0.50570067
546          5.34228339       0.95034261      -0.45293458
547          5.35674220       1.01781694      -0.41191527
548          5.37295447       1.06012492      -0.39678589
549          5.43292270       1.09624211      -0.41273127
550          5.51816804       1.14029933      -0.42961080
551          5.58703368       1.15968600      -0.43012618
552          5.59616497       1.15376418      -0.43075946
553          5.58916898       1.14064313      -0.46814586
554          5.59716153       1.13188238      -0.53282559
555          5.57625965       1.10398217      -0.57557581
556          5.51352029       1.07772754      -0.57295598
557          5.44628553       1.05776742      -0.55652866
558          5.44245573       1.02889696      -0.57052515
559          5.47211423       1.00223965      -0.59123756
560          5.48625703       1.00549064      -0.62085037
561          5.47422109       1.01228814      -0.65983907
562          5.46445906       1.00181838      -0.69805175
563          5.46102919       0.97157649      -0.71711193
564          5.44264574       0.95728303      -0.71097348
565          5.42243599       0.97516305      -0.69036582
566          5.43475017       1.00583701      -0.66063570
567          5.48290051       1.01981250      -0.63410099
568          5.54546800       0.99793973      -0.60324571
569          5.61852584       0.95255152      -0.55363107
570          5.67526312       0.90968025      -0.49165271
571          5.71358099       0.90571584      -0.42908971
572          5.74355846       0.92863249      -0.39903529
573          5.77582656       0.96530876      -0.39652960
574          5.80601658       0.98129253      -0.40649882
575          5.82947742       0.96304481      -0.40751651
576          5.85151136       0.91001369      -0.39630586
577          5.87724618       0.84961862      -0.38879038
578          5.89418719       0.83742074      -0.40517172
579          5.89376198       0.87580416      -0.45141910
580          5.88056862       0.94733379      -0.49739409
581          5.86994278       1.00481725      -0.50712764
582          5.87713016       1.02113993      -0.44207740
583          5.90521963       0.98298030      -0.32298665
584          5.93679459       0.92170195      -0.20417092
585          5.96739621       0.86929929      -0.11198079
586          5.97589863       0.84415831      -0.05444322
587          5.96570726       0.83301997      -0.03997096
588          5.95219053       0.82045915      -0.06093539
589          5.96033879       0.79445990      -0.07720822
590          6.00122113       0.73897306      -0.07694316
591          6.03847683       0.65392108      -0.06312009
592          6.05773904       0.56781217      -0.05229265
593          6.07546382       0.51651366      -0.03488852
594          6.09249657       0.50334136      -0.02158034
595          6.08849033       0.52463173      -0.00201410
596          6.03725896       0.53964671       0.02965547
597          5.95129956       0.52269153       0.06697819
598          5.86835390       0.49456523       0.10085527
599          5.84352837       0.46245090       0.12305047
600          5.88127383       0.41439161       0.12957866
601          5.93280228       0.34082977       0.12438990
602          5.95589868       0.25914258       0.10806655
603          5.94537651       0.18851160       0.05802401
604          5.93887220       0.14285076      -0.01419757
605          5.95836961       0.11843704      -0.06608174
606          6.01588360       0.10868581      -0.09460319
607          6.08004619       0.12008430      -0.10547160
608          6.11641432       0.13414753      -0.10104704
609          6.11064631       0.12074948      -0.08505584
610          6.08860403       0.07188411      -0.06385381
611          6.09944893      -0.00417864      -0.04009596
612          6.09521935      -0.02770903      -0.05095812
613          6.07122197      -0.01288716      -0.04703341
614          6.05773630       0.01437503      -0.05234922
615          6.10641033      -0.02494961      -0.09156875
616          6.16850661      -0.06479878      -0.13735340
617          6.20009035      -0.01629318      -0.19998459
618          6.20915754       0.08244564      -0.25921117
619          6.21005830       0.13980531      -0.28669274
620          6.22610205       0.11218004      -0.27494280
621          6.23527660       0.04538809      -0.26223479
622          6.22394944      -0.01871387      -0.26211691
623          6.18196070      -0.08545724      -0.25653919
624          6.13675519      -0.14410539      -0.23481761
625          6.08274301      -0.20515620      -0.22421607
626          5.98001657      -0.26812418      -0.25027626
627          5.87938590      -0.30076251      -0.32150334
628          5.79489665      -0.33028935      -0.41326834
629          5.75471701      -0.37636572      -0.49500766
630          5.70977104      -0.40209163      -0.57918357
631          5.61742777      -0.39796055      -0.66761713
632          5.51186361      -0.37667340      -0.76455126
633          5.45009701      -0.34421167      -0.86719398
634          5.43595819      -0.30210650      -0.96410232
635          5.44110902      -0.25262546      -1.06159957
636          5.46860292      -0.20246735      -1.14987009
637          5.48451811      -0.16870537      -1.19205446
638          5.47319428      -0.15604937      -1.17560055
639          5.44843226      -0.18193671      -1.13700048
640          5.43486769      -0.22490952      -1.11937973
641          5.44519219      -0.27210542      -1.12111468
642          5.46477554      -0.29552750      -1.11452391
643          5.48166261      -0.28773160      -1.11811564
644          5.47198522      -0.26012919      -1.12563956
645          5.43063962      -0.22656281      -1.14281798
646          5.37764873      -0.18797259      -1.17248223
647          5.32894594      -0.14241444      -1.20434106
648          5.28657698      -0.10965539      -1.23765169
649          5.26128091      -0.12344739      -1.24850018
650          5.24226858      -0.17267558      -1.22924357
651          5.21935138      -0.23860980      -1.20161335
652          5.20509656      -0.30507717      -1.19445312
653          5.20755787      -0.35530917      -1.18461044
654          5.23987276      -0.37584137      -1.13922217
655          5.29316552      -0.34841475      -1.07274167
656          5.34832711      -0.26099716      -1.02343313
657          5.38327172      -0.15217420      -0.97620684
658          5.39360348      -0.07426658      -0.92299752
659          5.38134578      -0.04241584      -0.88721650
660          5.35677905      -0.02648798      -0.87166720
661          5.33326600       0.00856374      -0.86717274
662          5.32284338       0.06659370      -0.90299001
663          5.34429945       0.12020588      -0.95787953
664          5.40539442       0.14249195      -0.99382958
665          5.49874217       0.14534807      -1.00358749
666          5.59524355       0.14305286      -0.99397768
667          5.67756669       0.13567853      -0.96815513
668          5.72869482       0.12499276      -0.92261636
669          5.73730367       0.12282813      -0.87740067
670          5.73216520       0.14495000      -0.83524788
671          5.70970257       0.18189840      -0.79628702
672          5.66394519       0.20423593      -0.75580860
673          5.61209831       0.22798427      -0.72527792
674          5.59623286       0.27364425      -0.72392575
675          5.61332245       0.33761313      -0.75100931
676          5.61186216       0.39372537      -0.78260562
677          5.57110115       0.42783218      -0.79239565
678          5.49884140       0.45230774      -0.77820717
679          5.42430151       0.47312510      -0.76352363
680          5.35119967       0.47785557      -0.76601081
681          5.27888358       0.46247692      -0.76549848
682          5.21280046       0.43269842      -0.74078832
683          5.16928015       0.39405370      -0.68512482
684          5.16885420       0.36258541      -0.62296521
685          5.21466058       0.35148545      -0.57576565
686          5.26803638       0.38347316      -0.56009247
687          5.29769042       0.44962400      -0.56519596
688          5.29786482       0.52035757      -0.58085844
689          5.25943933       0.57739665      -0.61019065
690          5.19567983       0.63611586      -0.65645229
691          5.11930462       0.70152799      -0.68781741
692          5.04600564       0.77220491      -0.68533684
693          4.99748341       0.83216352      -0.69957195
694          4.98667531       0.86502109      -0.75432047
695          5.01213508       0.89042220      -0.84119070
696          5.04094403       0.94575980      -0.88108860
697          5.03799740       1.05289551      -0.87028151
698          5.01353034       1.15017676      -0.83988629
699          4.97643837       1.22128723      -0.82079675
700          4.96475888       1.27577199      -0.84276783
701          4.98411040       1.33569279      -0.88854207
702          4.99423047       1.39955103      -0.93210932
703          4.96220347       1.44097255      -0.96992447
704          4.90638307       1.43133461      -1.01172031
705          4.85276911       1.37984406      -1.04744673
706          4.79240923       1.34636328      -1.03913011
707          4.73805592       1.35177433      -0.97299869
708          4.72820325       1.36736333      -0.87624022
709          4.76295419       1.36456445      -0.78451495
710          4.79491860       1.34255345      -0.72257474
711          4.78102509       1.30621967      -0.69649779
712          4.74689522       1.28317515      -0.70143002
713          4.74702515       1.29884927      -0.71905427
714          4.81875877       1.35450838      -0.75609282
715          4.88579852       1.41841312      -0.81128376
716          4.89048004       1.47145707      -0.85439080
717          4.83421813       1.50116295      -0.86052675
718          4.78385861       1.51030987      -0.80137177
719          4.76982764       1.51616060      -0.70057276
720          4.75491527       1.53902521      -0.60172103
721          4.72917625       1.56189545      -0.52865438
722          4.69739102       1.55815900      -0.48555026
723          4.66371944       1.54245282      -0.48263731
724          4.64973199       1.52228702      -0.52366118
725          4.67552218       1.50614882      -0.57456704
726          4.71262321       1.49986364      -0.60915470
727          4.72727864       1.49716722      -0.61212740
728          4.72366372       1.49618807      -0.58796995
729          4.71114853       1.50655895      -0.57023306
730          4.70985291       1.53187848      -0.59066861
731          4.73618859       1.55938859      -0.64644921
732          4.78062348       1.58904710      -0.71435777
733          4.82903227       1.62248988      -0.77253141
734          4.85955114       1.65414280      -0.80902060
735          4.88924206       1.66542830      -0.84750714
736          4.89712478       1.65453931      -0.87881115
737          4.86714515       1.64177188      -0.88686368
738          4.81972267       1.61667123      -0.87343610
739          4.78745574       1.60579172      -0.86022013
740          4.76444646       1.61076012      -0.88255484
741          4.74021774       1.63409618      -0.94067379
742          4.72505703       1.66112046      -0.98984879
743          4.73989479       1.66099480      -0.97474380
744          4.75476923       1.63771634      -0.91404658
745          4.74149130       1.59226721      -0.85580489
746          4.72954706       1.55438808      -0.83496860
747          4.71670918       1.52269763      -0.84046076
748          4.70894357       1.50520996      -0.86010819
749          4.70655504       1.51669030      -0.87922866
750          4.72988618       1.54569986      -0.89804378
751          4.74298111       1.55909609      -0.90306513
752          4.72254341       1.53406470      -0.91299287
753          4.66463931       1.51024986      -0.93541747
754          4.61479728       1.48750328      -0.94373804
755          4.58960626       1.46330658      -0.93080436
756          4.60011988       1.45833682      -0.90503377
757          4.61675194       1.47567208      -0.89093075
758          4.62842144       1.49468077      -0.87788053
759          4.63613007       1.51117118      -0.88492006
760          4.62254244       1.52882483      -0.90312100
761          4.61342944       1.53827615      -0.92522492
762          4.63068634       1.52276983      -0.93935076
763          4.67318357       1.48852661      -0.95407060
764          4.70827036       1.45966640      -0.97964272
765          4.72744528       1.46796650      -1.00739061
766          4.71895608       1.51484224      -1.03538163
767          4.69304498       1.55257916      -1.05612976
768          4.65825821       1.56119555      -1.09705973
769          4.59387615       1.55301253      -1.16358552
770          4.51309941       1.54556603      -1.24824887
771          4.46554267       1.51339498      -1.31554268
772          4.48187580       1.46074873      -1.36201330
773          4.50565072       1.40577670      -1.38597441
774          4.48329725       1.36372238      -1.39474877
775          4.45174493       1.34839930      -1.40121892
776          4.43498352       1.34000771      -1.42823020
777          4.41108839       1.32365969      -1.47959142
778          4.37402871       1.29145687      -1.53835379
779          4.36834323       1.25888017      -1.59367400
780          4.38318409       1.24796211      -1.63486385
781          4.38147906       1.26593123      -1.67703824
782          4.36675089       1.26941741      -1.68629579
783          4.37059591       1.23641389      -1.68403443
784          4.37726466       1.20604290      -1.68694380
785          4.35263529       1.20599150      -1.72259378
786          4.31031742       1.22702553      -1.77507828
787          4.28164195       1.28062233      -1.84098229
788          4.24780020       1.34845458      -1.90726395
789          4.17144586       1.37518900      -1.96469754
790          4.09094610       1.36119665      -2.00339423
791          4.08103419       1.35012990      -2.00823441
792          4.12608401       1.36065065      -1.99134490
793          4.16444649       1.35577575      -1.96806633
794          4.16866334       1.32431434      -1.94840447
795          4.14940510       1.29815918      -1.93299433
796          4.13060606       1.28043721      -1.94460867
797          4.14404055       1.25818067      -1.97677943
798          4.18010806       1.24046846      -2.00397319
799          4.21551406       1.26314084      -2.01916507
800          4.24423333       1.32225505      -2.03881230
801          4.28184432       1.35582389      -2.06187495
802          4.32480847       1.34521060      -2.06262653
803          4.35359547       1.32542799      -2.03439394
804          4.37737186       1.30211294      -2.00671884
805          4.38803891       1.26142082      -2.00314026
806          4.38012324       1.21227692      -2.01312349
807          4.34025500       1.14985022      -2.01228368
808          4.28058245       1.08968684      -2.00269875
809          4.23866557       1.04342799      -1.98710287
810          4.22875438       1.02534710      -1.95000658
811          4.23315291       1.02793867      -1.87599138
812          4.24795264       1.03035936      -1.79692007
813          4.26152342       1.01695223      -1.73369372
814          4.25206356       0.97944444      -1.69198604
815          4.22587415       0.92668029      -1.67082665
816          4.17733672       0.88631217      -1.65732860
817          4.12161577       0.87063619      -1.65681601
818          4.07159647       0.86606659      -1.66058543
819          4.05498598       0.86304110      -1.66354736
820          4.06131285       0.85886364      -1.65289938
821          4.06398665       0.84582943      -1.64455487
822          4.04894359       0.81719866      -1.66273355
823          4.03521005       0.77607332      -1.70421584
824          4.04519708       0.74953464      -1.74238094
825          4.07066219       0.73537183      -1.76354809
826          4.09817666       0.70989538      -1.77265535
827          4.10581732       0.66763432      -1.77942082
828          4.10185637       0.62290327      -1.78176690
829          4.08244868       0.59774311      -1.76336993
830          4.05461669       0.57495836      -1.72492236
831          4.03206720       0.54556181      -1.68126122
832          4.03271830       0.52032866      -1.65701690
833          4.04416706       0.52344567      -1.65602593
834          4.04972793       0.56326560      -1.66179280
835          4.05073300       0.60327373      -1.64565252
836          4.06106376       0.61302263      -1.60218874
837          4.08041843       0.59901472      -1.55990913
838          4.09520981       0.58090892      -1.52253618
839          4.11175578       0.55331072      -1.46176652
840          4.13567021       0.49628292      -1.39652089
841          4.15940779       0.43268476      -1.33606202
842          4.16704450       0.41541525      -1.31024977
843          4.15919978       0.45736481      -1.34576171
844          4.14043506       0.51735872      -1.39652742
845          4.13312591       0.54129957      -1.41116992
846          4.15039352       0.49956332      -1.38296098
847          4.18292935       0.40944621      -1.34567180
848          4.19613165       0.30866167      -1.30200002
849          4.20554479       0.24346926      -1.25016406
850          4.24241438       0.23470080      -1.19801912
851          4.30088326       0.26396813      -1.17098133
852          4.35394417       0.28829179      -1.14917492
853          4.39911080       0.28231194      -1.11088008
854          4.46538172       0.25668983      -1.05619372
855          4.55683297       0.22468369      -0.99805066
856          4.64327582       0.20403228      -0.95359768
857          4.70001688       0.20924144      -0.91396018
858          4.73766188       0.23244220      -0.86741150
859          4.77532182       0.24075484      -0.83350803
860          4.83701573       0.23521563      -0.81293855
861          4.91999894       0.22644432      -0.78496057
862          5.00208594       0.22857845      -0.73944433
863          5.07104326       0.24789510      -0.69459219
864          5.14389333       0.27075791      -0.67536084
865          5.21254914       0.27425975      -0.68983584
866          5.26153174       0.25507642      -0.71085718
867          5.27732473       0.24422748      -0.72162595
868          5.26837924       0.24733060      -0.72397338
869          5.25330584       0.25403148      -0.72895656
870          5.25504918       0.25589630      -0.74173611
871          5.28249812       0.24735496      -0.74449927
872          5.33340791       0.23522786      -0.72654407
873          5.39457038       0.23342038      -0.69055825
874          5.44792603       0.23854970      -0.64486925
875          5.48809253       0.24172946      -0.60433379
876          5.52220356       0.21237378      -0.57670975
877          5.55375027       0.15059991      -0.57378154
878          5.55237340       0.10359525      -0.59628714
879          5.53263328       0.10306690      -0.61674167
880          5.53973695       0.14181751      -0.59397268
881          5.55802530       0.18569137      -0.53611804
882          5.54258654       0.21062227      -0.48459355
883          5.52867613       0.21318015      -0.45324650
884          5.53052419       0.23525738      -0.43809502
885          5.54653700       0.26320716      -0.42279664
886          5.56519376       0.25569203      -0.41270294
887          5.57428575       0.18532433      -0.40270878
888          5.58243519       0.08879874      -0.38462265
889          5.61449751       0.04702687      -0.37482240
890          5.66258473       0.08584354      -0.38486606
891          5.69813040       0.17631140      -0.40430281
892          5.72825449       0.25103932      -0.40763490
893          5.76074402       0.30708948      -0.37887195
894          5.81135151       0.34801897      -0.31291580
895          5.86011991       0.36787283      -0.22701225
896          5.90117291       0.34408133      -0.17359136
897          5.93818122       0.29019595      -0.14798462
898          5.97822851       0.25241884      -0.11429233
899          6.01724281       0.22469915      -0.07400763
900          6.05083365       0.18597364      -0.05773012
901          6.10657917       0.14338209      -0.05758911
902          6.18623980       0.12348013      -0.03041987
903          6.26095114       0.11406887       0.02730204
904          6.30831850       0.11881161       0.08264175
905          6.35298570       0.12732340       0.13667649
906          6.41920952       0.15902657       0.18779252
907          6.50522189       0.21683491       0.22001573
908          6.56689033       0.28513256       0.23993735
909          6.58257385       0.32559475       0.26642757
910          6.58415458       0.33491160       0.31675061
911          6.58718286       0.34273004       0.36283999
912          6.58875729       0.35311684       0.38680785
913          6.58135508       0.35986436       0.39475283
914          6.58781264       0.37184088       0.39798042
915          6.60000371       0.39834421       0.39836632
916          6.62295696       0.42614452       0.39026552
917          6.64322140       0.43998546       0.38033344
918          6.65675407       0.45645529       0.35878744
919          6.64915393       0.48806994       0.34119493
920          6.62915910       0.52973130       0.31478006
921          6.60755625       0.56745009       0.27462778
922          6.59541872       0.60078581       0.22987539
923          6.60230032       0.64965124       0.18880350
924          6.60927918       0.69036808       0.14090579
925          6.61244950       0.69637305       0.08351283
926          6.59488651       0.66612267       0.02190768
927          6.59299081       0.63398805      -0.02628375
928          6.58866041       0.62301793      -0.06054838
929          6.58848586       0.61269129      -0.08117532
930          6.58528135       0.59388265      -0.10262066
931          6.58851167       0.57431179      -0.14435172
932          6.63452092       0.55179174      -0.19436681
933          6.70691631       0.51876391      -0.23112766
934          6.77946335       0.48001190      -0.23731127
935          6.82845741       0.42798510      -0.25291047
936          6.84825666       0.37299734      -0.27481770
937          6.83195985       0.34654051      -0.28204793
938          6.82374679       0.33804420      -0.27480686
939          6.84884534       0.31597745      -0.24689883
940          6.91875945       0.30953465      -0.20776229
941          7.01307299       0.33640970      -0.17072509
942          7.09301253       0.34919017      -0.16652500
943          7.16173753       0.34934919      -0.18741402
944          7.23106214       0.35495304      -0.23152111
945          7.30311585       0.35882366      -0.27588153
946          7.32849993       0.36446140      -0.31126530
947          7.30373392       0.38852989      -0.35614999
948          7.28158539       0.41626334      -0.40394964
949          7.31143999       0.42405430      -0.44857237
950          7.35586326       0.40351259      -0.48181904
951          7.36156909       0.37494036      -0.52042553
952          7.34534580       0.33851480      -0.56068987
953          7.33062804       0.28917129      -0.59621749
954          7.33166729       0.26434282      -0.60904721
955          7.32765736       0.28691153      -0.63084671
956          7.29920987       0.32945234      -0.67297809
957          7.26086431       0.36857583      -0.75447516
958          7.24469547       0.42550779      -0.85723389
959          7.25784844       0.48472647      -0.97515060
960          7.28317752       0.50498672      -1.10058688
961          7.30031919       0.46599637      -1.21471070
962          7.34224961       0.39884173      -1.31011392
963          7.41065304       0.32539027      -1.33650916
964          7.47321741       0.26905598      -1.30125308
965          7.52020576       0.24005706      -1.25605954
966          7.53028535       0.21075677      -1.26375211
967          7.51791497       0.17745800      -1.33340511
968          7.48181235       0.14689936      -1.43603571
969          7.43819528       0.15069837      -1.51655757
970          7.40046388       0.18202393      -1.55152826
971          7.40309430       0.20242947      -1.57110542
972          7.43943955       0.19208165      -1.58616814
973          7.50081557       0.17325492      -1.60201502
974          7.58631909       0.15711040      -1.62392597
975          7.67468864       0.13841914      -1.64615174
976          7.74137088       0.09580399      -1.67383627
977          7.76174336       0.03669646      -1.70004264
978          7.75478129      -0.01199605      -1.71294386
979          7.76600717      -0.03763422      -1.71951626
980          7.80886169      -0.02661812      -1.71046018
981          7.85719870       0.02130534      -1.68955387
982          7.86623873       0.08345119      -1.66761381
983          7.85491510       0.13398436      -1.65837490
984          7.83883198       0.17024969      -1.66290179
985          7.82242732       0.18614462      -1.68025270
986          7.81491196       0.17377445      -1.68449095
987          7.82116770       0.13407197      -1.66026493
988          7.81973402       0.08827047      -1.61666073
989          7.80102813       0.08534323      -1.56082133
990          7.76862925       0.13579303      -1.48879700
991          7.74092513       0.21648057      -1.40359916
992          7.74911133       0.31047545      -1.31679288
993          7.78403417       0.41834012      -1.24583797
994          7.80823880       0.50853262      -1.20981111
995          7.80356715       0.55961798      -1.20605949
996          7.80747466       0.56603422      -1.21346731
997          7.82299525       0.54967264      -1.21516749
998          7.84370741       0.53785532      -1.21265077
999          7.86760028       0.53205390      -1.19436040
1000         7.91096955       0.54813295      -1.15727862
